inputs: [1027343]/1000 samples
product                 energy   A*B=out      cfhs    chains  num 
(3797, 249, 1027343)      8.083          0     0     1     1
(3797, 249, 1027343)     10.083          0     0     1     1
(3797, 249, 1027343)     10.167          0     0     1     1
(3243, 241, 1027343)      8.083          0     0     1     6
(3243, 241, 1027343)      8.167          0     0     1     3
(3243, 241, 1027343)     10.083          0     0     1     4
(3243, 241, 1027343)     10.167          0     0     1     2
(3243, 241, 1027343)      10.25          0     0     1     1
(3243, 241, 1027343)       12.0          0     0     1     2
(3243, 241, 1027343)     12.083          0     0     1     1
(3243, 241, 1027343)      12.25          0     0     1     1
(3243, 241, 1027343)     12.333          0     0     1     1
(3243, 241, 1027343)     14.167          0     0     1     2
(3243, 241, 1027343)     16.083          0     0     1     1
(3243, 241, 1027343)     16.167          0     0     1     2
(3243, 241, 1027343)      16.25          0     0     1     1
(3243, 241, 1027343)     16.333          0     0     1     1
(3243, 241, 1027343)     18.083          0     0     1     1
(3243, 241, 1027343)     18.167          0     0     1     1
(3243, 241, 1027343)      18.25          0     0     1     1
(3243, 241, 1027343)      20.25          0     0     1     1
(3243, 241, 1027343)     22.333          0     0     1     1
(3723, 245, 1027343)       8.25          0     0     1     1
(3723, 245, 1027343)       10.0          0     0     1     1
(4021, 249, 1027343)       10.0          0     0     1     1
(4021, 249, 1027343)     10.083          0     0     1     1
(4021, 249, 1027343)     10.333          0     0     1     1
(4021, 249, 1027343)     12.083          0     0     1     1
(4021, 249, 1027343)      12.25          0     0     1     1
(3591, 249, 1027343)       10.0          0     0     1     1
(3591, 249, 1027343)     16.083          0     0     0     1
(2997, 243, 1027343)       10.0          0     0     1     1
(2997, 243, 1027343)      10.25          0     0     1     1
(2997, 243, 1027343)     12.333          0     0     1     2
(2997, 243, 1027343)     14.083          0     0     1     1
(2997, 243, 1027343)     14.167          0     0     1     1
(2997, 243, 1027343)      14.25          0     0     1     1
(2997, 243, 1027343)     14.333          0     0     1     1
(2997, 243, 1027343)      16.25          0     0     1     2
(2997, 243, 1027343)     16.333          0     0     1     1
(2997, 243, 1027343)      18.25          0     0     1     1
(2997, 243, 1027343)     18.417          0     0     1     1
(3157, 241, 1027343)       10.0          0     0     1     2
(3157, 241, 1027343)     10.083          0     0     1     2
(3157, 241, 1027343)       12.0          0     0     1     1
(3157, 241, 1027343)       14.0          0     0     1     1
(3789, 241, 1027343)       10.0          0     0     1     1
(3789, 241, 1027343)      20.25          0     0     1     1
(3723, 241, 1027343)       10.0          0     0     1     1
(3723, 241, 1027343)     10.083          0     0     1     2
(3723, 241, 1027343)     12.083          0     0     1     1
(3723, 241, 1027343)     12.167          0     0     1     2
(3723, 241, 1027343)       14.0          0     0     1     2
(3723, 241, 1027343)     16.083          0     0     1     1
(3723, 241, 1027343)     18.083          0     0     1     1
(3723, 241, 1027343)     18.167          0     0     1     1
(3723, 241, 1027343)      22.25          0     0     1     1
(3765, 249, 1027343)     10.083          0     0     1     3
(3765, 249, 1027343)     10.167          0     0     1     3
(3765, 249, 1027343)      10.25          0     0     1     2
(3765, 249, 1027343)       12.0          0     0     1     1
(3765, 249, 1027343)     12.083          0     0     1     5
(3765, 249, 1027343)     12.167          0     0     1     6
(3765, 249, 1027343)      12.25          0     0     1     3
(3765, 249, 1027343)     14.167          0     0     1     9
(3765, 249, 1027343)      14.25          0     0     1     2
(3765, 249, 1027343)     14.333          0     0     1     2
(3765, 249, 1027343)       16.0          0     0     1     1
(3765, 249, 1027343)     16.083          0     0     1     2
(3765, 249, 1027343)     16.083          0     0     0     1
(3765, 249, 1027343)     16.167          0     0     1     3
(3765, 249, 1027343)      16.25          0     0     1     1
(3765, 249, 1027343)     16.333          0     0     1     1
(3765, 249, 1027343)       18.0          0     0     1     1
(3765, 249, 1027343)     18.167          0     0     1     1
(3765, 249, 1027343)      18.25          0     0     1     2
(3765, 249, 1027343)     18.333          0     0     1     1
(3765, 249, 1027343)     18.417          0     0     1     1
(3247, 241, 1027343)     10.083          0     0     1     1
(3247, 241, 1027343)     10.167          0     0     1     2
(3247, 241, 1027343)     14.083          0     0     1     1
(3247, 241, 1027343)     14.167          0     0     1     1
(3247, 241, 1027343)      14.25          0     0     1     1
(3247, 241, 1027343)     14.333          0     0     1     1
(3247, 241, 1027343)     16.083          0     0     1     1
(3247, 241, 1027343)      16.25          0     0     1     1
(3797, 241, 1027343)     10.167          0     0     1     3
(3797, 241, 1027343)     12.083          0     0     1     1
(3797, 241, 1027343)     12.167          0     0     1     3
(3797, 241, 1027343)      12.25          0     0     1     2
(3797, 241, 1027343)     14.083          0     0     1     2
(3797, 241, 1027343)     14.167          0     0     1     1
(3797, 241, 1027343)      14.25          0     0     1     1
(3797, 241, 1027343)     16.083          0     0     0     1
(3797, 241, 1027343)     16.167          0     0     1     2
(3797, 241, 1027343)      16.25          0     0     1     3
(3797, 241, 1027343)     18.167          0     0     1     1
(3797, 241, 1027343)      20.25          0     0     1     1
(3797, 241, 1027343)      22.25          0     0     1     1
(3797, 241, 1027343)     28.417          0     0     1     1
(2997, 251, 1027343)      10.25          0     0     1     1
(3733, 211, 1027343)      10.25          0     0     1     2
(3733, 211, 1027343)     14.083          0     0     1     1
(3733, 211, 1027343)     16.167          0     0     1     1
(3733, 211, 1027343)      20.25          0     0     1     1
(3783, 121, 1027343)      10.25          0     0     1     1
(3783, 121, 1027343)      12.25          0     0     1     1
(3783, 121, 1027343)      14.25          0     0     1     1
(3783, 121, 1027343)     14.333          0     0     1     2
(3783, 121, 1027343)     14.417          0     0     1     1
(3783, 121, 1027343)     16.167          0     0     1     1
(3783, 121, 1027343)      16.25          0     0     1     1
(3783, 121, 1027343)     20.417          0     0     1     2
(3253, 249, 1027343)       12.0          0     0     1     2
(3253, 249, 1027343)     12.083          0     0     1     4
(3253, 249, 1027343)     12.167          0     0     1     6
(3253, 249, 1027343)     12.333          0     0     1     2
(3253, 249, 1027343)     14.083          0     0     1     3
(3253, 249, 1027343)     14.167          0     0     1     2
(3253, 249, 1027343)      14.25          0     0     1     1
(3253, 249, 1027343)     14.333          0     0     1     1
(3253, 249, 1027343)       16.0          0     0     1     1
(3253, 249, 1027343)     16.083          0     0     1     5
(3253, 249, 1027343)     16.167          0     0     1     5
(3253, 249, 1027343)      16.25          0     0     1     8
(3253, 249, 1027343)     16.333          0     0     1     1
(3253, 249, 1027343)     18.083          0     0     1     2
(3253, 249, 1027343)     18.167          0     0     1     3
(3253, 249, 1027343)     18.333          0     0     1     2
(3253, 249, 1027343)     20.167          0     0     1     1
(3253, 249, 1027343)     22.083          0     0     1     1
(3253, 249, 1027343)     22.167          0     0     1     2
(3253, 249, 1027343)     22.333          0     0     1     1
(2629, 243, 1027343)       12.0          0     0     1     2
(3309, 241, 1027343)       12.0          0     0     1     1
(3309, 241, 1027343)     12.083          0     0     1     1
(3309, 241, 1027343)     12.167          0     0     1     1
(3783, 249, 1027343)       12.0          0     0     1     1
(3783, 249, 1027343)     14.167          0     0     1     1
(3783, 249, 1027343)     14.333          0     0     1     1
(3783, 249, 1027343)      16.25          0     0     1     1
(3783, 249, 1027343)       18.0          0     0     1     1
(3725, 241, 1027343)       12.0          0     0     1     2
(3725, 241, 1027343)     12.083          0     0     1     1
(3725, 241, 1027343)     14.083          0     0     1     1
(3725, 241, 1027343)     16.083          0     0     1     1
(3725, 241, 1027343)     16.167          0     0     1     1
(3725, 241, 1027343)       18.0          0     0     1     1
(3725, 241, 1027343)     20.167          0     0     1     2
(3725, 241, 1027343)     22.083          0     0     1     1
(3725, 241, 1027343)     22.167          0     0     0     1
(3725, 241, 1027343)     22.333          0     0     1     1
(3759, 241, 1027343)       12.0          0     0     1     2
(3759, 241, 1027343)     12.083          0     0     1     1
(3759, 241, 1027343)     12.167          0     0     1     1
(3759, 241, 1027343)     14.167          0     0     1     1
(3759, 241, 1027343)      22.25          0     0     1     1
(3749, 253, 1027343)     12.083          0     0     1     1
(3749, 253, 1027343)     12.167          0     0     1     2
(3749, 253, 1027343)      16.25          0     0     1     1
(3749, 253, 1027343)      18.25          0     0     1     1
(3749, 253, 1027343)     22.083          0     0     1     1
(3669, 249, 1027343)     12.083          0     0     1     2
(3669, 249, 1027343)     14.167          0     0     1     1
(3767, 249, 1027343)     12.083          0     0     1     1
(3767, 249, 1027343)     12.167          0     0     1     1
(3767, 249, 1027343)      12.25          0     0     1     1
(3767, 249, 1027343)      14.25          0     0     1     1
(3767, 249, 1027343)     14.333          0     0     1     1
(3767, 249, 1027343)       16.0          0     0     1     1
(3767, 249, 1027343)     16.333          0     0     1     1
(3767, 249, 1027343)      18.25          0     0     1     1
(3767, 249, 1027343)     24.583          0     0     1     1
(2741, 243, 1027343)     12.083          0     0     1     1
(2741, 243, 1027343)       14.0          0     0     1     1
(2741, 243, 1027343)     14.417          0     0     1     1
(2741, 243, 1027343)      16.25          0     0     1     1
(3245, 241, 1027343)     12.083          0     0     1     1
(3245, 241, 1027343)     12.167          0     0     1     3
(3245, 241, 1027343)      12.25          0     0     1     3
(3245, 241, 1027343)       14.0          0     0     1     2
(3245, 241, 1027343)     14.083          0     0     1     5
(3245, 241, 1027343)     14.167          0     0     1     6
(3245, 241, 1027343)      14.25          0     0     1     2
(3245, 241, 1027343)     14.333          0     0     1     2
(3245, 241, 1027343)       16.0          0     0     1     2
(3245, 241, 1027343)     16.083          0     0     1     3
(3245, 241, 1027343)     16.167          0     0     1     8
(3245, 241, 1027343)      16.25          0     0     1     2
(3245, 241, 1027343)     18.167          0     0     1     3
(3245, 241, 1027343)      18.25          0     0     1     1
(3245, 241, 1027343)     18.333          0     0     1     1
(3245, 241, 1027343)     18.417          0     0     1     1
(3245, 241, 1027343)     20.167          0     0     1     1
(3245, 241, 1027343)      20.25          0     0     0     1
(3245, 241, 1027343)     22.167          0     0     1     1
(3245, 241, 1027343)      22.25          0     0     1     3
(3245, 241, 1027343)      24.25          0     0     1     1
(3757, 241, 1027343)     12.083          0     0     1     1
(3757, 241, 1027343)      12.25          0     0     1     1
(3757, 241, 1027343)       14.0          0     0     1     1
(3757, 241, 1027343)     14.083          0     0     1     4
(3757, 241, 1027343)     14.167          0     0     1     3
(3757, 241, 1027343)      14.25          0     0     1     1
(3757, 241, 1027343)     14.333          0     0     1     1
(3757, 241, 1027343)     16.083          0     0     1     2
(3757, 241, 1027343)     16.167          0     0     1     5
(3757, 241, 1027343)      16.25          0     0     1     4
(3757, 241, 1027343)     16.333          0     0     1     2
(3757, 241, 1027343)     18.083          0     0     1     1
(3757, 241, 1027343)     18.167          0     0     1     3
(3757, 241, 1027343)      18.25          0     0     1     2
(3757, 241, 1027343)     18.333          0     0     1     3
(3757, 241, 1027343)     20.333          0     0     1     1
(3755, 241, 1027343)     12.083          0     0     1     1
(3719, 241, 1027343)     12.083          0     0     1     1
(3719, 241, 1027343)     16.083          0     0     1     1
(3719, 241, 1027343)     16.167          0     0     1     1
(3719, 241, 1027343)       18.0          0     0     1     1
(3719, 241, 1027343)     18.083          0     0     1     1
(3719, 241, 1027343)     20.167          0     0     1     1
(3719, 249, 1027343)     12.083          0     0     1     1
(3719, 249, 1027343)      14.25          0     0     1     1
(3719, 249, 1027343)     16.167          0     0     1     1
(3255, 249, 1027343)     12.083          0     0     1     1
(3255, 249, 1027343)       20.0          0     0     0     1
(3255, 249, 1027343)      20.25          0     0     1     1
(3255, 249, 1027343)     22.167          0     0     1     1
(3277, 241, 1027343)     12.083          0     0     1     1
(3277, 241, 1027343)     16.167          0     0     1     1
(3277, 241, 1027343)      16.25          0     0     1     2
(3277, 241, 1027343)     18.167          0     0     1     1
(3277, 241, 1027343)      18.25          0     0     1     3
(2773, 249, 1027343)     12.167          0     0     1     1
(2773, 249, 1027343)     14.167          0     0     1     1
(3997, 241, 1027343)     12.167          0     0     1     1
(3801, 241, 1027343)     12.167          0     0     1     1
(3801, 241, 1027343)     18.083          0     0     1     1
(3801, 241, 1027343)      22.25          0     0     1     1
(3787, 241, 1027343)     12.167          0     0     1     1
(3787, 241, 1027343)     16.167          0     0     1     1
(3289, 113, 1027343)     12.167          0     0     1     1
(3289, 113, 1027343)     18.333          0     0     1     1
(3221, 177, 1027343)     12.167          0     0     1     1
(3221, 177, 1027343)     18.083          0     0     1     1
(3767, 245, 1027343)     12.167          0     0     1     1
(2629, 115, 1027343)     12.167          0     0     1     2
(2629, 115, 1027343)     12.333          0     0     1     1
(2629, 115, 1027343)      14.25          0     0     1     1
(2629, 115, 1027343)     18.083          0     0     1     1
(3749, 249, 1027343)      12.25          0     0     1     2
(3749, 249, 1027343)     14.167          0     0     1     2
(3749, 249, 1027343)     14.333          0     0     1     1
(3749, 249, 1027343)     16.083          0     0     1     1
(3749, 249, 1027343)      16.25          0     0     1     2
(3749, 249, 1027343)     18.083          0     0     1     1
(3749, 249, 1027343)     20.083          0     0     1     1
(3749, 249, 1027343)     20.333          0     0     1     1
(2741, 249, 1027343)      12.25          0     0     1     1
(2741, 249, 1027343)     14.083          0     0     0     1
(2741, 249, 1027343)     14.167          0     0     1     4
(2741, 249, 1027343)      14.25          0     0     1     1
(2741, 249, 1027343)       16.0          0     0     1     1
(2741, 249, 1027343)     16.083          0     0     1     3
(2741, 249, 1027343)     16.083          0     0     0     1
(2741, 249, 1027343)     16.167          0     0     1     2
(2741, 249, 1027343)     16.167          0     0     0     1
(2741, 249, 1027343)      16.25          0     0     1     5
(2741, 249, 1027343)     16.333          0     0     1     1
(2741, 249, 1027343)       16.5          0     0     1     1
(2741, 249, 1027343)     18.083          0     0     1     3
(2741, 249, 1027343)     18.167          0     0     1     3
(2741, 249, 1027343)      18.25          0     0     1     1
(2741, 249, 1027343)     18.333          0     0     0     1
(2741, 249, 1027343)       20.0          0     0     1     1
(2741, 249, 1027343)     20.333          0     0     1     1
(2741, 249, 1027343)     20.417          0     0     1     1
(2741, 249, 1027343)      22.25          0     0     1     1
(2741, 249, 1027343)     24.167          0     0     1     1
(2741, 249, 1027343)      24.25          0     0     1     1
(2741, 249, 1027343)     24.417          0     0     1     1
(2741, 249, 1027343)      26.25          0     0     1     1
(2741, 249, 1027343)      28.25          0     0     1     1
(3237, 247, 1027343)      12.25          0     0     1     1
(3279, 61, 1027343)       12.25          0     0     1     1
(3279, 61, 1027343)       16.25          0     0     1     1
(4071, 241, 1027343)     12.333          0     0     1     1
(4071, 241, 1027343)     14.167          0     0     0     1
(3301, 249, 1027343)       14.0          0     0     1     2
(3301, 249, 1027343)     14.083          0     0     1     5
(3301, 249, 1027343)     14.167          0     0     1     5
(3301, 249, 1027343)      14.25          0     0     1     3
(3301, 249, 1027343)     14.333          0     0     1     1
(3301, 249, 1027343)     16.083          0     0     1     2
(3301, 249, 1027343)     16.167          0     0     1     2
(3301, 249, 1027343)      16.25          0     0     1     1
(3301, 249, 1027343)     16.333          0     0     1     3
(3301, 249, 1027343)       18.0          0     0     1     1
(3301, 249, 1027343)     18.083          0     0     1     2
(3301, 249, 1027343)     18.167          0     0     1     4
(3301, 249, 1027343)      18.25          0     0     1     2
(3301, 249, 1027343)     18.417          0     0     1     2
(3301, 249, 1027343)       20.0          0     0     1     1
(3301, 249, 1027343)     20.167          0     0     1     1
(3301, 249, 1027343)     20.333          0     0     1     1
(3301, 249, 1027343)     22.417          0     0     1     2
(3301, 249, 1027343)       22.5          0     0     1     1
(3301, 249, 1027343)      26.25          0     0     1     1
(3717, 241, 1027343)       14.0          0     0     1     1
(3717, 241, 1027343)     18.083          0     0     1     1
(3717, 241, 1027343)     18.167          0     0     1     1
(3717, 241, 1027343)      22.25          0     0     1     2
(3717, 241, 1027343)     26.083          0     0     1     1
(3717, 241, 1027343)     26.417          0     0     1     1
(3741, 241, 1027343)       14.0          0     0     1     1
(3749, 209, 1027343)       14.0          0     0     1     1
(3749, 209, 1027343)     16.167          0     0     1     1
(3749, 209, 1027343)      18.25          0     0     1     2
(3721, 241, 1027343)       14.0          0     0     1     2
(3721, 241, 1027343)     20.417          0     0     1     1
(3301, 253, 1027343)     14.083          0     0     1     1
(3301, 253, 1027343)     14.167          0     0     1     1
(3301, 253, 1027343)      14.25          0     0     1     1
(3301, 253, 1027343)     16.167          0     0     1     1
(3301, 253, 1027343)     20.083          0     0     0     1
(3245, 245, 1027343)     14.083          0     0     1     1
(3245, 245, 1027343)      18.25          0     0     1     1
(3229, 241, 1027343)     14.083          0     0     1     1
(3229, 241, 1027343)     14.167          0     0     1     2
(3229, 241, 1027343)      14.25          0     0     1     1
(3229, 241, 1027343)     18.083          0     0     1     2
(3229, 241, 1027343)     18.167          0     0     1     2
(3229, 241, 1027343)      18.25          0     0     1     1
(3229, 241, 1027343)       20.0          0     0     1     1
(3229, 241, 1027343)     22.167          0     0     1     1
(3229, 241, 1027343)     22.333          0     0     1     1
(2693, 243, 1027343)     14.083          0     0     1     1
(3981, 241, 1027343)     14.083          0     0     1     1
(3981, 241, 1027343)     14.167          0     0     1     1
(3981, 241, 1027343)     16.083          0     0     1     2
(3981, 241, 1027343)      20.25          0     0     1     1
(3973, 243, 1027343)     14.083          0     0     1     1
(3251, 241, 1027343)     14.083          0     0     1     1
(3251, 241, 1027343)     14.167          0     0     1     1
(3251, 241, 1027343)     16.333          0     0     1     1
(3251, 241, 1027343)       22.0          0     0     1     1
(3251, 241, 1027343)      22.25          0     0     1     1
(3655, 121, 1027343)     14.083          0     0     1     2
(3655, 121, 1027343)     14.167          0     0     1     1
(3721, 177, 1027343)     14.083          0     0     1     1
(3721, 177, 1027343)     14.167          0     0     1     1
(3269, 209, 1027343)     14.083          0     0     1     1
(3269, 209, 1027343)     14.167          0     0     1     1
(3269, 209, 1027343)     16.083          0     0     1     1
(3733, 113, 1027343)     14.083          0     0     1     1
(2725, 249, 1027343)     14.167          0     0     0     2
(2725, 249, 1027343)      14.25          0     0     1     1
(2725, 249, 1027343)     16.167          0     0     1     1
(2725, 249, 1027343)      16.25          0     0     1     1
(2725, 249, 1027343)      18.25          0     0     1     1
(2725, 249, 1027343)     24.167          0     0     1     1
(2725, 253, 1027343)     14.167          0     0     1     1
(2725, 253, 1027343)      14.25          0     0     1     1
(2733, 245, 1027343)     14.167          0     0     1     1
(2733, 245, 1027343)     16.167          0     0     0     1
(2773, 241, 1027343)     14.167          0     0     1     2
(2773, 241, 1027343)      16.25          0     0     1     1
(2773, 241, 1027343)     16.417          0     0     1     1
(2773, 241, 1027343)     18.167          0     0     1     1
(2773, 241, 1027343)      22.25          0     0     1     1
(3271, 249, 1027343)     14.167          0     0     1     1
(3271, 249, 1027343)     18.083          0     0     1     1
(2733, 241, 1027343)     14.167          0     0     1     1
(2733, 241, 1027343)      14.25          0     0     1     2
(2733, 241, 1027343)     20.083          0     0     1     1
(2733, 241, 1027343)      20.25          0     0     1     1
(2733, 241, 1027343)     22.167          0     0     0     1
(3751, 253, 1027343)     14.167          0     0     1     1
(3751, 253, 1027343)      14.25          0     0     1     1
(3751, 253, 1027343)     16.083          0     0     1     2
(3751, 253, 1027343)      16.25          0     0     1     1
(3751, 253, 1027343)     18.167          0     0     1     1
(3751, 253, 1027343)       20.0          0     0     1     1
(3751, 253, 1027343)     20.167          0     0     0     1
(3751, 253, 1027343)     22.167          0     0     1     1
(3757, 237, 1027343)     14.167          0     0     1     1
(3757, 225, 1027343)     14.167          0     0     1     1
(3757, 225, 1027343)      14.25          0     0     1     1
(3757, 225, 1027343)     14.417          0     0     1     1
(3757, 225, 1027343)     16.167          0     0     1     1
(3757, 225, 1027343)     16.333          0     0     1     2
(3757, 225, 1027343)     18.333          0     0     1     1
(3765, 241, 1027343)     14.167          0     0     1     1
(3765, 241, 1027343)     14.333          0     0     1     1
(3765, 241, 1027343)     16.083          0     0     1     1
(3765, 241, 1027343)      16.25          0     0     1     1
(3765, 241, 1027343)     18.083          0     0     1     1
(3765, 241, 1027343)     18.167          0     0     1     1
(3765, 241, 1027343)      18.25          0     0     1     1
(3765, 241, 1027343)     20.083          0     0     1     1
(3765, 241, 1027343)     20.167          0     0     1     2
(3765, 241, 1027343)      20.25          0     0     1     2
(3765, 241, 1027343)     20.333          0     0     1     1
(3765, 241, 1027343)     20.417          0     0     1     2
(3765, 241, 1027343)       22.0          0     0     1     1
(3765, 241, 1027343)      22.25          0     0     1     1
(2997, 241, 1027343)     14.167          0     0     1     1
(2997, 241, 1027343)     16.167          0     0     1     1
(2997, 241, 1027343)     18.083          0     0     1     1
(2997, 241, 1027343)     20.167          0     0     1     1
(3651, 121, 1027343)     14.167          0     0     1     1
(3651, 121, 1027343)     16.167          0     0     1     1
(3651, 121, 1027343)     18.333          0     0     1     1
(3303, 241, 1027343)     14.167          0     0     1     1
(3303, 241, 1027343)     16.167          0     0     1     1
(3303, 241, 1027343)     18.083          0     0     1     1
(3303, 241, 1027343)     22.167          0     0     1     1
(3797, 243, 1027343)     14.167          0     0     1     1
(3749, 185, 1027343)     14.167          0     0     1     1
(3749, 185, 1027343)      18.25          0     0     1     1
(3749, 185, 1027343)     26.333          0     0     1     1
(3253, 177, 1027343)     14.167          0     0     1     2
(3621, 209, 1027343)     14.167          0     0     1     1
(3621, 185, 1027343)     14.167          0     0     1     1
(3621, 185, 1027343)     16.333          0     0     1     1
(3269, 245, 1027343)      14.25          0     0     1     1
(2229, 249, 1027343)      14.25          0     0     1     1
(2229, 249, 1027343)     16.083          0     0     1     2
(2229, 249, 1027343)      16.25          0     0     1     2
(2229, 249, 1027343)     18.167          0     0     0     1
(2229, 249, 1027343)       20.0          0     0     1     1
(2229, 249, 1027343)     20.167          0     0     1     1
(2229, 249, 1027343)     20.333          0     0     1     1
(2229, 249, 1027343)     22.167          0     0     1     1
(2229, 249, 1027343)     24.083          0     0     0     1
(3301, 243, 1027343)      14.25          0     0     1     1
(3301, 243, 1027343)     24.583          0     0     1     1
(3749, 251, 1027343)      14.25          0     0     1     1
(2743, 249, 1027343)      14.25          0     0     1     1
(2743, 249, 1027343)     14.333          0     0     1     1
(2743, 249, 1027343)     16.167          0     0     1     1
(2743, 249, 1027343)      18.25          0     0     1     1
(2743, 249, 1027343)     20.333          0     0     1     1
(2743, 249, 1027343)       20.5          0     0     1     1
(2743, 249, 1027343)      22.25          0     0     1     1
(2229, 243, 1027343)      14.25          0     0     1     1
(3245, 243, 1027343)      14.25          0     0     1     1
(3245, 243, 1027343)     14.333          0     0     1     1
(4053, 241, 1027343)      14.25          0     0     1     1
(4053, 241, 1027343)     16.167          0     0     1     1
(3279, 253, 1027343)      14.25          0     0     1     1
(2735, 241, 1027343)      14.25          0     0     1     2
(2735, 241, 1027343)     14.333          0     0     1     1
(2735, 241, 1027343)       22.5          0     0     1     1
(2743, 241, 1027343)      14.25          0     0     1     1
(2743, 241, 1027343)     16.333          0     0     1     1
(3621, 179, 1027343)      14.25          0     0     1     1
(4013, 243, 1027343)     14.333          0     0     1     1
(3311, 241, 1027343)     14.333          0     0     1     1
(3311, 241, 1027343)      20.25          0     0     1     1
(3815, 121, 1027343)     14.333          0     0     1     1
(3303, 249, 1027343)     14.417          0     0     1     1
(3303, 249, 1027343)       14.5          0     0     1     1
(3303, 249, 1027343)     24.417          0     0     1     1
(3749, 179, 1027343)     14.417          0     0     1     1
(3749, 179, 1027343)     16.417          0     0     1     1
(3237, 243, 1027343)     16.083          0     0     1     1
(3237, 243, 1027343)     16.167          0     0     1     1
(3237, 243, 1027343)     22.333          0     0     1     1
(3237, 243, 1027343)      26.25          0     0     1     1
(3101, 241, 1027343)     16.083          0     0     1     1
(3101, 241, 1027343)     20.333          0     0     1     1
(3109, 241, 1027343)     16.083          0     0     1     1
(3749, 241, 1027343)     16.083          0     0     1     2
(3749, 241, 1027343)     18.083          0     0     1     1
(3749, 241, 1027343)     18.333          0     0     1     1
(3749, 241, 1027343)       20.0          0     0     1     1
(3749, 241, 1027343)     20.333          0     0     1     1
(3749, 241, 1027343)       22.0          0     0     1     1
(3749, 241, 1027343)     22.333          0     0     1     1
(3509, 249, 1027343)     16.083          0     0     1     1
(3765, 185, 1027343)     16.083          0     0     1     1
(3213, 241, 1027343)     16.083          0     0     1     1
(3213, 241, 1027343)      18.25          0     0     0     1
(3213, 241, 1027343)     20.083          0     0     1     1
(3213, 241, 1027343)     24.167          0     0     0     1
(3107, 241, 1027343)     16.083          0     0     1     1
(3107, 241, 1027343)     22.167          0     0     1     1
(2763, 241, 1027343)     16.083          0     0     1     1
(2743, 245, 1027343)     16.083          0     0     1     1
(2743, 245, 1027343)     22.167          0     0     1     1
(3717, 209, 1027343)     16.083          0     0     1     1
(3717, 209, 1027343)     18.167          0     0     1     1
(3269, 249, 1027343)     16.167          0     0     1     1
(3205, 241, 1027343)     16.167          0     0     1     1
(3205, 241, 1027343)     18.083          0     0     1     1
(3205, 241, 1027343)      20.25          0     0     1     1
(3237, 253, 1027343)     16.167          0     0     1     1
(3591, 121, 1027343)     16.167          0     0     1     1
(3317, 249, 1027343)     16.167          0     0     1     1
(3317, 249, 1027343)     22.583          0     0     1     1
(3239, 253, 1027343)     16.167          0     0     1     1
(3239, 253, 1027343)      18.25          0     0     1     1
(3239, 253, 1027343)      20.25          0     0     1     1
(3239, 253, 1027343)     28.167          0     0     0     1
(3759, 249, 1027343)     16.167          0     0     1     1
(3285, 249, 1027343)     16.167          0     0     1     1
(3253, 241, 1027343)     16.167          0     0     1     1
(3253, 241, 1027343)     18.167          0     0     1     2
(3253, 241, 1027343)      18.25          0     0     1     1
(3253, 241, 1027343)     18.333          0     0     1     1
(3253, 241, 1027343)     20.083          0     0     1     1
(3253, 241, 1027343)     20.167          0     0     1     1
(3253, 241, 1027343)     20.417          0     0     1     1
(3253, 241, 1027343)     24.417          0     0     1     1
(3669, 241, 1027343)     16.167          0     0     1     1
(3285, 241, 1027343)     16.167          0     0     1     1
(3285, 241, 1027343)     18.417          0     0     1     1
(3285, 241, 1027343)      20.25          0     0     1     1
(2701, 241, 1027343)     16.167          0     0     1     1
(2701, 241, 1027343)     22.417          0     0     1     1
(3751, 241, 1027343)     16.167          0     0     1     1
(3751, 241, 1027343)     20.167          0     0     1     1
(3209, 241, 1027343)     16.167          0     0     1     1
(3727, 241, 1027343)     16.167          0     0     1     1
(3215, 241, 1027343)     16.167          0     0     1     1
(3215, 241, 1027343)     18.083          0     0     1     1
(3215, 241, 1027343)     18.167          0     0     1     1
(3621, 187, 1027343)     16.167          0     0     1     1
(3621, 187, 1027343)      16.25          0     0     1     1
(3621, 187, 1027343)     16.333          0     0     1     1
(3621, 187, 1027343)      18.25          0     0     1     1
(3653, 209, 1027343)     16.167          0     0     1     1
(2629, 123, 1027343)     16.167          0     0     1     1
(3989, 249, 1027343)      16.25          0     0     1     1
(4005, 241, 1027343)      16.25          0     0     1     1
(3125, 249, 1027343)      16.25          0     0     1     1
(3533, 241, 1027343)      16.25          0     0     1     1
(3533, 241, 1027343)      22.25          0     0     1     1
(3989, 241, 1027343)      16.25          0     0     1     1
(3989, 241, 1027343)     18.083          0     0     1     1
(2221, 241, 1027343)      16.25          0     0     0     1
(2221, 241, 1027343)     18.083          0     0     1     1
(2221, 241, 1027343)     24.417          0     0     1     1
(3727, 113, 1027343)      16.25          0     0     1     1
(2757, 245, 1027343)      16.25          0     0     1     1
(3801, 113, 1027343)      16.25          0     0     1     1
(3801, 113, 1027343)     18.417          0     0     1     1
(2741, 253, 1027343)     16.333          0     0     1     1
(2741, 253, 1027343)      20.25          0     0     1     1
(2997, 249, 1027343)     16.333          0     0     1     1
(3719, 185, 1027343)     16.333          0     0     1     1
(3719, 185, 1027343)     22.167          0     0     1     1
(3301, 233, 1027343)     16.333          0     0     1     1
(3495, 253, 1027343)     16.333          0     0     1     1
(3495, 253, 1027343)      20.25          0     0     1     1
(3765, 243, 1027343)     16.417          0     0     1     1
(3765, 243, 1027343)     18.333          0     0     1     1
(3269, 241, 1027343)       18.0          0     0     1     1
(3269, 241, 1027343)     26.083          0     0     0     1
(3493, 245, 1027343)       18.0          0     0     1     1
(3239, 241, 1027343)     18.083          0     0     1     1
(3237, 209, 1027343)     18.083          0     0     1     1
(3237, 209, 1027343)     18.167          0     0     1     1
(3237, 209, 1027343)     20.167          0     0     1     2
(3237, 209, 1027343)     22.083          0     0     1     1
(3237, 209, 1027343)      22.25          0     0     1     2
(3237, 209, 1027343)     24.333          0     0     1     1
(3221, 241, 1027343)     18.083          0     0     1     1
(3221, 241, 1027343)     20.167          0     0     1     1
(3221, 241, 1027343)     20.333          0     0     1     1
(3221, 241, 1027343)     22.083          0     0     1     1
(3221, 241, 1027343)       26.0          0     0     1     1
(3717, 113, 1027343)     18.083          0     0     1     1
(3717, 113, 1027343)     18.333          0     0     1     1
(3725, 113, 1027343)     18.083          0     0     1     1
(3725, 113, 1027343)      18.25          0     0     1     1
(3245, 249, 1027343)     18.167          0     0     1     1
(3125, 241, 1027343)     18.167          0     0     1     1
(3125, 241, 1027343)     22.417          0     0     1     1
(3125, 241, 1027343)     26.333          0     0     1     1
(3301, 241, 1027343)     18.167          0     0     1     1
(3301, 241, 1027343)      18.25          0     0     1     2
(3301, 241, 1027343)     18.333          0     0     1     1
(3301, 241, 1027343)     18.417          0     0     1     1
(3301, 241, 1027343)     20.083          0     0     1     1
(3301, 241, 1027343)     20.167          0     0     1     1
(3301, 241, 1027343)      20.25          0     0     1     1
(3301, 241, 1027343)     22.167          0     0     1     1
(3301, 241, 1027343)      22.25          0     0     1     1
(3301, 241, 1027343)     22.333          0     0     1     2
(3301, 241, 1027343)     22.417          0     0     1     1
(3301, 241, 1027343)     26.333          0     0     1     1
(3281, 241, 1027343)     18.167          0     0     1     1
(3801, 249, 1027343)     18.167          0     0     1     1
(3751, 185, 1027343)     18.167          0     0     1     1
(3751, 185, 1027343)     24.167          0     0     1     1
(3243, 249, 1027343)     18.167          0     0     1     1
(2701, 177, 1027343)     18.167          0     0     0     1
(2701, 177, 1027343)     18.333          0     0     1     1
(2701, 177, 1027343)     22.417          0     0     1     1
(3103, 113, 1027343)     18.167          0     0     1     1
(2725, 245, 1027343)      18.25          0     0     1     1
(2725, 245, 1027343)     26.333          0     0     1     1
(3237, 249, 1027343)      18.25          0     0     1     1
(3237, 249, 1027343)     20.167          0     0     1     1
(2277, 243, 1027343)      18.25          0     0     1     1
(4013, 245, 1027343)      18.25          0     0     1     1
(3803, 249, 1027343)      18.25          0     0     1     1
(3759, 245, 1027343)      18.25          0     0     1     1
(3815, 241, 1027343)      18.25          0     0     1     1
(3815, 241, 1027343)     22.417          0     0     1     1
(3815, 241, 1027343)     24.333          0     0     1     1
(3767, 117, 1027343)      18.25          0     0     1     1
(3723, 113, 1027343)      18.25          0     0     1     1
(3127, 209, 1027343)      18.25          0     0     1     1
(3725, 177, 1027343)      18.25          0     0     1     1
(3725, 177, 1027343)     22.333          0     0     1     1
(3725, 177, 1027343)       22.5          0     0     1     1
(3725, 177, 1027343)     24.333          0     0     1     1
(3725, 177, 1027343)     30.583          0     0     0     1
(3101, 49, 1027343)       18.25          0     0     1     1
(3757, 177, 1027343)      18.25          0     0     1     1
(3757, 177, 1027343)     18.333          0     0     1     2
(3757, 177, 1027343)     22.583          0     0     1     1
(3757, 177, 1027343)       24.5          0     0     1     1
(2231, 249, 1027343)     18.333          0     0     1     1
(2231, 249, 1027343)     20.167          0     0     1     1
(3239, 249, 1027343)     18.333          0     0     1     1
(4013, 225, 1027343)     18.333          0     0     1     1
(3309, 209, 1027343)     18.333          0     0     1     1
(3279, 57, 1027343)      18.333          0     0     1     1
(3819, 241, 1027343)     18.417          0     0     1     1
(2741, 241, 1027343)     18.417          0     0     1     1
(2741, 241, 1027343)      20.25          0     0     1     1
(2741, 241, 1027343)     24.333          0     0     1     1
(2741, 241, 1027343)     24.417          0     0     1     1
(2741, 241, 1027343)     26.333          0     0     1     1
(2741, 241, 1027343)       26.5          0     0     1     1
(3277, 61, 1027343)      18.417          0     0     1     1
(3589, 209, 1027343)       20.0          0     0     1     1
(3764, 249, 1027343)     20.083          0     0     0     1
(3207, 241, 1027343)     20.083          0     0     1     1
(3085, 241, 1027343)     20.083          0     0     1     2
(3085, 241, 1027343)      20.25          0     0     1     1
(3300, 249, 1027343)     20.083          0     0     1     1
(3300, 249, 1027343)     24.417          0     0     1     1
(2725, 243, 1027343)     20.083          0     0     1     1
(3249, 241, 1027343)     20.083          0     0     1     1
(3249, 241, 1027343)      20.25          0     0     1     1
(3249, 241, 1027343)     22.083          0     0     1     1
(2277, 241, 1027343)     20.167          0     0     1     1
(3783, 255, 1027343)     20.167          0     0     1     1
(3757, 233, 1027343)     20.167          0     0     1     1
(3757, 233, 1027343)     24.333          0     0     1     1
(3749, 245, 1027343)     20.167          0     0     1     1
(2229, 185, 1027343)     20.167          0     0     1     1
(3097, 241, 1027343)     20.167          0     0     1     1
(3733, 241, 1027343)     20.167          0     0     1     1
(3733, 241, 1027343)      20.25          0     0     1     1
(3205, 209, 1027343)     20.167          0     0     1     1
(3205, 209, 1027343)      22.25          0     0     1     1
(3205, 209, 1027343)     24.167          0     0     1     1
(3205, 209, 1027343)     26.167          0     0     1     1
(3205, 209, 1027343)      28.25          0     0     1     1
(3717, 177, 1027343)     20.167          0     0     1     1
(3815, 245, 1027343)     20.167          0     0     1     1
(3751, 189, 1027343)     20.167          0     0     0     1
(2245, 209, 1027343)     20.167          0     0     0     1
(3303, 253, 1027343)      20.25          0     0     1     1
(3237, 245, 1027343)      20.25          0     0     1     1
(3237, 245, 1027343)      22.25          0     0     1     1
(3237, 245, 1027343)       26.5          0     0     1     1
(2981, 241, 1027343)      20.25          0     0     1     1
(2981, 241, 1027343)     20.333          0     0     1     1
(4021, 241, 1027343)      20.25          0     0     1     1
(3781, 241, 1027343)      20.25          0     0     1     1
(3781, 241, 1027343)     22.167          0     0     1     1
(2727, 241, 1027343)      20.25          0     0     1     1
(3781, 209, 1027343)      20.25          0     0     1     1
(3737, 113, 1027343)      20.25          0     0     1     1
(3207, 225, 1027343)      20.25          0     0     1     1
(3811, 241, 1027343)      20.25          0     0     1     1
(3811, 241, 1027343)     22.083          0     0     1     1
(3749, 217, 1027343)      20.25          0     0     1     1
(2751, 125, 1027343)      20.25          0     0     1     1
(2751, 125, 1027343)      22.25          0     0     1     1
(3255, 241, 1027343)     20.333          0     0     1     1
(3255, 241, 1027343)     24.333          0     0     1     1
(3749, 177, 1027343)     20.333          0     0     1     2
(3749, 177, 1027343)       24.5          0     0     1     1
(3733, 243, 1027343)     20.417          0     0     1     1
(4053, 243, 1027343)     20.417          0     0     1     1
(2277, 121, 1027343)     20.417          0     0     1     1
(3781, 113, 1027343)     20.417          0     0     1     1
(3781, 113, 1027343)     24.417          0     0     1     1
(2751, 121, 1027343)       20.5          0     0     1     2
(2759, 225, 1027343)     22.083          0     0     0     1
(3093, 241, 1027343)     22.083          0     0     1     1
(3591, 241, 1027343)     22.083          0     0     1     1
(3105, 177, 1027343)     22.083          0     0     1     1
(3105, 177, 1027343)     22.167          0     0     1     1
(3111, 241, 1027343)     22.083          0     0     1     1
(3301, 245, 1027343)     22.167          0     0     1     1
(3301, 245, 1027343)     22.333          0     0     1     1
(2699, 241, 1027343)     22.167          0     0     1     1
(3715, 241, 1027343)     22.167          0     0     1     1
(3079, 225, 1027343)     22.167          0     0     1     1
(3079, 225, 1027343)      26.25          0     0     1     1
(3751, 249, 1027343)      22.25          0     0     1     1
(3751, 249, 1027343)     22.333          0     0     1     1
(3591, 225, 1027343)      22.25          0     0     1     1
(4007, 241, 1027343)      22.25          0     0     1     1
(3135, 209, 1027343)      22.25          0     0     1     1
(3213, 81, 1027343)       22.25          0     0     1     1
(3101, 113, 1027343)      22.25          0     0     1     1
(3751, 125, 1027343)      22.25          0     0     1     1
(3767, 189, 1027343)      22.25          0     0     1     1
(3697, 97, 1027343)       22.25          0     0     1     1
(3759, 253, 1027343)     22.333          0     0     1     1
(3765, 217, 1027343)     22.333          0     0     1     1
(3237, 225, 1027343)     22.333          0     0     1     1
(3279, 241, 1027343)     22.333          0     0     1     1
(2745, 113, 1027343)     22.333          0     0     1     1
(2745, 113, 1027343)     30.333          0     0     1     1
(3315, 113, 1027343)     22.333          0     0     1     1
(2675, 97, 1027343)      22.333          0     0     1     1
(2725, 241, 1027343)     22.417          0     0     0     1
(2213, 243, 1027343)     22.417          0     0     1     1
(2213, 243, 1027343)     24.583          0     0     1     1
(2239, 113, 1027343)     22.417          0     0     1     1
(2239, 113, 1027343)       22.5          0     0     1     1
(3783, 115, 1027343)     22.417          0     0     1     1
(3749, 181, 1027343)     22.417          0     0     1     1
(3255, 245, 1027343)       22.5          0     0     1     1
(2751, 113, 1027343)       22.5          0     0     1     1
(3973, 241, 1027343)       24.0          0     0     1     1
(3233, 241, 1027343)     24.167          0     0     1     1
(3107, 177, 1027343)     24.167          0     0     1     1
(3213, 209, 1027343)     24.167          0     0     1     1
(3637, 113, 1027343)     24.167          0     0     1     1
(3237, 241, 1027343)      24.25          0     0     1     1
(3237, 241, 1027343)      30.25          0     0     1     1
(3237, 241, 1027343)     30.333          0     0     1     1
(2229, 241, 1027343)      24.25          0     0     1     1
(3735, 241, 1027343)      24.25          0     0     1     1
(3733, 209, 1027343)      24.25          0     0     1     1
(3281, 113, 1027343)      24.25          0     0     1     1
(3061, 251, 1027343)     24.333          0     0     0     1
(2999, 249, 1027343)     24.333          0     0     1     1
(3893, 243, 1027343)     24.333          0     0     1     1
(2239, 117, 1027343)     24.333          0     0     1     1
(2713, 113, 1027343)     24.333          0     0     1     1
(2725, 255, 1027343)     24.417          0     0     1     1
(3629, 177, 1027343)       24.5          0     0     1     1
(3721, 113, 1027343)       24.5          0     0     1     1
(3187, 241, 1027343)     24.583          0     0     1     1
(3277, 113, 1027343)     24.583          0     0     1     1
(2277, 249, 1027343)     26.083          0     0     1     1
(2277, 249, 1027343)     26.333          0     0     1     1
(2239, 121, 1027343)     26.083          0     0     0     1
(3736, 121, 1027343)     26.167          0     0     1     1
(3209, 113, 1027343)      26.25          0     0     1     1
(3301, 251, 1027343)     26.333          0     0     1     1
(3321, 113, 1027343)     26.333          0     0     1     1
(3323, 121, 1027343)     26.333          0     0     1     1
(3737, 121, 1027343)     26.417          0     0     1     1
(3261, 241, 1027343)     28.333          0     0     1     1
(3235, 241, 1027343)     28.333          0     0     1     1
(3511, 249, 1027343)      30.25          0     0     0     1
(3725, 249, 1027343)     30.333          0     0     1     1
(3717, 185, 1027343)     30.333          0     0     1     1
(3651, 113, 1027343)     30.417          0     0     1     1
(3085, 113, 1027343)       30.5          0     0     1     1
