inputs: 59989/1000 samples
                      [output]   [energy]  [A*B=out] [truth of cfas] [truth of chains]      [num]
             (235, 255, 59989)        6.0          0               0               1          1
             (249, 253, 59989)        6.0          0               0               1          1
             (249, 253, 59989)     14.167          0               0               1          1
             (249, 253, 59989)     20.583          0               0               1          1
             (179, 255, 59989)        6.0          0               0               1          1
             (179, 255, 59989)       16.0          0               0               0          1
             (179, 255, 59989)       16.0          0               0               1          2
             (179, 255, 59989)     18.083          0               0               1          2
             (179, 255, 59989)       20.0          0               0               0          1
             (179, 255, 59989)     21.125          0               0               1          1
             (179, 255, 59989)     22.167          0               0               1          1
             (217, 253, 59989)        6.0          0               0               0          1
             (217, 253, 59989)        6.0          0               0               1          1
             (217, 253, 59989)      8.083          0               0               1          1
             (217, 253, 59989)       10.0          0               0               1          2
             (217, 253, 59989)       12.0          0               0               1          2
             (217, 253, 59989)     12.083          0               0               1          1
             (217, 253, 59989)       22.0          0               0               1          1
             (217, 253, 59989)      24.25          0               0               1          1
             (171, 255, 59989)        6.0          0               0               1          1
             (171, 255, 59989)     10.083          0               0               1          1
             (171, 255, 59989)       18.0          0               0               0          1
             (245, 247, 59989)      7.917          0               0               1          1
             (245, 247, 59989)       12.0          0               0               1          1
             (245, 247, 59989)       14.0          0               0               1          2
             (245, 247, 59989)     18.083          0               0               1          1
             (245, 247, 59989)     18.958          0               0               1          1
             (245, 247, 59989)     22.958          0               0               1          1
             (243, 255, 59989)        8.0          0               0               1          1
             (243, 255, 59989)       12.0          0               0               1          1
             (243, 255, 59989)       14.0          0               0               1          1
             (243, 255, 59989)     16.083          0               0               1          1
             (243, 255, 59989)     16.167          0               0               1          1
             (243, 255, 59989)     18.958          0               0               1          1
             (231, 255, 59989)        8.0          0               0               1          1
             (231, 255, 59989)     22.958          0               0               1          1
             (211, 255, 59989)        8.0          0               0               1          2
             (211, 255, 59989)     11.042          0               0               1          1
             (211, 255, 59989)     12.167          0               0               1          1
             (211, 255, 59989)       14.0          0               0               1          2
             (211, 255, 59989)     14.083          0               0               1          1
             (211, 255, 59989)       16.0          0               0               0          1
             (211, 255, 59989)       16.0          0               0               1          4
             (211, 255, 59989)     16.083          0               0               1          1
             (211, 255, 59989)     17.125          0               0               1          1
             (211, 255, 59989)       18.0          0               0               0          2
             (211, 255, 59989)       18.0          0               0               1          3
             (211, 255, 59989)     18.083          0               0               1          2
             (211, 255, 59989)       20.0          0               0               1          2
             (211, 255, 59989)     20.167          0               0               1          1
             (211, 255, 59989)     22.083          0               0               1          1
             (211, 255, 59989)     22.167          0               0               1          1
             (211, 255, 59989)     24.083          0               0               1          1
             (211, 255, 59989)     24.167          0               0               1          1
             (211, 255, 59989)     24.958          0               0               1          1
             (211, 255, 59989)     26.167          0               0               1          1
             (247, 245, 59989)        8.0          0               0               1          1
             (247, 245, 59989)       18.0          0               0               1          1
             (221, 253, 59989)        8.0          0               0               1          1
             (221, 253, 59989)     10.167          0               0               1          1
             (221, 253, 59989)       12.0          0               0               1          1
             (221, 253, 59989)     13.833          0               0               1          1
             (221, 253, 59989)       14.0          0               0               1          1
             (221, 253, 59989)     15.292          0               0               1          1
             (221, 253, 59989)       18.0          0               0               1          1
             (221, 253, 59989)     19.208          0               0               1          1
             (221, 253, 59989)     20.958          0               0               1          1
             (221, 253, 59989)     21.042          0               0               1          1
             (221, 253, 59989)     23.208          0               0               1          1
             (221, 253, 59989)     24.083          0               0               1          1
             (227, 255, 59989)        8.0          0               0               1          1
             (247, 247, 59989)      8.083          0               0               1          1
             (247, 247, 59989)       10.0          0               0               1          1
             (247, 247, 59989)       12.0          0               0               1          1
             (247, 247, 59989)       16.0          0               0               0          1
             (247, 247, 59989)     17.458          0               0               1          1
             (247, 247, 59989)     21.292          0               0               1          1
             (215, 243, 59989)      8.083          0               0               1          1
             (215, 243, 59989)     12.083          0               0               1          1
             (185, 253, 59989)      8.083          0               0               1          1
             (221, 237, 59989)      8.958          0               0               1          1
             (221, 237, 59989)     21.833          0               0               0          1
             (221, 237, 59989)     24.167          0               0               1          1
             (237, 253, 59989)      9.042          0               0               1          1
             (237, 253, 59989)     13.042          0               0               1          1
             (221, 255, 59989)       10.0          0               0               1          2
             (221, 255, 59989)     10.083          0               0               1          1
             (221, 255, 59989)       12.0          0               0               1          1
             (221, 255, 59989)       14.0          0               0               1          2
             (221, 255, 59989)     14.958          0               0               1          1
             (221, 255, 59989)     15.125          0               0               1          1
             (221, 255, 59989)       16.0          0               0               1          2
             (221, 255, 59989)     16.083          0               0               1          1
             (221, 255, 59989)     16.167          0               0               1          1
             (221, 255, 59989)     17.042          0               0               1          2
             (221, 255, 59989)     17.125          0               0               1          2
             (221, 255, 59989)       18.0          0               0               1          1
             (221, 255, 59989)     18.083          0               0               1          1
             (221, 255, 59989)     19.375          0               0               1          1
             (221, 255, 59989)       20.0          0               0               1          2
             (221, 255, 59989)       20.0          0               0               0          1
             (221, 255, 59989)     20.083          0               0               1          2
             (221, 255, 59989)     20.167          0               0               1          1
             (221, 255, 59989)      20.25          0               0               1          2
             (221, 255, 59989)     21.042          0               0               1          1
             (221, 255, 59989)     21.375          0               0               1          1
             (221, 255, 59989)     22.083          0               0               1          1
             (221, 255, 59989)     23.125          0               0               1          1
             (221, 255, 59989)     24.083          0               0               1          1
             (221, 255, 59989)     25.042          0               0               1          1
             (221, 255, 59989)     28.958          0               0               1          1
             (223, 253, 59989)       10.0          0               0               1          1
             (223, 253, 59989)       12.0          0               0               1          1
             (223, 253, 59989)       14.0          0               0               1          1
             (223, 253, 59989)     14.083          0               0               1          2
             (223, 253, 59989)     18.333          0               0               1          1
             (223, 253, 59989)     18.875          0               0               1          1
             (223, 253, 59989)     20.083          0               0               1          2
             (219, 255, 59989)       10.0          0               0               1          2
             (219, 255, 59989)       12.0          0               0               1          5
             (219, 255, 59989)     12.167          0               0               1          1
             (219, 255, 59989)       14.0          0               0               1          2
             (219, 255, 59989)       14.0          0               0               0          1
             (219, 255, 59989)     14.083          0               0               1          3
             (219, 255, 59989)       16.0          0               0               1          2
             (219, 255, 59989)     16.083          0               0               1          1
             (219, 255, 59989)     16.167          0               0               1          1
             (219, 255, 59989)       18.0          0               0               1          1
             (219, 255, 59989)     18.083          0               0               1          2
             (219, 255, 59989)     18.167          0               0               1          1
             (219, 255, 59989)      18.25          0               0               1          1
             (219, 255, 59989)     21.042          0               0               0          1
             (219, 255, 59989)     22.083          0               0               1          1
             (219, 255, 59989)     22.167          0               0               1          1
             (219, 255, 59989)     24.083          0               0               1          1
             (245, 255, 59989)       10.0          0               0               1          3
             (245, 255, 59989)     10.958          0               0               1          1
             (245, 255, 59989)       12.0          0               0               1          2
             (245, 255, 59989)       14.0          0               0               1          2
             (245, 255, 59989)     14.083          0               0               1          1
             (245, 255, 59989)     14.167          0               0               1          1
             (245, 255, 59989)     14.333          0               0               1          1
             (245, 255, 59989)     15.042          0               0               1          1
             (245, 255, 59989)     15.125          0               0               1          1
             (245, 255, 59989)       16.0          0               0               1          1
             (245, 255, 59989)     19.125          0               0               1          1
             (245, 255, 59989)     19.208          0               0               1          1
             (245, 255, 59989)     19.917          0               0               1          1
             (221, 239, 59989)       10.0          0               0               1          4
             (221, 239, 59989)       12.0          0               0               1          1
             (221, 239, 59989)     12.083          0               0               1          1
             (221, 239, 59989)       22.0          0               0               1          1
             (221, 239, 59989)     25.125          0               0               0          1
             (211, 247, 59989)       10.0          0               0               0          1
             (211, 247, 59989)     10.083          0               0               1          1
             (211, 247, 59989)       12.0          0               0               1          2
             (211, 247, 59989)       16.0          0               0               1          1
             (211, 247, 59989)     19.125          0               0               1          1
             (211, 247, 59989)     20.083          0               0               1          1
             (219, 254, 59989)       10.0          0               0               1          1
             (219, 254, 59989)     23.208          0               0               1          1
             (237, 255, 59989)       10.0          0               0               1          1
             (237, 255, 59989)     10.083          0               0               1          1
             (237, 255, 59989)       14.0          0               0               1          1
             (237, 255, 59989)       18.0          0               0               1          1
             (247, 253, 59989)       10.0          0               0               1          1
             (247, 253, 59989)       12.0          0               0               1          4
             (247, 253, 59989)     17.042          0               0               1          1
             (151, 251, 59989)       10.0          0               0               1          1
             (151, 251, 59989)       16.0          0               0               1          1
             (155, 255, 59989)       10.0          0               0               1          1
             (155, 255, 59989)     16.083          0               0               1          1
             (155, 255, 59989)       18.0          0               0               1          1
             (155, 255, 59989)       20.0          0               0               1          1
             (155, 255, 59989)     22.083          0               0               1          1
             (155, 255, 59989)     22.167          0               0               1          1
             (211, 239, 59989)       10.0          0               0               1          1
             (211, 239, 59989)     21.292          0               0               1          1
             (221, 221, 59989)     10.083          0               0               1          1
             (221, 221, 59989)     16.167          0               0               1          1
             (203, 255, 59989)     10.083          0               0               1          1
             (203, 255, 59989)     12.083          0               0               1          1
             (203, 255, 59989)     12.958          0               0               1          1
             (203, 255, 59989)     19.125          0               0               0          1
             (203, 255, 59989)     22.083          0               0               1          1
             (187, 255, 59989)     10.083          0               0               1          1
             (187, 255, 59989)       14.0          0               0               1          1
             (187, 255, 59989)     15.208          0               0               1          1
             (249, 237, 59989)     10.167          0               0               1          1
             (211, 223, 59989)     10.167          0               0               1          1
             (249, 245, 59989)     10.333          0               0               1          1
             (249, 245, 59989)       14.0          0               0               1          1
             (249, 245, 59989)     14.417          0               0               1          1
             (251, 253, 59989)     10.875          0               0               1          1
             (251, 253, 59989)     12.083          0               0               1          1
             (251, 253, 59989)       16.0          0               0               1          1
             (251, 253, 59989)       18.0          0               0               1          1
             (251, 253, 59989)     19.042          0               0               0          1
             (215, 255, 59989)     11.042          0               0               1          1
             (215, 255, 59989)       14.0          0               0               1          1
             (215, 255, 59989)     14.083          0               0               1          2
             (215, 255, 59989)     15.125          0               0               0          1
             (215, 255, 59989)     15.125          0               0               1          1
             (215, 255, 59989)     15.917          0               0               1          1
             (215, 255, 59989)       16.0          0               0               1          1
             (215, 255, 59989)     16.083          0               0               1          1
             (215, 255, 59989)     17.042          0               0               1          1
             (215, 255, 59989)     17.125          0               0               1          1
             (215, 255, 59989)     17.292          0               0               0          1
             (215, 255, 59989)       18.0          0               0               1          1
             (215, 255, 59989)     18.083          0               0               1          1
             (215, 255, 59989)      18.25          0               0               1          1
             (215, 255, 59989)     19.292          0               0               1          1
             (215, 255, 59989)       20.0          0               0               1          2
             (215, 255, 59989)     20.167          0               0               1          1
             (215, 255, 59989)      20.25          0               0               1          1
             (215, 255, 59989)       24.0          0               0               1          1
             (239, 255, 59989)     11.125          0               0               1          1
             (247, 250, 59989)       12.0          0               0               1          1
             (251, 125, 59989)       12.0          0               0               1          1
             (255, 181, 59989)       12.0          0               0               1          1
             (255, 181, 59989)       24.0          0               0               1          1
             (245, 253, 59989)       12.0          0               0               1          2
             (245, 253, 59989)     12.083          0               0               1          1
             (245, 253, 59989)     12.875          0               0               1          1
             (245, 253, 59989)       14.0          0               0               1          2
             (245, 253, 59989)     15.292          0               0               1          1
             (245, 253, 59989)       16.0          0               0               1          1
             (245, 253, 59989)     18.875          0               0               1          1
             (245, 253, 59989)     22.958          0               0               1          1
             (245, 253, 59989)     23.375          0               0               1          1
             (255, 243, 59989)       12.0          0               0               1          1
             (215, 254, 59989)       12.0          0               0               1          1
             (215, 254, 59989)     16.083          0               0               1          1
             (215, 254, 59989)     23.042          0               0               1          1
             (215, 254, 59989)     26.333          0               0               1          1
             (215, 254, 59989)     27.042          0               0               1          1
             (219, 124, 59989)       12.0          0               0               1          1
             (213, 255, 59989)       12.0          0               0               1          3
             (213, 255, 59989)     12.083          0               0               1          1
             (213, 255, 59989)     12.958          0               0               1          3
             (213, 255, 59989)     13.042          0               0               1          2
             (213, 255, 59989)       14.0          0               0               1          4
             (213, 255, 59989)     14.083          0               0               1          2
             (213, 255, 59989)     14.167          0               0               1          1
             (213, 255, 59989)     15.042          0               0               1          1
             (213, 255, 59989)       16.0          0               0               1         10
             (213, 255, 59989)       16.0          0               0               0          1
             (213, 255, 59989)     16.083          0               0               1          5
             (213, 255, 59989)     16.875          0               0               1          1
             (213, 255, 59989)     16.958          0               0               1          2
             (213, 255, 59989)       18.0          0               0               1          2
             (213, 255, 59989)     18.083          0               0               1          2
             (213, 255, 59989)     18.167          0               0               1          1
             (213, 255, 59989)     19.042          0               0               1          1
             (213, 255, 59989)     19.125          0               0               1          1
             (213, 255, 59989)     19.208          0               0               1          1
             (213, 255, 59989)     19.917          0               0               1          1
             (213, 255, 59989)       20.0          0               0               1          1
             (213, 255, 59989)     20.083          0               0               1          3
             (213, 255, 59989)     21.042          0               0               1          1
             (213, 255, 59989)     21.208          0               0               1          1
             (213, 255, 59989)       22.0          0               0               1          1
             (213, 255, 59989)     22.083          0               0               1          2
             (213, 255, 59989)     22.167          0               0               1          1
             (213, 255, 59989)     24.167          0               0               1          1
             (213, 255, 59989)     25.042          0               0               1          1
             (245, 223, 59989)       12.0          0               0               1          1
             (215, 245, 59989)       12.0          0               0               1          1
             (215, 245, 59989)       14.0          0               0               1          1
             (215, 245, 59989)     14.083          0               0               1          1
             (215, 245, 59989)     18.333          0               0               1          2
             (215, 245, 59989)     20.167          0               0               1          1
             (215, 245, 59989)      22.25          0               0               1          1
             (215, 245, 59989)     24.958          0               0               1          1
             (247, 249, 59989)       12.0          0               0               1          1
             (247, 249, 59989)     19.208          0               0               1          1
             (251, 244, 59989)       12.0          0               0               1          1
             (231, 253, 59989)       12.0          0               0               1          1
             (217, 255, 59989)       12.0          0               0               1          1
             (217, 255, 59989)     17.042          0               0               1          1
             (217, 255, 59989)     20.083          0               0               1          1
             (217, 255, 59989)     20.417          0               0               1          1
             (217, 255, 59989)     23.042          0               0               1          1
             (219, 239, 59989)       12.0          0               0               1          1
             (219, 239, 59989)     14.083          0               0               1          1
             (219, 223, 59989)       12.0          0               0               1          1
             (219, 223, 59989)       14.0          0               0               1          1
             (219, 223, 59989)     18.083          0               0               1          1
             (219, 223, 59989)      20.25          0               0               1          1
             (219, 223, 59989)     25.042          0               0               1          1
             (219, 223, 59989)     26.083          0               0               1          1
             (173, 255, 59989)       12.0          0               0               1          1
             (215, 223, 59989)       12.0          0               0               1          1
             (215, 223, 59989)     20.083          0               0               0          1
             (215, 223, 59989)     24.792          0               0               1          1
             (213, 253, 59989)       12.0          0               0               1          1
             (213, 253, 59989)      12.25          0               0               1          1
             (213, 253, 59989)       14.0          0               0               1          1
             (213, 253, 59989)       16.0          0               0               1          1
             (213, 253, 59989)     17.125          0               0               1          1
             (213, 253, 59989)     18.083          0               0               1          1
             (213, 253, 59989)      18.25          0               0               1          1
             (213, 253, 59989)       20.0          0               0               1          1
             (213, 253, 59989)     20.167          0               0               1          1
             (213, 253, 59989)     21.042          0               0               1          1
             (213, 253, 59989)       22.0          0               0               1          2
             (213, 253, 59989)     23.125          0               0               1          1
             (213, 253, 59989)     24.417          0               0               1          1
             (213, 253, 59989)     25.917          0               0               1          1
             (221, 251, 59989)       12.0          0               0               1          1
             (221, 251, 59989)       16.0          0               0               1          1
             (221, 251, 59989)     16.875          0               0               1          1
             (221, 251, 59989)       26.0          0               0               1          1
             (253, 217, 59989)       12.0          0               0               1          1
             (215, 229, 59989)       12.0          0               0               1          1
             (209, 255, 59989)       12.0          0               0               1          1
             (209, 255, 59989)       16.0          0               0               1          1
             (209, 255, 59989)       20.0          0               0               1          2
             (209, 255, 59989)       22.0          0               0               1          1
             (247, 255, 59989)     12.083          0               0               1          1
             (247, 255, 59989)     12.167          0               0               1          1
             (247, 255, 59989)     13.125          0               0               1          2
             (247, 255, 59989)       20.0          0               0               1          1
             (235, 253, 59989)     12.083          0               0               1          1
             (235, 253, 59989)     16.083          0               0               1          1
             (219, 247, 59989)     12.083          0               0               1          1
             (219, 247, 59989)     12.167          0               0               1          1
             (219, 247, 59989)     16.333          0               0               1          1
             (219, 247, 59989)     18.083          0               0               1          1
             (219, 247, 59989)     18.167          0               0               1          1
             (219, 247, 59989)     18.333          0               0               1          1
             (219, 247, 59989)       20.0          0               0               0          1
             (219, 247, 59989)      20.25          0               0               1          1
             (219, 247, 59989)     20.417          0               0               1          1
             (219, 247, 59989)     22.083          0               0               0          1
             (219, 247, 59989)     24.167          0               0               0          1
             (219, 247, 59989)     26.333          0               0               1          1
             (199, 255, 59989)     12.083          0               0               1          1
             (199, 255, 59989)     14.958          0               0               1          1
             (199, 255, 59989)     16.083          0               0               1          1
             (199, 255, 59989)     19.125          0               0               1          1
             (199, 255, 59989)     19.917          0               0               1          1
             (199, 255, 59989)      24.25          0               0               0          1
             (213, 249, 59989)     12.083          0               0               1          1
             (213, 249, 59989)     15.125          0               0               1          1
             (213, 249, 59989)     19.917          0               0               1          1
             (253, 209, 59989)     12.167          0               0               1          1
             (223, 254, 59989)      12.25          0               0               1          1
             (223, 254, 59989)       16.0          0               0               1          1
             (167, 255, 59989)     13.125          0               0               0          1
             (223, 245, 59989)     13.125          0               0               1          1
             (223, 245, 59989)     17.125          0               0               1          1
             (223, 245, 59989)       20.0          0               0               1          1
             (223, 245, 59989)     22.083          0               0               1          1
             (223, 245, 59989)     26.875          0               0               0          1
             (223, 245, 59989)     29.125          0               0               0          1
             (221, 223, 59989)     13.125          0               0               1          1
             (221, 223, 59989)       14.5          0               0               1          1
             (221, 223, 59989)       16.0          0               0               1          1
             (221, 223, 59989)     17.042          0               0               1          1
             (221, 223, 59989)     17.125          0               0               0          1
             (221, 223, 59989)       18.0          0               0               1          1
             (221, 223, 59989)       20.0          0               0               1          1
             (221, 223, 59989)       24.0          0               0               1          1
             (249, 249, 59989)     13.125          0               0               1          1
             (213, 252, 59989)     13.292          0               0               1          1
             (213, 252, 59989)      16.25          0               0               1          1
             (213, 252, 59989)     19.375          0               0               1          1
             (255, 247, 59989)       14.0          0               0               1          1
             (255, 247, 59989)     16.167          0               0               1          1
             (251, 252, 59989)       14.0          0               0               1          1
             (253, 247, 59989)       14.0          0               0               1          1
             (253, 247, 59989)       26.0          0               0               0          1
             (253, 247, 59989)     28.167          0               0               1          1
             (215, 252, 59989)       14.0          0               0               1          1
             (215, 252, 59989)      18.25          0               0               1          1
             (221, 247, 59989)       14.0          0               0               0          1
             (221, 247, 59989)     17.042          0               0               1          1
             (221, 247, 59989)     22.083          0               0               1          1
             (221, 247, 59989)     26.083          0               0               1          1
             (221, 247, 59989)     26.333          0               0               1          1
             (221, 247, 59989)     30.333          0               0               1          1
             (205, 249, 59989)       14.0          0               0               1          1
             (255, 235, 59989)       14.0          0               0               1          1
             (239, 247, 59989)       14.0          0               0               1          1
             (239, 247, 59989)     15.375          0               0               1          1
             (219, 253, 59989)       14.0          0               0               1          1
             (219, 253, 59989)       16.0          0               0               1          2
             (219, 253, 59989)     20.083          0               0               1          1
             (219, 253, 59989)       24.0          0               0               0          1
             (245, 127, 59989)       14.0          0               0               1          1
             (245, 127, 59989)     14.958          0               0               1          1
             (245, 127, 59989)     16.083          0               0               1          1
             (245, 127, 59989)     26.083          0               0               0          1
             (213, 220, 59989)       14.0          0               0               1          1
             (205, 255, 59989)       14.0          0               0               1          2
             (205, 255, 59989)       16.0          0               0               1          1
             (205, 255, 59989)     16.083          0               0               1          1
             (205, 255, 59989)       18.0          0               0               1          1
             (205, 255, 59989)     18.083          0               0               1          1
             (205, 255, 59989)     21.042          0               0               1          1
             (185, 255, 59989)       14.0          0               0               1          1
             (185, 255, 59989)     26.167          0               0               1          1
             (157, 249, 59989)       14.0          0               0               1          1
             (245, 237, 59989)       14.0          0               0               1          1
             (219, 236, 59989)       14.0          0               0               1          1
             (217, 237, 59989)       14.0          0               0               1          1
             (209, 253, 59989)       14.0          0               0               1          2
             (209, 253, 59989)     16.083          0               0               1          1
             (209, 253, 59989)      16.25          0               0               1          1
             (209, 253, 59989)       18.0          0               0               1          1
             (209, 253, 59989)     23.125          0               0               1          1
             (223, 239, 59989)     14.083          0               0               1          1
             (223, 239, 59989)     16.333          0               0               1          1
             (223, 239, 59989)      22.25          0               0               0          1
             (247, 251, 59989)     14.083          0               0               1          1
             (159, 255, 59989)     14.083          0               0               1          1
             (151, 255, 59989)     14.083          0               0               1          1
             (151, 255, 59989)      14.25          0               0               1          1
             (151, 255, 59989)     18.083          0               0               1          2
             (151, 255, 59989)     20.958          0               0               1          1
             (219, 127, 59989)     14.083          0               0               1          1
             (219, 127, 59989)     16.083          0               0               1          1
             (219, 127, 59989)     18.167          0               0               1          1
             (219, 127, 59989)     21.125          0               0               1          1
             (219, 127, 59989)     27.125          0               0               1          1
             (221, 249, 59989)     14.083          0               0               1          1
             (221, 249, 59989)       16.0          0               0               1          1
             (221, 249, 59989)     17.458          0               0               1          1
             (221, 249, 59989)     17.917          0               0               1          1
             (221, 249, 59989)       18.0          0               0               1          1
             (191, 187, 59989)     14.083          0               0               0          1
             (213, 223, 59989)     14.083          0               0               1          1
             (213, 223, 59989)     16.958          0               0               1          1
             (213, 223, 59989)     18.167          0               0               1          1
             (213, 223, 59989)     23.125          0               0               1          1
             (229, 253, 59989)     14.083          0               0               1          1
             (213, 247, 59989)     14.083          0               0               1          2
             (213, 247, 59989)     15.125          0               0               1          1
             (213, 247, 59989)     16.083          0               0               1          2
             (213, 247, 59989)     16.167          0               0               1          3
             (213, 247, 59989)       18.0          0               0               1          1
             (213, 247, 59989)     18.083          0               0               1          1
             (213, 247, 59989)     19.042          0               0               1          1
             (213, 247, 59989)       20.0          0               0               1          1
             (213, 247, 59989)     20.083          0               0               1          1
             (213, 247, 59989)     21.042          0               0               1          1
             (213, 247, 59989)     21.208          0               0               1          1
             (213, 247, 59989)     23.042          0               0               1          2
             (241, 223, 59989)     14.083          0               0               1          1
             (211, 251, 59989)     14.083          0               0               1          1
             (211, 251, 59989)     18.875          0               0               1          1
             (211, 251, 59989)     21.125          0               0               1          1
             (201, 245, 59989)     14.083          0               0               1          1
             (149, 255, 59989)     14.083          0               0               1          1
             (149, 255, 59989)     17.042          0               0               1          1
             (149, 255, 59989)       18.0          0               0               1          2
             (149, 255, 59989)       20.0          0               0               1          1
             (149, 255, 59989)     22.083          0               0               1          2
             (149, 255, 59989)     24.167          0               0               1          1
             (223, 189, 59989)     14.167          0               0               1          1
             (199, 253, 59989)     14.167          0               0               1          1
             (253, 189, 59989)     14.167          0               0               1          1
             (181, 231, 59989)     14.167          0               0               1          1
             (181, 231, 59989)       16.0          0               0               1          1
             (255, 251, 59989)      14.25          0               0               1          1
             (213, 241, 59989)     14.333          0               0               1          1
             (213, 116, 59989)     14.417          0               0               1          1
             (221, 252, 59989)       14.5          0               0               1          1
             (221, 252, 59989)     18.875          0               0               1          1
             (221, 252, 59989)     21.042          0               0               1          1
             (221, 252, 59989)     25.292          0               0               1          1
             (159, 251, 59989)     14.875          0               0               1          1
             (159, 251, 59989)       20.0          0               0               1          1
             (223, 221, 59989)     14.875          0               0               1          1
             (221, 245, 59989)     14.958          0               0               1          1
             (221, 245, 59989)     20.083          0               0               1          1
             (221, 245, 59989)     21.042          0               0               1          1
             (221, 245, 59989)     22.167          0               0               1          1
             (221, 245, 59989)      22.25          0               0               1          2
             (221, 245, 59989)     22.875          0               0               1          1
             (221, 245, 59989)      24.25          0               0               1          1
             (221, 245, 59989)     25.208          0               0               1          1
             (245, 103, 59989)     14.958          0               0               1          1
             (199, 245, 59989)     15.042          0               0               1          1
             (181, 255, 59989)     15.042          0               0               1          1
             (181, 255, 59989)     18.333          0               0               1          1
             (181, 255, 59989)     19.917          0               0               1          1
             (181, 255, 59989)     25.042          0               0               1          1
             (255, 245, 59989)     15.125          0               0               1          2
             (255, 245, 59989)       16.0          0               0               1          1
             (223, 246, 59989)     15.125          0               0               1          1
             (223, 246, 59989)     16.083          0               0               1          1
             (223, 246, 59989)       20.0          0               0               1          1
             (239, 245, 59989)     15.208          0               0               1          1
             (239, 245, 59989)       20.0          0               0               1          1
             (221, 189, 59989)     15.208          0               0               1          1
             (221, 189, 59989)       20.0          0               0               1          1
             (231, 243, 59989)     15.292          0               0               1          1
             (155, 253, 59989)     15.292          0               0               1          1
             (255, 246, 59989)       16.0          0               0               1          1
             (223, 255, 59989)       16.0          0               0               0          1
             (223, 255, 59989)     16.083          0               0               1          1
             (223, 255, 59989)     16.875          0               0               1          1
             (223, 255, 59989)     21.292          0               0               1          1
             (223, 255, 59989)     36.333          0               0               0          1
             (253, 248, 59989)       16.0          0               0               1          1
             (223, 251, 59989)       16.0          0               0               1          1
             (223, 251, 59989)      16.25          0               0               1          1
             (223, 251, 59989)     19.375          0               0               1          1
             (221, 159, 59989)       16.0          0               0               1          1
             (207, 253, 59989)       16.0          0               0               1          1
             (207, 253, 59989)     16.083          0               0               1          1
             (207, 253, 59989)     18.083          0               0               1          1
             (207, 253, 59989)     24.083          0               0               0          1
             (203, 127, 59989)       16.0          0               0               1          1
             (203, 127, 59989)     16.083          0               0               1          1
             (203, 127, 59989)      24.25          0               0               0          1
             (215, 251, 59989)       16.0          0               0               1          1
             (215, 251, 59989)     16.083          0               0               1          1
             (215, 251, 59989)     18.083          0               0               1          1
             (215, 251, 59989)     21.292          0               0               1          1
             (215, 253, 59989)       16.0          0               0               1          3
             (215, 253, 59989)     16.083          0               0               1          1
             (215, 253, 59989)     20.083          0               0               1          2
             (215, 253, 59989)     25.917          0               0               1          1
             (227, 254, 59989)       16.0          0               0               1          1
              (219, 95, 59989)       16.0          0               0               1          1
             (215, 239, 59989)       16.0          0               0               1          1
             (215, 239, 59989)     22.083          0               0               1          1
             (159, 245, 59989)       16.0          0               0               1          1
             (159, 245, 59989)      22.25          0               0               1          1
             (253, 245, 59989)       16.0          0               0               1          1
             (253, 245, 59989)     22.333          0               0               1          1
             (147, 255, 59989)       16.0          0               0               1          1
             (147, 255, 59989)       20.0          0               0               0          1
             (147, 255, 59989)     23.125          0               0               1          1
             (147, 255, 59989)       26.0          0               0               1          1
             (231, 207, 59989)       16.0          0               0               1          1
             (251, 215, 59989)       16.0          0               0               1          1
             (243, 247, 59989)       16.0          0               0               1          1
             (243, 247, 59989)     16.083          0               0               1          1
             (253, 255, 59989)       16.0          0               0               1          1
             (215, 247, 59989)       16.0          0               0               1          1
             (215, 247, 59989)     16.083          0               0               1          1
             (215, 247, 59989)     18.167          0               0               1          1
             (215, 247, 59989)     19.125          0               0               0          1
             (215, 247, 59989)      22.25          0               0               1          1
             (215, 247, 59989)     22.333          0               0               1          1
             (215, 247, 59989)     23.042          0               0               1          1
             (157, 239, 59989)       16.0          0               0               1          1
             (157, 239, 59989)     22.083          0               0               1          1
             (245, 236, 59989)       16.0          0               0               1          1
             (213, 127, 59989)       16.0          0               0               1          1
             (213, 127, 59989)     16.083          0               0               1          1
             (213, 127, 59989)     18.083          0               0               1          1
             (213, 127, 59989)     19.042          0               0               1          1
             (213, 127, 59989)     22.083          0               0               1          1
             (221, 205, 59989)       16.0          0               0               1          1
             (221, 205, 59989)     22.167          0               0               1          1
             (221, 205, 59989)      24.25          0               0               1          1
             (213, 191, 59989)       16.0          0               0               1          1
             (213, 191, 59989)       20.0          0               0               1          1
             (217, 249, 59989)       16.0          0               0               1          1
             (181, 237, 59989)       16.0          0               0               1          1
             (211, 191, 59989)     16.083          0               0               1          2
             (183, 255, 59989)     16.083          0               0               0          1
             (183, 255, 59989)     16.333          0               0               1          1
             (183, 255, 59989)     16.958          0               0               1          1
             (183, 247, 59989)     16.083          0               0               1          1
              (219, 47, 59989)     16.083          0               0               1          1
             (203, 247, 59989)     16.083          0               0               1          1
             (203, 247, 59989)     18.083          0               0               1          1
             (213, 251, 59989)     16.083          0               0               1          1
             (213, 251, 59989)       24.0          0               0               1          1
             (213, 251, 59989)     34.333          0               0               1          1
             (221, 217, 59989)     16.083          0               0               1          1
             (143, 251, 59989)     16.167          0               0               1          1
             (247, 159, 59989)     16.167          0               0               1          1
             (183, 245, 59989)     16.167          0               0               1          1
             (183, 245, 59989)     26.958          0               0               1          1
             (219, 151, 59989)     16.167          0               0               1          1
             (211, 183, 59989)     16.167          0               0               0          1
             (243, 127, 59989)     16.167          0               0               1          1
             (239, 244, 59989)      16.25          0               0               1          1
             (237, 215, 59989)      16.25          0               0               1          1
             (219, 221, 59989)      16.25          0               0               1          1
              (215, 76, 59989)      16.25          0               0               1          1
             (223, 227, 59989)      16.25          0               0               1          1
             (151, 127, 59989)      16.25          0               0               1          1
             (217, 247, 59989)      16.25          0               0               1          1
             (217, 247, 59989)       20.0          0               0               1          1
             (217, 247, 59989)     20.083          0               0               1          1
             (217, 247, 59989)     22.333          0               0               1          1
             (217, 247, 59989)     27.208          0               0               1          1
             (217, 247, 59989)     28.417          0               0               1          1
             (215, 203, 59989)     16.333          0               0               1          1
             (249, 252, 59989)     16.333          0               0               1          1
             (249, 252, 59989)       28.0          0               0               1          1
             (219, 231, 59989)     16.333          0               0               1          1
             (243, 223, 59989)     16.333          0               0               1          1
             (241, 251, 59989)     16.333          0               0               1          1
             (213, 239, 59989)     16.333          0               0               1          1
             (213, 239, 59989)     22.958          0               0               1          1
             (221, 215, 59989)       16.5          0               0               1          1
             (221, 215, 59989)     23.375          0               0               1          1
             (213, 151, 59989)       16.5          0               0               1          1
             (243, 185, 59989)     16.792          0               0               1          1
             (247, 238, 59989)     16.875          0               0               1          1
             (249, 221, 59989)     16.875          0               0               1          1
             (219, 237, 59989)     16.875          0               0               1          1
             (243, 117, 59989)     16.958          0               0               0          1
             (247, 252, 59989)     17.042          0               0               1          1
             (183, 251, 59989)     17.042          0               0               1          1
             (237, 239, 59989)     17.042          0               0               1          1
             (201, 253, 59989)     17.042          0               0               0          1
             (219, 238, 59989)     17.125          0               0               1          1
             (221, 191, 59989)     17.125          0               0               1          1
             (221, 191, 59989)     18.167          0               0               1          1
             (221, 191, 59989)     20.958          0               0               1          1
             (221, 191, 59989)     24.167          0               0               1          1
             (167, 253, 59989)     17.208          0               0               1          1
             (251, 223, 59989)     17.208          0               0               1          1
             (241, 229, 59989)     17.292          0               0               1          1
             (213, 233, 59989)     17.458          0               0               1          1
             (251, 254, 59989)       18.0          0               0               1          1
             (255, 189, 59989)       18.0          0               0               1          1
             (223, 252, 59989)       18.0          0               0               1          1
             (123, 254, 59989)       18.0          0               0               0          1
             (231, 244, 59989)       18.0          0               0               1          1
             (253, 249, 59989)       18.0          0               0               1          1
             (183, 254, 59989)       18.0          0               0               1          1
             (223, 217, 59989)       18.0          0               0               1          1
             (227, 253, 59989)       18.0          0               0               1          1
              (223, 92, 59989)       18.0          0               0               1          1
             (243, 231, 59989)       18.0          0               0               1          1
             (215, 215, 59989)       18.0          0               0               1          1
             (215, 215, 59989)      24.25          0               0               1          1
             (253, 177, 59989)       18.0          0               0               1          1
             (211, 253, 59989)       18.0          0               0               1          1
             (149, 223, 59989)       18.0          0               0               1          1
             (149, 223, 59989)       18.0          0               0               0          1
             (245, 245, 59989)       18.0          0               0               1          1
             (245, 245, 59989)     20.083          0               0               1          1
             (245, 245, 59989)     26.167          0               0               1          1
             (217, 221, 59989)       18.0          0               0               1          1
             (217, 221, 59989)     18.875          0               0               1          1
             (157, 253, 59989)       18.0          0               0               1          1
             (179, 127, 59989)       18.0          0               0               1          1
             (245, 151, 59989)       18.0          0               0               1          1
             (197, 251, 59989)       18.0          0               0               1          1
             (183, 253, 59989)     18.083          0               0               0          1
             (183, 253, 59989)     18.958          0               0               1          1
             (181, 252, 59989)     18.083          0               0               1          1
             (219, 252, 59989)     18.083          0               0               1          1
             (219, 252, 59989)     24.958          0               0               1          1
             (223, 243, 59989)     18.083          0               0               0          1
             (223, 223, 59989)     18.083          0               0               1          1
             (223, 235, 59989)     18.083          0               0               1          1
             (157, 255, 59989)     18.083          0               0               1          1
             (157, 255, 59989)     22.167          0               0               1          1
             (157, 255, 59989)     24.167          0               0               0          1
             (245, 191, 59989)     18.083          0               0               1          1
             (213, 119, 59989)     18.083          0               0               1          1
             (205, 223, 59989)     18.083          0               0               1          1
             (215, 191, 59989)     18.083          0               0               1          1
             (215, 191, 59989)       20.0          0               0               1          1
             (165, 119, 59989)     18.083          0               0               0          1
             (165, 119, 59989)     21.042          0               0               1          1
             (157, 247, 59989)     18.083          0               0               1          1
             (157, 247, 59989)       20.0          0               0               0          1
             (157, 247, 59989)     24.083          0               0               1          1
             (243, 103, 59989)     18.083          0               0               0          1
             (217, 245, 59989)     18.083          0               0               1          1
             (217, 245, 59989)       20.0          0               0               1          1
             (217, 245, 59989)     20.083          0               0               1          1
             (217, 245, 59989)     21.042          0               0               1          1
             (217, 245, 59989)     25.042          0               0               1          1
             (217, 245, 59989)      26.75          0               0               1          1
             (165, 255, 59989)     18.083          0               0               1          1
             (255, 239, 59989)     18.167          0               0               1          1
             (251, 121, 59989)     18.167          0               0               1          1
             (147, 175, 59989)     18.167          0               0               1          1
             (213, 245, 59989)     18.167          0               0               1          1
             (221, 209, 59989)     18.167          0               0               1          1
             (221, 177, 59989)     18.167          0               0               1          1
             (221, 177, 59989)       18.5          0               0               1          1
             (221, 177, 59989)       20.0          0               0               1          1
             (211, 252, 59989)     18.167          0               0               1          1
             (211, 252, 59989)       22.0          0               0               1          1
             (215, 246, 59989)      18.25          0               0               1          1
             (223, 242, 59989)      18.25          0               0               1          1
             (231, 123, 59989)      18.25          0               0               1          1
             (221, 213, 59989)      18.25          0               0               1          1
             (213, 211, 59989)      18.25          0               0               1          1
             (181, 241, 59989)      18.25          0               0               1          1
             (221, 254, 59989)     18.333          0               0               1          1
              (253, 93, 59989)     18.333          0               0               1          1
             (245, 251, 59989)     18.333          0               0               1          1
             (147, 191, 59989)     18.333          0               0               1          1
             (221, 233, 59989)     18.417          0               0               1          1
             (223, 248, 59989)       18.5          0               0               1          1
             (223, 248, 59989)     19.125          0               0               1          1
             (245, 254, 59989)       18.5          0               0               1          1
             (245, 197, 59989)       18.5          0               0               1          1
             (181, 111, 59989)     18.875          0               0               1          1
             (247, 221, 59989)     18.958          0               0               1          1
             (221, 181, 59989)     18.958          0               0               1          1
             (159, 217, 59989)     19.042          0               0               1          1
             (189, 247, 59989)     19.042          0               0               1          1
             (213, 125, 59989)     19.042          0               0               1          1
             (153, 255, 59989)     19.042          0               0               1          1
             (153, 255, 59989)     22.958          0               0               1          1
             (255, 125, 59989)     19.125          0               0               1          1
             (223, 236, 59989)     19.125          0               0               1          1
             (203, 207, 59989)     19.125          0               0               1          1
              (77, 247, 59989)     19.125          0               0               0          1
             (211, 127, 59989)     19.125          0               0               1          1
             (249, 239, 59989)     19.208          0               0               1          1
             (249, 239, 59989)     21.125          0               0               1          1
             (221, 238, 59989)     19.208          0               0               1          1
             (191, 245, 59989)     19.292          0               0               1          1
             (241, 119, 59989)     19.292          0               0               1          1
             (181, 247, 59989)     19.292          0               0               1          1
             (247, 188, 59989)     19.833          0               0               1          1
             (221, 246, 59989)       20.0          0               0               1          1
             (155, 254, 59989)       20.0          0               0               1          1
             (223, 247, 59989)       20.0          0               0               1          1
             (223, 247, 59989)     30.167          0               0               1          1
             (245, 221, 59989)       20.0          0               0               1          1
             (245, 221, 59989)     29.042          0               0               1          1
             (253, 252, 59989)       20.0          0               0               1          1
             (253, 252, 59989)       20.5          0               0               1          1
             (253, 252, 59989)     22.875          0               0               1          1
             (235, 247, 59989)       20.0          0               0               0          1
             (251, 247, 59989)       20.0          0               0               1          1
             (219, 119, 59989)       20.0          0               0               1          1
             (155, 175, 59989)       20.0          0               0               0          1
             (205, 247, 59989)       20.0          0               0               1          1
             (205, 247, 59989)     27.917          0               0               1          1
             (181, 253, 59989)       20.0          0               0               1          1
             (215, 126, 59989)     20.083          0               0               1          1
             (237, 223, 59989)     20.083          0               0               1          1
             (181, 254, 59989)     20.083          0               0               1          1
             (153, 127, 59989)     20.083          0               0               1          1
             (151, 221, 59989)     20.083          0               0               0          1
             (183, 123, 59989)     20.083          0               0               1          1
             (145, 245, 59989)     20.083          0               0               1          1
             (219, 251, 59989)     20.083          0               0               1          1
             (219, 251, 59989)     23.042          0               0               1          1
             (219, 251, 59989)     23.125          0               0               1          1
             (145, 253, 59989)     20.083          0               0               1          1
             (251, 241, 59989)     20.167          0               0               1          1
             (221, 199, 59989)     20.167          0               0               1          1
             (245, 213, 59989)     20.167          0               0               1          1
             (207, 221, 59989)     20.167          0               0               1          1
              (251, 93, 59989)     20.167          0               0               0          1
             (179, 215, 59989)     20.167          0               0               1          1
             (249, 255, 59989)     20.167          0               0               1          1
             (249, 255, 59989)     25.042          0               0               1          1
             (205, 215, 59989)     20.167          0               0               0          1
             (197, 189, 59989)     20.167          0               0               1          1
             (215, 219, 59989)      20.25          0               0               1          1
             (215, 219, 59989)     21.125          0               0               1          1
              (223, 87, 59989)      20.25          0               0               1          1
             (243, 243, 59989)      20.25          0               0               1          1
             (223, 244, 59989)     20.333          0               0               1          1
             (215, 240, 59989)       20.5          0               0               1          1
             (207, 213, 59989)       20.5          0               0               1          1
             (213, 215, 59989)     20.875          0               0               1          1
             (213, 215, 59989)       30.0          0               0               0          1
             (219, 125, 59989)     20.875          0               0               1          1
             (219, 125, 59989)       28.0          0               0               1          1
             (149, 237, 59989)     20.875          0               0               1          1
             (155, 247, 59989)     20.958          0               0               1          1
             (209, 239, 59989)     20.958          0               0               0          1
             (251, 255, 59989)     21.042          0               0               1          1
             (149, 127, 59989)     21.042          0               0               1          1
              (183, 87, 59989)     21.042          0               0               1          1
             (253, 253, 59989)     21.125          0               0               0          1
             (141, 255, 59989)     21.125          0               0               1          1
             (253, 239, 59989)     21.125          0               0               1          1
             (211, 119, 59989)     21.125          0               0               1          1
             (189, 255, 59989)     21.125          0               0               1          1
              (209, 93, 59989)     21.125          0               0               1          1
             (207, 247, 59989)     21.292          0               0               1          1
              (247, 54, 59989)     21.375          0               0               1          1
             (239, 209, 59989)     21.375          0               0               1          1
             (255, 222, 59989)     21.625          0               0               0          1
             (251, 219, 59989)     21.833          0               0               1          1
             (221, 126, 59989)       22.0          0               0               1          1
             (221, 126, 59989)     24.333          0               0               1          1
              (223, 93, 59989)       22.0          0               0               1          1
             (221, 248, 59989)       22.0          0               0               1          1
             (229, 255, 59989)       22.0          0               0               1          1
             (229, 255, 59989)     31.042          0               0               0          1
             (249, 117, 59989)       22.0          0               0               1          1
              (91, 127, 59989)       22.0          0               0               0          1
             (245, 183, 59989)       22.0          0               0               1          1
             (151, 249, 59989)       22.0          0               0               1          1
             (213, 248, 59989)       22.0          0               0               1          1
             (223, 111, 59989)     22.083          0               0               1          1
             (151, 245, 59989)     22.083          0               0               1          1
              (81, 253, 59989)     22.083          0               0               0          1
              (223, 43, 59989)     22.083          0               0               1          1
             (187, 159, 59989)     22.083          0               0               1          1
             (219, 183, 59989)     22.083          0               0               1          1
             (147, 245, 59989)     22.083          0               0               1          1
             (245, 243, 59989)     22.167          0               0               1          1
             (191, 246, 59989)     22.167          0               0               1          1
             (209, 229, 59989)     22.167          0               0               1          1
             (213, 237, 59989)     22.167          0               0               1          1
             (207, 215, 59989)      22.25          0               0               1          1
             (249, 207, 59989)      22.25          0               0               0          1
             (223, 108, 59989)     22.333          0               0               1          1
             (223, 119, 59989)     22.333          0               0               1          1
             (221, 244, 59989)     22.333          0               0               1          1
             (221, 244, 59989)       24.5          0               0               1          1
             (221, 244, 59989)      28.25          0               0               1          1
             (151, 115, 59989)     22.333          0               0               0          1
             (251, 248, 59989)     22.417          0               0               1          1
             (207, 252, 59989)       22.5          0               0               1          1
             (211, 221, 59989)     22.875          0               0               1          1
              (93, 255, 59989)     23.042          0               0               0          1
             (221, 127, 59989)     23.042          0               0               1          1
              (87, 255, 59989)     23.042          0               0               0          1
             (243, 251, 59989)     23.042          0               0               1          1
             (245, 121, 59989)     23.042          0               0               1          1
              (223, 85, 59989)     23.042          0               0               1          1
             (245, 244, 59989)     23.125          0               0               1          1
             (251, 251, 59989)     23.125          0               0               1          1
             (213, 229, 59989)     23.208          0               0               1          1
             (151, 247, 59989)     23.208          0               0               1          1
             (209, 251, 59989)     23.208          0               0               1          1
             (215, 250, 59989)     23.292          0               0               1          1
             (155, 235, 59989)     23.292          0               0               0          1
             (249, 246, 59989)     23.375          0               0               1          1
             (223, 109, 59989)     23.542          0               0               1          1
             (199, 252, 59989)     23.833          0               0               1          1
             (213, 175, 59989)     23.833          0               0               1          1
             (253, 215, 59989)       24.0          0               0               1          1
              (199, 53, 59989)       24.0          0               0               1          1
             (149, 253, 59989)       24.0          0               0               1          1
             (149, 253, 59989)     24.083          0               0               1          1
             (153, 247, 59989)       24.0          0               0               1          1
             (251, 120, 59989)     24.083          0               0               1          1
             (211, 231, 59989)     24.083          0               0               0          1
             (147, 119, 59989)     24.083          0               0               1          1
             (253, 244, 59989)     24.167          0               0               1          1
              (83, 223, 59989)     24.167          0               0               0          1
             (211, 159, 59989)     24.167          0               0               1          1
             (219, 241, 59989)      24.25          0               0               1          1
             (189, 243, 59989)      24.25          0               0               0          1
             (213, 244, 59989)      24.25          0               0               1          1
             (219, 213, 59989)     24.333          0               0               1          1
             (147, 215, 59989)     24.333          0               0               1          1
              (241, 93, 59989)     24.333          0               0               1          1
              (91, 255, 59989)     24.333          0               0               0          1
             (153, 233, 59989)     24.417          0               0               1          1
             (221, 183, 59989)     24.583          0               0               1          1
             (223, 249, 59989)     24.958          0               0               1          1
             (221, 214, 59989)     25.042          0               0               1          1
             (151, 124, 59989)     25.125          0               0               1          1
             (219, 246, 59989)     25.125          0               0               1          1
             (209, 247, 59989)     25.208          0               0               1          1
             (151, 213, 59989)     25.292          0               0               1          1
             (221, 186, 59989)     25.292          0               0               1          1
             (155, 244, 59989)     25.292          0               0               1          1
              (157, 87, 59989)     25.917          0               0               1          1
              (95, 254, 59989)       26.0          0               0               0          1
             (235, 223, 59989)       26.0          0               0               0          1
             (117, 245, 59989)     26.083          0               0               0          1
              (247, 46, 59989)      26.25          0               0               1          1
             (217, 117, 59989)      26.25          0               0               1          1
             (191, 157, 59989)      26.25          0               0               1          1
             (219, 243, 59989)     26.333          0               0               1          1
             (211, 118, 59989)     26.417          0               0               1          1
             (243, 219, 59989)     26.875          0               0               1          1
             (251, 239, 59989)     27.042          1               0               0          1
             (207, 255, 59989)     27.208          0               0               1          1
             (251, 246, 59989)     27.292          0               0               0          1
             (243, 244, 59989)     27.292          0               0               1          1
             (143, 255, 59989)       28.0          0               0               0          1
             (223, 180, 59989)     28.167          0               0               1          1
             (141, 254, 59989)     28.167          0               0               1          1
             (213, 243, 59989)     28.167          0               0               1          1
             (215, 244, 59989)      28.25          0               0               1          1
             (181, 125, 59989)      28.25          0               0               1          1
             (205, 221, 59989)      28.25          0               0               1          1
             (255, 212, 59989)      28.25          0               0               1          1
             (245, 220, 59989)     29.208          0               0               1          1
              (221, 25, 59989)     29.208          0               0               1          1
             (215, 103, 59989)     29.917          0               0               0          1
             (219, 245, 59989)     30.083          0               0               0          1
             (255, 120, 59989)     30.167          0               0               1          1
             (217, 223, 59989)     30.167          0               0               1          1
             (247, 189, 59989)     30.583          0               0               1          1
             (215, 109, 59989)     30.875          0               0               1          1
              (223, 95, 59989)     32.333          0               0               1          1
             (219, 107, 59989)     32.417          0               0               1          1
