inputs: 16445771/1000 samples
                      [output]   [energy]  [A*B=out] [truth of cfas] [truth of chains]      [num]
        (64255, 253, 16445771)     16.417          0               0               1          1
        (64255, 253, 16445771)      26.75          0               0               1          1
        (64255, 253, 16445771)     28.333          0               0               0          1
        (65357, 247, 16445771)     18.333          0               0               1          1
        (56949, 255, 16445771)     20.167          0               0               1          1
        (55893, 189, 16445771)     20.167          0               0               1          1
        (39935, 253, 16445771)      20.25          0               0               1          1
        (60347, 253, 16445771)      20.25          0               0               1          1
        (40569, 187, 16445771)     20.417          0               0               1          1
        (64885, 191, 16445771)       20.5          0               0               1          1
        (64503, 253, 16445771)      22.25          0               0               1          1
        (55871, 181, 16445771)     22.333          0               0               1          1
        (51967, 247, 16445771)     22.417          0               0               1          1
        (64133, 181, 16445771)       22.5          0               0               1          1
        (47643, 253, 16445771)     24.167          0               0               1          1
        (65043, 245, 16445771)     24.167          0               0               1          1
        (47671, 253, 16445771)     24.167          0               0               1          1
        (60375, 245, 16445771)      24.25          0               0               1          1
        (60119, 245, 16445771)      24.25          0               0               1          1
        (60119, 245, 16445771)     30.333          0               0               1          1
        (64285, 253, 16445771)     24.333          0               0               1          1
        (44735, 189, 16445771)     24.417          0               0               1          1
        (53173, 183, 16445771)     24.417          0               0               1          1
        (64221, 181, 16445771)     24.417          0               0               1          1
        (64037, 181, 16445771)     24.417          0               0               1          1
        (56109, 183, 16445771)       24.5          0               0               1          1
        (59699, 245, 16445771)       24.5          0               0               1          1
        (64069, 181, 16445771)       24.5          0               0               1          1
        (64069, 181, 16445771)      28.25          0               0               1          1
        (43537, 225, 16445771)     26.083          0               0               1          1
        (64283, 189, 16445771)      26.25          0               0               1          1
        (59997, 189, 16445771)      26.25          0               0               1          1
        (56159, 253, 16445771)      26.25          0               0               1          1
        (60213, 189, 16445771)      26.25          0               0               1          1
        (60413, 255, 16445771)      26.25          0               0               1          1
        (62205, 255, 16445771)      26.25          0               0               1          1
        (64085, 189, 16445771)      26.25          0               0               1          1
        (64085, 189, 16445771)       38.5          0               0               0          1
        (64085, 189, 16445771)     38.583          0               0               1          1
        (60061, 253, 16445771)      26.25          0               0               1          1
        (60115, 179, 16445771)     26.333          0               0               1          1
        (65525, 189, 16445771)     26.333          0               0               1          1
        (55341, 255, 16445771)     26.417          0               0               1          1
        (56125, 247, 16445771)     26.417          0               0               1          1
         (64215, 53, 16445771)     26.417          0               0               1          1
        (64189, 245, 16445771)     26.417          0               0               1          1
        (64341, 241, 16445771)     26.417          0               0               1          1
        (57279, 245, 16445771)       26.5          0               0               1          1
        (43541, 181, 16445771)       26.5          0               0               1          1
        (64213, 189, 16445771)       26.5          0               0               1          1
        (40669, 237, 16445771)       26.5          0               0               1          1
        (60277, 183, 16445771)       26.5          0               0               1          1
        (59957, 245, 16445771)       26.5          0               0               1          1
        (59957, 245, 16445771)     38.583          0               0               1          1
        (56317, 189, 16445771)       26.5          0               0               1          1
        (47895, 245, 16445771)       26.5          0               0               1          1
        (64055, 173, 16445771)       26.5          0               0               1          1
        (47957, 245, 16445771)     26.583          0               0               1          1
        (65357, 183, 16445771)     26.583          0               0               1          1
        (63327, 253, 16445771)     26.583          0               0               1          1
        (63229, 181, 16445771)     26.667          0               0               1          1
        (61399, 125, 16445771)      26.75          0               0               1          1
        (60219, 255, 16445771)     28.083          0               0               1          1
        (60069, 189, 16445771)     28.167          0               0               1          1
        (59429, 181, 16445771)     28.167          0               0               1          1
        (60021, 247, 16445771)      28.25          0               0               1          1
        (39135, 245, 16445771)      28.25          0               0               1          1
        (61077, 189, 16445771)      28.25          0               0               1          1
        (56151, 253, 16445771)      28.25          0               0               1          1
        (51925, 189, 16445771)      28.25          0               0               1          1
        (51925, 189, 16445771)     32.583          0               0               1          1
        (51925, 189, 16445771)       36.5          0               0               1          1
        (51735, 125, 16445771)      28.25          0               0               1          1
        (65119, 253, 16445771)     28.333          0               0               1          1
        (65119, 253, 16445771)     30.333          0               0               1          1
        (65405, 253, 16445771)     28.333          0               0               1          1
        (43711, 253, 16445771)     28.333          0               0               1          1
        (65501, 253, 16445771)     28.333          0               0               1          1
        (60053, 181, 16445771)     28.333          0               0               1          1
        (65205, 255, 16445771)     28.333          0               0               1          1
        (65205, 255, 16445771)     30.667          0               0               1          1
        (64319, 253, 16445771)     28.333          0               0               0          1
        (64169, 189, 16445771)     28.333          0               0               1          1
        (65495, 181, 16445771)     28.417          0               0               1          1
        (64477, 247, 16445771)     28.417          0               0               1          1
        (47869, 181, 16445771)     28.417          0               0               0          1
        (55899, 245, 16445771)     28.417          0               0               1          1
        (48383, 253, 16445771)     28.417          0               0               1          1
        (60317, 181, 16445771)     28.417          0               0               1          1
        (60349, 183, 16445771)     28.417          0               0               1          1
        (64501, 189, 16445771)     28.417          0               0               1          1
        (53851, 181, 16445771)     28.417          0               0               1          1
        (57311, 189, 16445771)       28.5          0               0               1          1
        (57311, 189, 16445771)     46.917          0               0               1          1
        (64511, 253, 16445771)       28.5          0               0               1          1
        (51959, 189, 16445771)       28.5          0               0               1          1
        (60629, 215, 16445771)       28.5          0               0               1          1
        (55733, 189, 16445771)       28.5          0               0               1          1
         (55421, 55, 16445771)       28.5          0               0               1          1
        (60123, 149, 16445771)       28.5          0               0               1          1
        (64251, 247, 16445771)       28.5          0               0               1          1
        (52181, 189, 16445771)       28.5          0               0               1          1
        (61141, 245, 16445771)     28.583          0               0               1          1
        (49019, 253, 16445771)     28.583          0               0               1          1
        (64447, 189, 16445771)     28.583          0               0               1          1
        (52949, 189, 16445771)     28.583          0               0               1          1
        (65461, 191, 16445771)     28.583          0               0               1          1
        (64213, 181, 16445771)     28.583          0               0               1          1
        (64213, 181, 16445771)     32.583          0               0               1          1
        (55847, 237, 16445771)     28.667          0               0               1          1
        (52989, 183, 16445771)     28.667          0               0               1          1
        (64351, 247, 16445771)     28.667          0               0               1          1
        (56029, 183, 16445771)     28.667          0               0               1          1
        (51807, 245, 16445771)     28.667          0               0               1          1
        (60119, 189, 16445771)      28.75          0               0               1          1
        (60159, 189, 16445771)      28.75          0               0               1          1
        (64117, 253, 16445771)     30.083          0               0               1          1
        (64117, 253, 16445771)     46.417          0               0               1          1
        (19062, 253, 16445771)     30.167          0               0               0          1
        (24317, 253, 16445771)     30.167          0               0               1          1
        (52191, 253, 16445771)      30.25          0               0               1          1
        (47838, 255, 16445771)      30.25          0               0               1          1
        (65365, 253, 16445771)     30.333          0               0               1          1
        (55871, 245, 16445771)     30.333          0               0               1          1
        (44669, 183, 16445771)     30.333          0               0               1          1
        (55895, 253, 16445771)     30.333          0               0               1          1
        (52055, 253, 16445771)     30.333          0               0               1          1
        (52157, 189, 16445771)     30.333          0               0               1          1
        (52157, 189, 16445771)     36.167          0               0               1          1
        (63645, 157, 16445771)     30.333          0               0               1          1
        (64245, 253, 16445771)     30.333          0               0               1          1
        (64245, 253, 16445771)     36.417          0               0               1          1
        (43573, 253, 16445771)     30.333          0               0               1          1
        (55989, 189, 16445771)     30.333          0               0               1          1
        (51861, 253, 16445771)     30.333          0               0               1          1
        (64159, 245, 16445771)     30.333          0               0               1          1
        (64133, 165, 16445771)     30.333          0               0               1          1
        (43253, 189, 16445771)     30.417          0               0               1          1
        (60087, 253, 16445771)     30.417          0               0               1          2
        (60371, 245, 16445771)     30.417          0               0               1          1
        (56061, 183, 16445771)     30.417          0               0               1          1
        (53113, 252, 16445771)     30.417          0               0               1          1
        (62997, 181, 16445771)     30.417          0               0               1          1
        (54037, 165, 16445771)     30.417          0               0               1          1
        (64201, 241, 16445771)     30.417          0               0               1          1
        (57213, 253, 16445771)       30.5          0               0               1          1
        (57213, 253, 16445771)     34.417          0               0               1          1
        (56063, 253, 16445771)       30.5          0               0               1          1
        (65277, 255, 16445771)       30.5          0               0               1          1
        (65117, 183, 16445771)       30.5          0               0               1          1
        (64109, 181, 16445771)       30.5          0               0               1          1
        (63477, 181, 16445771)       30.5          0               0               1          1
        (64367, 253, 16445771)       30.5          0               0               1          1
        (45015, 253, 16445771)       30.5          0               0               1          1
        (63541, 181, 16445771)       30.5          0               0               1          1
        (60053, 247, 16445771)       30.5          0               0               0          1
        (55919, 181, 16445771)       30.5          0               0               1          1
        (65349, 189, 16445771)       30.5          0               0               1          1
        (56069, 181, 16445771)       30.5          0               0               1          1
        (47871, 253, 16445771)     30.583          0               0               1          1
        (39871, 189, 16445771)     30.583          0               0               1          1
        (56029, 189, 16445771)     30.583          0               0               1          1
        (57173, 189, 16445771)     30.583          0               0               1          1
        (39623, 189, 16445771)     30.583          0               0               1          1
         (64317, 63, 16445771)     30.583          0               0               1          1
        (64315, 181, 16445771)     30.583          0               0               1          1
        (65239, 253, 16445771)     30.583          0               0               1          1
        (65299, 245, 16445771)     30.583          0               0               1          1
        (65405, 189, 16445771)     30.583          0               0               1          1
        (64205, 183, 16445771)     30.583          0               0               1          1
        (35349, 181, 16445771)     30.583          0               0               0          1
        (35349, 181, 16445771)       40.5          0               0               1          1
         (64509, 55, 16445771)     30.667          0               0               1          1
        (61045, 189, 16445771)     30.667          0               0               1          1
        (59985, 149, 16445771)     30.667          0               0               1          1
        (60391, 253, 16445771)      30.75          0               0               1          1
        (56213, 181, 16445771)     30.833          0               0               1          1
        (55947, 253, 16445771)     32.167          0               0               1          1
        (59907, 145, 16445771)     32.167          0               0               1          1
        (64069, 253, 16445771)      32.25          0               0               1          1
        (35702, 255, 16445771)      32.25          0               0               1          1
        (55533, 253, 16445771)      32.25          0               0               1          1
        (64217, 189, 16445771)      32.25          0               0               1          1
        (64125, 181, 16445771)      32.25          0               0               1          1
        (64125, 181, 16445771)       43.0          0               0               1          1
        (39453, 177, 16445771)      32.25          0               0               1          1
        (53781, 181, 16445771)      32.25          0               0               1          1
        (64349, 253, 16445771)      32.25          0               0               1          1
        (64349, 253, 16445771)     44.667          0               0               1          1
        (52025, 255, 16445771)      32.25          0               0               1          1
        (49425, 145, 16445771)      32.25          0               0               1          1
        (60251, 189, 16445771)     32.333          0               0               1          1
        (65439, 253, 16445771)     32.333          0               0               1          1
        (61011, 241, 16445771)     32.333          0               0               0          1
        (51827, 191, 16445771)     32.333          0               0               1          1
        (65309, 245, 16445771)     32.333          0               0               1          1
         (48981, 53, 16445771)     32.333          0               0               1          1
        (51391, 189, 16445771)     32.333          0               0               1          1
        (56093, 181, 16445771)     32.333          0               0               1          1
        (59239, 253, 16445771)     32.417          0               0               1          1
        (61981, 215, 16445771)     32.417          0               0               1          1
        (47707, 189, 16445771)     32.417          0               0               1          1
        (47765, 189, 16445771)     32.417          0               0               1          1
        (47845, 245, 16445771)     32.417          0               0               1          1
        (43871, 253, 16445771)     32.417          0               0               1          1
        (64341, 189, 16445771)     32.417          0               0               1          1
        (64341, 189, 16445771)     34.333          0               0               1          1
        (64399, 189, 16445771)     32.417          0               0               1          1
        (64229, 245, 16445771)     32.417          0               0               1          1
        (61085, 189, 16445771)     32.417          0               0               1          1
        (65439, 245, 16445771)     32.417          0               0               1          1
        (64885, 189, 16445771)     32.417          0               0               1          1
        (31261, 245, 16445771)     32.417          0               0               1          1
        (52307, 189, 16445771)     32.417          0               0               1          1
        (64309, 181, 16445771)     32.417          0               0               1          1
        (52737, 145, 16445771)     32.417          0               0               1          1
        (64159, 189, 16445771)       32.5          0               0               1          1
        (57017, 183, 16445771)       32.5          0               0               1          1
        (47669, 183, 16445771)       32.5          0               0               1          1
        (60063, 253, 16445771)       32.5          0               0               1          1
        (51837, 181, 16445771)       32.5          0               0               1          1
        (62461, 253, 16445771)       32.5          0               0               1          1
        (51309, 247, 16445771)       32.5          0               0               0          1
        (51227, 183, 16445771)       32.5          0               0               1          1
        (65277, 183, 16445771)       32.5          0               0               1          1
        (65503, 253, 16445771)       32.5          0               0               1          1
        (45779, 253, 16445771)       32.5          0               0               1          1
        (64375, 245, 16445771)       32.5          0               0               1          1
        (64501, 191, 16445771)       32.5          0               0               1          1
        (43573, 189, 16445771)       32.5          0               0               1          1
        (60245, 181, 16445771)       32.5          0               0               1          1
        (60245, 181, 16445771)       47.0          0               0               1          1
        (64003, 177, 16445771)       32.5          0               0               1          1
        (65255, 253, 16445771)     32.583          0               0               1          1
        (47839, 253, 16445771)     32.583          0               0               1          1
        (47741, 183, 16445771)     32.583          0               0               1          1
        (63915, 189, 16445771)     32.583          0               0               1          1
        (64346, 221, 16445771)     32.583          0               0               1          1
        (64245, 183, 16445771)     32.583          0               0               1          1
        (52125, 189, 16445771)     32.583          0               0               1          1
         (53041, 55, 16445771)     32.583          0               0               1          1
        (56949, 181, 16445771)     32.583          0               0               1          1
        (64221, 183, 16445771)     32.583          0               0               1          1
        (55893, 177, 16445771)     32.583          0               0               1          1
        (64347, 245, 16445771)     32.583          0               0               1          1
        (60181, 181, 16445771)     32.583          0               0               1          1
        (52887, 245, 16445771)     32.583          0               0               1          1
        (55389, 181, 16445771)     32.583          0               0               1          1
        (47893, 185, 16445771)     32.583          0               0               1          1
         (64471, 61, 16445771)     32.583          0               0               1          1
        (59741, 237, 16445771)     32.583          0               0               1          1
        (56205, 181, 16445771)     32.667          0               0               1          1
        (48725, 189, 16445771)     32.667          0               0               1          1
        (48725, 189, 16445771)       36.5          0               0               1          1
        (57589, 245, 16445771)     32.667          0               0               1          1
        (48125, 183, 16445771)     32.667          0               0               1          1
        (61023, 253, 16445771)     32.667          0               0               1          1
        (64697, 189, 16445771)     32.667          0               0               1          1
        (64315, 183, 16445771)     32.667          0               0               1          1
        (56261, 181, 16445771)     32.667          0               0               1          1
        (63965, 245, 16445771)     32.667          0               0               1          1
        (63985, 181, 16445771)     32.667          0               0               1          1
        (64211, 181, 16445771)     32.667          0               0               1          1
        (60381, 253, 16445771)     32.667          0               0               1          1
        (57333, 181, 16445771)      32.75          0               0               1          1
        (55925, 253, 16445771)      32.75          0               0               1          1
        (57269, 183, 16445771)      32.75          0               0               1          1
        (56005, 181, 16445771)      32.75          0               0               1          1
        (55365, 149, 16445771)      32.75          0               0               1          1
        (64277, 181, 16445771)      32.75          0               0               1          1
        (64223, 253, 16445771)     32.833          0               0               1          1
        (64253, 181, 16445771)     32.833          0               0               1          1
        (54141, 181, 16445771)     32.833          0               0               1          1
        (64149, 181, 16445771)     32.917          0               0               1          1
        (54847, 253, 16445771)      34.25          0               0               1          1
        (64091, 189, 16445771)      34.25          0               0               1          1
        (63573, 181, 16445771)      34.25          0               0               1          1
        (55831, 253, 16445771)      34.25          0               0               1          1
        (51761, 181, 16445771)      34.25          0               0               1          1
        (64221, 253, 16445771)      34.25          0               0               1          1
        (45909, 191, 16445771)      34.25          0               0               1          1
        (51549, 245, 16445771)      34.25          0               0               0          1
        (56117, 245, 16445771)     34.333          0               0               0          1
        (55889, 181, 16445771)     34.333          0               0               1          1
        (55889, 181, 16445771)     36.583          0               0               1          1
        (47401, 185, 16445771)     34.333          0               0               1          1
        (64213, 245, 16445771)     34.333          0               0               1          1
        (64213, 245, 16445771)     34.667          0               0               1          1
        (65181, 189, 16445771)     34.333          0               0               1          1
        (48885, 189, 16445771)     34.333          0               0               1          1
        (52093, 245, 16445771)     34.333          0               0               1          1
        (43861, 189, 16445771)     34.333          0               0               1          1
        (60021, 183, 16445771)     34.417          0               0               1          1
        (43637, 245, 16445771)     34.417          0               0               1          1
        (64183, 253, 16445771)     34.417          0               0               1          1
        (61909, 189, 16445771)     34.417          0               0               1          1
        (24021, 253, 16445771)     34.417          0               0               0          1
        (55389, 253, 16445771)     34.417          0               0               1          1
        (64603, 245, 16445771)     34.417          0               0               1          1
        (61019, 253, 16445771)     34.417          0               0               1          1
        (47829, 189, 16445771)     34.417          0               0               1          1
        (60383, 253, 16445771)     34.417          0               0               1          1
        (64149, 253, 16445771)     34.417          0               0               1          1
        (65373, 253, 16445771)     34.417          0               0               1          1
        (51285, 189, 16445771)     34.417          0               0               1          1
        (53245, 247, 16445771)     34.417          0               0               1          1
        (64001, 151, 16445771)     34.417          0               0               1          1
        (55813, 149, 16445771)     34.417          0               0               1          1
        (55813, 149, 16445771)     42.833          0               0               1          1
        (63491, 145, 16445771)     34.417          0               0               1          1
        (40781, 189, 16445771)       34.5          0               0               1          1
        (41941, 189, 16445771)       34.5          0               0               1          1
        (43633, 181, 16445771)       34.5          0               0               1          1
        (61045, 191, 16445771)       34.5          0               0               1          1
        (48083, 117, 16445771)       34.5          0               0               1          1
        (64031, 253, 16445771)       34.5          0               0               1          1
        (64061, 245, 16445771)       34.5          0               0               1          1
        (43317, 253, 16445771)       34.5          0               0               1          1
         (64365, 61, 16445771)       34.5          0               0               1          1
        (53787, 253, 16445771)       34.5          0               0               1          1
        (65405, 181, 16445771)       34.5          0               0               1          1
        (65405, 181, 16445771)     42.583          0               0               1          1
        (64283, 173, 16445771)       34.5          0               0               1          1
        (64479, 253, 16445771)       34.5          0               0               1          1
        (64479, 253, 16445771)     36.583          0               0               1          1
        (60253, 245, 16445771)       34.5          0               0               1          1
        (64119, 253, 16445771)       34.5          0               0               1          1
        (56989, 183, 16445771)       34.5          0               0               1          1
        (55893, 245, 16445771)       34.5          0               0               1          1
         (60064, 27, 16445771)       34.5          0               0               1          1
        (64445, 255, 16445771)       34.5          0               0               0          1
        (58229, 181, 16445771)       34.5          0               0               1          1
        (47941, 149, 16445771)       34.5          0               0               1          1
        (48893, 191, 16445771)     34.583          0               0               1          1
        (40887, 245, 16445771)     34.583          0               0               1          1
        (64325, 165, 16445771)     34.583          0               0               1          1
        (61773, 253, 16445771)     34.583          0               0               1          1
        (64949, 189, 16445771)     34.583          0               0               0          1
        (59381, 253, 16445771)     34.583          0               0               0          1
        (61183, 253, 16445771)     34.583          0               0               1          1
        (52157, 253, 16445771)     34.583          0               0               1          1
        (60157, 255, 16445771)     34.583          0               0               1          1
        (45717, 183, 16445771)     34.583          0               0               1          1
        (43733, 181, 16445771)     34.583          0               0               1          1
        (52821, 189, 16445771)     34.583          0               0               1          1
        (49111, 125, 16445771)     34.667          0               0               1          1
        (56293, 253, 16445771)     34.667          0               0               1          1
        (65141, 183, 16445771)     34.667          0               0               1          1
        (52061, 247, 16445771)     34.667          0               0               1          1
        (47765, 191, 16445771)     34.667          0               0               1          1
        (56573, 181, 16445771)     34.667          0               0               1          1
        (61429, 183, 16445771)     34.667          0               0               1          1
        (65245, 191, 16445771)     34.667          0               0               1          1
        (56221, 255, 16445771)     34.667          0               0               1          1
        (57305, 157, 16445771)     34.667          0               0               1          1
        (61397, 189, 16445771)     34.667          0               0               1          1
        (55829, 253, 16445771)     34.667          0               0               1          1
        (61429, 255, 16445771)     34.667          0               0               1          1
        (52445, 189, 16445771)     34.667          0               0               0          1
        (63997, 247, 16445771)     34.667          0               0               1          1
        (52813, 191, 16445771)     34.667          0               0               1          1
        (62165, 245, 16445771)     34.667          0               0               1          1
        (63309, 245, 16445771)      34.75          0               0               1          1
        (64183, 245, 16445771)      34.75          0               0               1          1
        (48981, 189, 16445771)      34.75          0               0               1          1
        (47957, 181, 16445771)      34.75          0               0               0          1
        (47679, 189, 16445771)      34.75          0               0               1          1
        (65117, 191, 16445771)      34.75          0               0               1          1
        (64245, 181, 16445771)      34.75          0               0               1          1
        (64245, 181, 16445771)     42.583          0               0               1          1
        (61439, 253, 16445771)      34.75          0               0               1          1
        (64005, 191, 16445771)      34.75          0               0               1          1
        (64477, 181, 16445771)      34.75          0               0               1          1
        (63685, 183, 16445771)      34.75          0               0               1          1
         (51841, 21, 16445771)      34.75          0               0               1          1
        (49015, 189, 16445771)     34.833          0               0               1          1
         (65413, 53, 16445771)     34.833          0               0               1          1
        (55285, 189, 16445771)     34.833          0               0               1          1
        (44917, 181, 16445771)     34.917          0               0               1          1
        (51843, 181, 16445771)       35.0          0               0               1          1
        (52953, 247, 16445771)     36.083          0               0               1          1
        (33293, 199, 16445771)     36.167          0               0               0          1
        (55699, 221, 16445771)      36.25          0               0               1          1
        (51201, 129, 16445771)      36.25          0               0               1          1
        (47735, 253, 16445771)     36.333          0               0               1          1
        (56045, 189, 16445771)     36.333          0               0               1          1
        (64085, 181, 16445771)     36.333          0               0               1          1
        (64085, 181, 16445771)     36.667          0               0               1          1
        (65281, 181, 16445771)     36.333          0               0               1          1
        (64209, 189, 16445771)     36.333          0               0               1          1
        (58143, 245, 16445771)     36.333          0               0               1          1
        (53075, 245, 16445771)     36.417          0               0               1          1
        (57143, 245, 16445771)     36.417          0               0               1          1
        (63829, 245, 16445771)     36.417          0               0               1          1
        (64509, 189, 16445771)     36.417          0               0               1          1
        (60213, 253, 16445771)     36.417          0               0               1          1
        (64899, 189, 16445771)     36.417          0               0               1          1
        (51861, 181, 16445771)     36.417          0               0               1          1
        (37151, 189, 16445771)     36.417          0               0               1          1
        (51765, 189, 16445771)     36.417          0               0               1          1
        (54471, 253, 16445771)     36.417          0               0               1          1
        (57937, 245, 16445771)     36.417          0               0               1          1
        (53149, 181, 16445771)     36.417          0               0               0          1
        (43573, 185, 16445771)     36.417          0               0               1          1
        (49159, 149, 16445771)     36.417          0               0               1          1
        (32773, 181, 16445771)     36.417          0               0               0          1
        (32773, 181, 16445771)     44.417          0               0               0          1
        (32773, 181, 16445771)      46.75          0               0               0          1
        (32773, 181, 16445771)       50.5          0               0               0          1
        (32773, 181, 16445771)     52.583          0               0               0          1
        (32773, 181, 16445771)     54.667          0               0               0          1
        (47977, 253, 16445771)       36.5          0               0               1          1
        (49077, 253, 16445771)       36.5          0               0               1          1
        (64309, 247, 16445771)       36.5          0               0               1          1
        (63677, 189, 16445771)       36.5          0               0               1          1
        (65501, 191, 16445771)       36.5          0               0               1          1
         (49019, 53, 16445771)       36.5          0               0               1          1
        (47325, 189, 16445771)       36.5          0               0               1          1
        (65365, 189, 16445771)       36.5          0               0               1          1
        (54965, 245, 16445771)       36.5          0               0               1          1
        (47697, 157, 16445771)       36.5          0               0               1          1
        (64223, 249, 16445771)       36.5          0               0               1          1
        (64855, 253, 16445771)       36.5          0               0               1          1
        (52053, 189, 16445771)       36.5          0               0               1          1
        (55445, 191, 16445771)       36.5          0               0               1          1
        (64121, 149, 16445771)       36.5          0               0               1          1
        (59925, 177, 16445771)       36.5          0               0               1          1
        (65457, 181, 16445771)       36.5          0               0               1          1
        (43716, 205, 16445771)       36.5          0               0               1          1
        (64003, 181, 16445771)       36.5          0               0               1          1
        (51787, 181, 16445771)     36.583          0               0               1          1
        (64397, 181, 16445771)     36.583          0               0               1          1
        (43827, 181, 16445771)     36.583          0               0               0          1
        (65111, 253, 16445771)     36.583          0               0               1          1
        (54781, 189, 16445771)     36.583          0               0               1          1
        (40797, 253, 16445771)     36.583          0               0               1          1
        (65219, 245, 16445771)     36.583          0               0               1          1
        (39749, 181, 16445771)     36.583          0               0               1          1
        (60037, 181, 16445771)     36.583          0               0               1          1
        (55919, 253, 16445771)     36.583          0               0               1          1
        (60273, 157, 16445771)     36.583          0               0               1          1
        (52217, 189, 16445771)     36.583          0               0               1          1
        (39637, 189, 16445771)     36.583          0               0               1          1
        (64005, 181, 16445771)     36.583          0               0               1          1
        (64005, 181, 16445771)     38.667          0               0               1          1
        (60663, 181, 16445771)     36.583          0               0               1          1
        (64471, 245, 16445771)     36.583          0               0               1          1
        (60395, 181, 16445771)     36.583          0               0               1          1
        (43613, 181, 16445771)     36.583          0               0               1          1
        (51205, 149, 16445771)     36.583          0               0               1          1
        (64341, 181, 16445771)     36.583          0               0               1          1
        (64341, 181, 16445771)       37.0          0               0               1          1
        (51727, 181, 16445771)     36.583          0               0               1          1
        (56835, 181, 16445771)     36.583          0               0               1          1
        (63063, 189, 16445771)     36.583          0               0               1          1
        (56837, 181, 16445771)     36.583          0               0               1          1
        (30981, 149, 16445771)     36.583          0               0               0          1
        (51791, 181, 16445771)     36.583          0               0               1          1
        (65041, 209, 16445771)     36.583          0               0               1          1
         (63649, 13, 16445771)     36.583          0               0               1          1
         (61267, 29, 16445771)     36.667          0               0               1          1
        (59869, 181, 16445771)     36.667          0               0               1          1
        (60989, 245, 16445771)     36.667          0               0               1          1
        (40827, 253, 16445771)     36.667          0               0               1          1
        (64305, 181, 16445771)     36.667          0               0               1          1
        (56117, 253, 16445771)     36.667          0               0               1          1
        (56021, 241, 16445771)     36.667          0               0               1          1
        (65367, 189, 16445771)     36.667          0               0               1          1
        (64469, 189, 16445771)     36.667          0               0               1          1
        (65277, 189, 16445771)     36.667          0               0               0          1
        (65303, 245, 16445771)     36.667          0               0               1          1
        (56957, 183, 16445771)     36.667          0               0               1          1
        (53877, 181, 16445771)     36.667          0               0               1          1
        (64477, 191, 16445771)     36.667          0               0               1          1
        (61473, 177, 16445771)     36.667          0               0               1          1
        (46045, 253, 16445771)      36.75          0               0               1          1
        (57149, 181, 16445771)      36.75          0               0               1          1
        (56893, 189, 16445771)      36.75          0               0               1          1
        (59925, 189, 16445771)      36.75          0               0               1          1
        (60117, 183, 16445771)      36.75          0               0               1          1
        (61405, 189, 16445771)      36.75          0               0               1          1
         (55549, 53, 16445771)     36.833          0               0               1          1
        (57181, 183, 16445771)     36.833          0               0               1          1
        (57181, 183, 16445771)      44.75          0               0               1          1
        (63863, 245, 16445771)     36.833          0               0               1          1
        (51799, 157, 16445771)     36.833          0               0               1          1
        (56309, 189, 16445771)     36.833          0               0               1          1
        (64093, 249, 16445771)      38.25          0               0               1          1
        (49945, 177, 16445771)      38.25          0               0               1          1
         (64069, 61, 16445771)     38.333          0               0               1          1
        (62013, 189, 16445771)     38.333          0               0               1          1
        (65277, 245, 16445771)     38.333          0               0               1          1
        (64411, 253, 16445771)     38.333          0               0               0          1
        (57079, 253, 16445771)     38.333          0               0               1          1
        (59997, 245, 16445771)     38.333          0               0               1          1
        (56147, 245, 16445771)     38.333          0               0               1          1
        (51713, 133, 16445771)     38.333          0               0               1          1
        (43264, 169, 16445771)     38.333          0               0               1          1
        (49153, 129, 16445771)     38.333          0               0               1          1
        (49153, 129, 16445771)       44.5          0               0               1          1
        (49153, 129, 16445771)     46.583          0               0               1          1
        (49153, 129, 16445771)     48.333          0               0               0          1
        (49153, 129, 16445771)     50.667          0               0               1          1
        (47853, 253, 16445771)     38.417          0               0               1          1
        (49533, 183, 16445771)     38.417          0               0               1          1
        (63709, 189, 16445771)     38.417          0               0               1          1
        (44925, 253, 16445771)     38.417          0               0               1          1
         (60005, 53, 16445771)     38.417          0               0               1          1
        (43901, 181, 16445771)     38.417          0               0               0          1
        (47191, 245, 16445771)     38.417          0               0               1          1
        (61761, 181, 16445771)     38.417          0               0               1          1
        (43595, 181, 16445771)     38.417          0               0               1          1
        (49153, 145, 16445771)     38.417          0               0               1          1
        (49153, 145, 16445771)       42.5          0               0               1          1
        (49153, 145, 16445771)     44.417          0               0               1          1
        (49153, 145, 16445771)       46.5          0               0               1          1
        (49153, 145, 16445771)     46.583          0               0               1          1
        (49153, 145, 16445771)       49.0          0               0               1          1
        (49153, 145, 16445771)     52.583          0               0               1          1
        (49153, 145, 16445771)     54.583          0               0               1          1
        (34821, 133, 16445771)     38.417          0               0               0          1
        (64189, 189, 16445771)       38.5          0               0               1          1
        (40095, 253, 16445771)       38.5          0               0               1          1
        (38813, 245, 16445771)       38.5          0               0               1          1
        (62073, 157, 16445771)       38.5          0               0               1          1
        (48861, 189, 16445771)       38.5          0               0               1          1
        (52989, 181, 16445771)       38.5          0               0               1          1
        (64413, 181, 16445771)       38.5          0               0               1          1
        (56543, 189, 16445771)       38.5          0               0               1          1
        (43995, 253, 16445771)       38.5          0               0               1          1
        (39781, 181, 16445771)       38.5          0               0               1          1
        (64029, 181, 16445771)       38.5          0               0               1          1
        (64509, 255, 16445771)       38.5          0               0               1          1
        (31237, 181, 16445771)       38.5          0               0               1          1
        (55817, 189, 16445771)       38.5          0               0               1          1
        (63745, 133, 16445771)       38.5          0               0               1          1
        (47773, 181, 16445771)     38.583          0               0               1          1
        (53245, 173, 16445771)     38.583          0               0               1          1
        (57052, 253, 16445771)     38.583          0               0               1          1
        (47957, 253, 16445771)     38.583          0               0               1          1
        (65299, 189, 16445771)     38.583          0               0               1          1
        (65113, 245, 16445771)     38.583          0               0               1          1
        (64373, 189, 16445771)     38.583          0               0               1          1
        (64373, 189, 16445771)      38.75          0               0               1          1
        (65493, 253, 16445771)     38.583          0               0               1          1
        (55991, 189, 16445771)     38.583          0               0               0          1
        (65333, 173, 16445771)     38.583          0               0               1          1
        (53715, 181, 16445771)     38.583          0               0               1          1
         (51909, 53, 16445771)     38.583          0               0               1          1
         (64501, 61, 16445771)     38.583          0               0               1          1
        (49175, 181, 16445771)     38.583          0               0               1          1
        (49175, 181, 16445771)     48.583          0               0               0          1
        (43029, 181, 16445771)     38.583          0               0               1          1
        (49109, 181, 16445771)     38.667          0               0               1          1
        (61076, 219, 16445771)     38.667          0               0               1          1
        (47741, 245, 16445771)     38.667          0               0               1          1
        (59309, 189, 16445771)     38.667          0               0               1          1
        (59989, 181, 16445771)     38.667          0               0               1          1
        (47991, 189, 16445771)     38.667          0               0               0          1
        (42053, 191, 16445771)     38.667          0               0               1          1
        (44765, 181, 16445771)     38.667          0               0               1          1
        (65109, 253, 16445771)     38.667          0               0               1          1
        (63767, 173, 16445771)     38.667          0               0               1          1
        (64317, 181, 16445771)     38.667          0               0               1          1
        (59973, 189, 16445771)     38.667          0               0               1          1
         (52251, 53, 16445771)     38.667          0               0               1          1
        (60927, 253, 16445771)     38.667          0               0               1          1
        (64281, 253, 16445771)     38.667          0               0               1          1
        (57019, 189, 16445771)     38.667          0               0               1          1
        (47741, 181, 16445771)     38.667          0               0               1          1
        (43965, 181, 16445771)     38.667          0               0               1          1
        (41039, 181, 16445771)     38.667          0               0               1          1
        (23733, 181, 16445771)     38.667          0               0               0          1
        (60241, 149, 16445771)     38.667          0               0               1          1
        (64373, 181, 16445771)     38.667          0               0               1          1
        (64373, 181, 16445771)     38.833          0               0               1          1
          (64017, 9, 16445771)     38.667          0               0               1          1
        (57301, 253, 16445771)      38.75          0               0               1          2
        (55869, 183, 16445771)      38.75          0               0               1          1
        (64511, 189, 16445771)      38.75          0               0               1          1
        (51797, 189, 16445771)      38.75          0               0               1          1
        (44021, 181, 16445771)      38.75          0               0               1          1
        (48025, 253, 16445771)      38.75          0               0               1          1
        (52095, 189, 16445771)      38.75          0               0               1          1
        (61973, 181, 16445771)      38.75          0               0               1          1
         (64121, 61, 16445771)      38.75          0               0               1          1
        (51879, 181, 16445771)      38.75          0               0               1          1
        (48083, 181, 16445771)      38.75          0               0               1          1
        (64445, 245, 16445771)     38.833          0               0               1          1
        (64323, 181, 16445771)     38.833          0               0               1          1
        (64275, 189, 16445771)     38.833          0               0               1          1
        (47927, 149, 16445771)     38.833          0               0               1          1
        (53909, 177, 16445771)     38.833          0               0               1          1
        (59907, 161, 16445771)     38.833          0               0               1          1
        (65279, 189, 16445771)     38.917          0               0               1          1
        (49749, 181, 16445771)     38.917          0               0               1          1
        (48661, 189, 16445771)     38.917          0               0               1          1
        (33397, 181, 16445771)     38.917          0               0               1          1
        (60405, 181, 16445771)     38.917          0               0               1          1
        (64051, 181, 16445771)     38.917          0               0               1          1
        (47701, 183, 16445771)     38.917          0               0               1          1
        (65373, 189, 16445771)     39.083          0               0               1          1
        (64118, 253, 16445771)      40.25          0               0               1          1
        (57349, 149, 16445771)     40.333          0               0               1          1
        (57349, 149, 16445771)     40.583          0               0               1          1
        (48757, 189, 16445771)     40.417          0               0               1          1
        (45981, 253, 16445771)     40.417          0               0               1          1
        (62199, 253, 16445771)     40.417          0               0               1          1
        (45071, 189, 16445771)     40.417          0               0               1          1
        (59666, 253, 16445771)     40.417          0               0               0          1
        (63157, 253, 16445771)     40.417          0               0               1          1
        (52221, 183, 16445771)     40.417          0               0               1          1
        (45605, 183, 16445771)     40.417          0               0               0          1
        (37411, 149, 16445771)     40.417          0               0               1          1
        (51717, 245, 16445771)     40.417          0               0               1          1
        (57349, 133, 16445771)     40.417          0               0               1          1
        (40961, 145, 16445771)     40.417          0               0               1          1
        (49148, 253, 16445771)       40.5          0               0               1          1
        (22365, 253, 16445771)       40.5          0               0               0          1
        (64301, 189, 16445771)       40.5          0               0               1          1
        (51893, 189, 16445771)       40.5          0               0               1          1
        (35069, 189, 16445771)       40.5          0               0               1          1
        (49159, 229, 16445771)       40.5          0               0               1          1
        (56215, 245, 16445771)       40.5          0               0               0          1
        (60149, 245, 16445771)       40.5          0               0               1          1
        (64343, 125, 16445771)       40.5          0               0               1          1
        (60453, 157, 16445771)       40.5          0               0               1          1
        (43589, 179, 16445771)       40.5          0               0               1          1
        (57347, 165, 16445771)       40.5          0               0               1          1
        (44757, 191, 16445771)     40.583          0               0               1          1
        (31581, 181, 16445771)     40.583          0               0               0          1
        (63745, 181, 16445771)     40.583          0               0               1          1
        (55303, 189, 16445771)     40.583          0               0               1          1
        (56917, 189, 16445771)     40.583          0               0               1          1
        (64638, 253, 16445771)     40.583          0               0               0          1
        (57493, 189, 16445771)     40.583          0               0               1          1
        (64245, 189, 16445771)     40.583          0               0               0          1
        (59393, 177, 16445771)     40.583          0               0               1          1
        (59393, 177, 16445771)     54.833          0               0               1          1
        (51205, 165, 16445771)     40.583          0               0               1          1
        (51201, 165, 16445771)     40.583          0               0               1          1
        (63489, 181, 16445771)     40.583          0               0               1          1
        (59397, 181, 16445771)     40.583          0               0               0          1
        (59397, 181, 16445771)     48.583          0               0               1          1
        (55809, 145, 16445771)     40.583          0               0               1          1
        (49149, 189, 16445771)     40.667          0               0               1          1
        (45055, 189, 16445771)     40.667          0               0               1          1
         (65269, 63, 16445771)     40.667          0               0               1          1
        (62494, 253, 16445771)     40.667          0               0               1          1
        (48341, 181, 16445771)     40.667          0               0               1          1
        (54037, 189, 16445771)     40.667          0               0               1          1
        (53269, 253, 16445771)     40.667          0               0               1          1
        (64145, 245, 16445771)     40.667          0               0               1          1
        (47893, 253, 16445771)     40.667          0               0               1          1
        (64149, 189, 16445771)     40.667          0               0               1          1
        (65389, 183, 16445771)     40.667          0               0               1          1
        (60045, 181, 16445771)     40.667          0               0               1          1
        (60861, 181, 16445771)     40.667          0               0               1          1
        (56951, 245, 16445771)     40.667          0               0               1          1
        (29597, 179, 16445771)     40.667          0               0               0          1
        (55895, 189, 16445771)     40.667          0               0               1          1
        (64005, 241, 16445771)     40.667          0               0               1          1
        (65245, 183, 16445771)     40.667          0               0               1          1
        (65345, 177, 16445771)     40.667          0               0               1          1
        (55813, 181, 16445771)     40.667          0               0               1          1
        (64785, 141, 16445771)     40.667          0               0               1          1
        (55297, 161, 16445771)     40.667          0               0               1          1
        (55297, 161, 16445771)     46.833          0               0               0          1
        (65375, 253, 16445771)      40.75          0               0               1          1
        (64349, 189, 16445771)      40.75          0               0               1          1
        (39485, 181, 16445771)      40.75          0               0               1          1
        (57269, 253, 16445771)      40.75          0               0               1          1
        (53761, 181, 16445771)      40.75          0               0               1          1
        (63733, 181, 16445771)      40.75          0               0               1          1
        (54283, 253, 16445771)      40.75          0               0               1          1
        (56965, 181, 16445771)      40.75          0               0               1          1
        (33285, 149, 16445771)      40.75          0               0               0          1
        (33285, 149, 16445771)     62.333          0               0               0          1
        (61445, 151, 16445771)      40.75          0               0               1          1
        (49077, 181, 16445771)     40.833          0               0               1          1
        (64381, 181, 16445771)     40.833          0               0               1          1
        (40597, 181, 16445771)     40.833          0               0               1          1
        (54975, 245, 16445771)     40.833          0               0               1          1
        (56413, 245, 16445771)     40.833          0               0               1          1
        (36699, 245, 16445771)     40.833          0               0               1          1
        (50269, 189, 16445771)     40.833          0               0               1          1
        (55313, 181, 16445771)     40.833          0               0               0          1
        (61173, 187, 16445771)     40.833          0               0               1          1
        (53845, 189, 16445771)     40.833          0               0               1          1
        (47697, 181, 16445771)     40.917          0               0               1          1
        (49973, 181, 16445771)     40.917          0               0               1          1
        (61699, 151, 16445771)     40.917          0               0               0          1
        (61333, 181, 16445771)       41.0          0               0               1          1
        (65469, 191, 16445771)       41.0          0               0               1          1
        (56891, 181, 16445771)     41.083          0               0               1          1
        (61049, 189, 16445771)     42.167          0               0               1          1
        (52255, 253, 16445771)     42.333          0               0               0          1
        (47107, 157, 16445771)     42.333          0               0               1          1
        (40453, 189, 16445771)     42.333          0               0               1          1
        (34817, 149, 16445771)     42.333          0               0               0          1
        (49157, 161, 16445771)     42.333          0               0               1          1
        (56957, 189, 16445771)     42.417          0               0               1          1
        (61247, 253, 16445771)     42.417          0               0               1          1
        (53847, 245, 16445771)     42.417          0               0               1          1
        (65461, 189, 16445771)     42.417          0               0               1          1
        (55425, 209, 16445771)     42.417          0               0               1          1
        (61337, 181, 16445771)       42.5          0               0               1          1
        (23429, 245, 16445771)       42.5          0               0               1          1
        (64101, 181, 16445771)       42.5          0               0               1          1
        (56189, 253, 16445771)       42.5          0               0               0          1
        (65181, 183, 16445771)       42.5          0               0               1          1
        (63673, 181, 16445771)       42.5          0               0               1          1
        (48081, 149, 16445771)       42.5          0               0               1          1
        (36871, 177, 16445771)       42.5          0               0               0          1
          (55304, 1, 16445771)       42.5          0               0               1          1
        (49154, 129, 16445771)       42.5          0               0               1          1
        (56827, 237, 16445771)     42.583          0               0               1          1
        (64013, 181, 16445771)     42.583          0               0               1          1
        (64215, 189, 16445771)     42.583          0               0               1          1
        (52789, 149, 16445771)     42.583          0               0               1          1
        (64157, 253, 16445771)     42.583          0               0               1          1
        (35321, 253, 16445771)     42.583          0               0               1          1
        (34821, 181, 16445771)     42.583          0               0               0          1
        (64001, 177, 16445771)     42.583          0               0               1          1
        (59393, 181, 16445771)     42.583          0               0               1          1
        (57303, 181, 16445771)     42.667          0               0               1          1
        (64340, 253, 16445771)     42.667          0               0               1          1
        (57145, 191, 16445771)     42.667          0               0               1          1
        (44915, 253, 16445771)     42.667          0               0               1          1
        (62475, 149, 16445771)     42.667          0               0               1          1
         (51957, 63, 16445771)     42.667          0               0               0          1
        (64057, 181, 16445771)     42.667          0               0               1          1
        (65275, 247, 16445771)     42.667          0               0               1          1
        (56339, 247, 16445771)     42.667          0               0               0          1
        (43713, 133, 16445771)     42.667          0               0               1          1
        (61457, 229, 16445771)     42.667          0               0               1          1
        (47139, 145, 16445771)     42.667          0               0               1          1
        (55429, 253, 16445771)     42.667          0               0               1          1
        (56343, 189, 16445771)     42.667          0               0               1          1
        (43715, 181, 16445771)     42.667          0               0               1          1
        (63557, 189, 16445771)     42.667          0               0               1          1
        (53251, 149, 16445771)     42.667          0               0               1          1
        (53251, 149, 16445771)       55.0          0               0               1          1
        (57345, 129, 16445771)     42.667          0               0               1          1
        (57345, 129, 16445771)     46.583          0               0               1          1
        (57345, 129, 16445771)     46.667          0               0               1          1
        (55301, 149, 16445771)     42.667          0               0               1          1
        (51221, 161, 16445771)     42.667          0               0               1          1
        (32789, 181, 16445771)     42.667          0               0               0          1
        (32789, 181, 16445771)       58.5          0               0               0          1
        (57345, 149, 16445771)     42.667          0               0               1          1
        (51201, 145, 16445771)     42.667          0               0               1          1
        (63871, 189, 16445771)      42.75          0               0               0          1
        (65173, 177, 16445771)      42.75          0               0               1          1
        (65493, 189, 16445771)      42.75          0               0               1          1
        (64325, 189, 16445771)      42.75          0               0               1          1
        (39765, 181, 16445771)      42.75          0               0               1          1
        (64001, 181, 16445771)      42.75          0               0               1          1
        (56341, 177, 16445771)      42.75          0               0               1          1
        (51969, 161, 16445771)      42.75          0               0               1          1
        (62205, 245, 16445771)     42.833          0               0               1          1
        (60101, 245, 16445771)     42.833          0               0               1          1
        (56209, 181, 16445771)     42.833          0               0               1          1
        (57329, 253, 16445771)     42.833          0               0               1          1
        (64493, 181, 16445771)     42.833          0               0               1          1
        (56925, 253, 16445771)     42.833          0               0               1          1
        (53013, 189, 16445771)     42.833          0               0               1          1
        (63829, 181, 16445771)     42.833          0               0               0          1
        (43533, 213, 16445771)     42.833          0               0               1          1
        (57169, 157, 16445771)     42.917          0               0               1          1
        (51741, 181, 16445771)     42.917          0               0               1          1
        (45783, 245, 16445771)     42.917          0               0               1          1
        (39645, 181, 16445771)       43.0          0               0               1          1
        (61371, 253, 16445771)     43.083          0               0               1          1
        (65277, 253, 16445771)     44.417          0               0               1          1
        (59392, 129, 16445771)     44.417          0               0               1          1
        (33281, 129, 16445771)     44.417          0               0               0          1
        (47465, 253, 16445771)       44.5          0               0               1          1
        (65053, 245, 16445771)       44.5          0               0               1          1
        (56181, 253, 16445771)       44.5          0               0               1          1
        (60031, 181, 16445771)       44.5          0               0               0          1
        (53525, 189, 16445771)       44.5          0               0               1          1
        (49157, 181, 16445771)       44.5          0               0               1          1
        (60160, 161, 16445771)       44.5          0               0               1          1
        (49153, 161, 16445771)       44.5          0               0               0          1
        (49153, 161, 16445771)     46.583          0               0               0          1
        (49153, 161, 16445771)     50.583          0               0               1          1
        (49153, 149, 16445771)       44.5          0               0               0          1
        (49153, 149, 16445771)       46.5          0               0               1          1
        (49153, 149, 16445771)       50.5          0               0               1          1
        (49153, 149, 16445771)     52.667          0               0               1          1
          (51265, 5, 16445771)       44.5          0               0               1          1
        (49153, 133, 16445771)       44.5          0               0               0          1
        (49153, 133, 16445771)     48.333          0               0               1          1
        (49153, 133, 16445771)       50.5          0               0               1          1
        (49153, 133, 16445771)       56.5          0               0               1          1
         (65461, 53, 16445771)     44.583          0               0               1          1
        (62333, 183, 16445771)     44.583          0               0               1          1
        (35805, 253, 16445771)     44.583          0               0               1          1
        (64761, 181, 16445771)     44.583          0               0               1          1
        (56159, 189, 16445771)     44.583          0               0               1          1
        (47685, 225, 16445771)     44.583          0               0               1          1
        (63950, 253, 16445771)     44.583          0               0               1          1
        (61405, 245, 16445771)     44.583          0               0               1          1
        (43509, 245, 16445771)     44.583          0               0               1          1
        (49155, 133, 16445771)     44.583          0               0               1          1
        (32849, 147, 16445771)     44.583          0               0               0          1
        (51719, 165, 16445771)     44.583          0               0               1          1
        (53249, 181, 16445771)     44.583          0               0               1          1
        (59649, 129, 16445771)     44.583          0               0               1          1
        (51201, 149, 16445771)     44.583          0               0               1          1
        (40915, 245, 16445771)     44.667          0               0               1          1
        (61173, 181, 16445771)     44.667          0               0               1          1
        (57243, 253, 16445771)     44.667          0               0               1          1
        (56149, 189, 16445771)     44.667          0               0               1          1
        (31701, 181, 16445771)     44.667          0               0               0          1
        (64341, 149, 16445771)     44.667          0               0               1          1
        (55809, 165, 16445771)     44.667          0               0               1          1
        (55297, 149, 16445771)     44.667          0               0               1          1
        (47619, 149, 16445771)     44.667          0               0               1          1
        (49155, 177, 16445771)     44.667          0               0               1          1
        (63989, 173, 16445771)      44.75          0               0               1          1
        (59905, 181, 16445771)      44.75          0               0               1          1
        (55553, 149, 16445771)      44.75          0               0               0          1
        (49165, 181, 16445771)      44.75          0               0               1          1
        (49165, 181, 16445771)       48.5          0               0               1          1
        (49165, 181, 16445771)      52.75          0               0               1          1
          (51204, 1, 16445771)      44.75          0               0               1          1
        (49037, 181, 16445771)     44.833          0               0               1          1
        (48109, 181, 16445771)     44.833          0               0               1          1
        (48571, 253, 16445771)     44.833          0               0               1          1
        (55877, 181, 16445771)     44.833          0               0               1          1
         (52096, 49, 16445771)     44.833          0               0               1          1
        (57413, 149, 16445771)     44.833          0               0               1          1
        (49159, 181, 16445771)     44.917          0               0               1          1
        (60611, 145, 16445771)     44.917          0               0               1          1
        (51203, 181, 16445771)     44.917          0               0               1          1
        (49925, 133, 16445771)       45.0          0               0               1          1
          (49152, 1, 16445771)     46.167          0               0               0          1
        (49169, 177, 16445771)     46.417          0               0               1          1
        (57345, 161, 16445771)     46.417          0               0               1          1
        (32769, 129, 16445771)     46.417          0               0               0          1
        (32769, 129, 16445771)     50.583          0               0               0          1
        (32769, 129, 16445771)     58.417          0               0               0          1
        (32769, 129, 16445771)     60.417          0               0               0          1
        (48030, 253, 16445771)       46.5          0               0               1          1
        (45313, 177, 16445771)       46.5          0               0               1          1
        (34817, 161, 16445771)       46.5          0               0               0          1
        (49152, 161, 16445771)       46.5          0               0               0          1
        (55477, 245, 16445771)     46.583          0               0               1          1
        (55381, 185, 16445771)     46.583          0               0               1          1
        (64447, 253, 16445771)     46.583          0               0               1          1
        (53913, 177, 16445771)     46.583          0               0               1          1
        (38899, 245, 16445771)     46.583          0               0               0          1
         (57345, 17, 16445771)     46.583          0               0               1          1
        (50177, 129, 16445771)     46.583          0               0               1          1
        (51829, 181, 16445771)     46.667          0               0               1          1
        (54613, 189, 16445771)     46.667          0               0               1          1
         (51201, 53, 16445771)     46.667          0               0               0          1
        (63493, 149, 16445771)     46.667          0               0               1          1
        (47107, 133, 16445771)     46.667          0               0               1          1
        (55808, 133, 16445771)     46.667          0               0               1          1
        (54845, 253, 16445771)      46.75          0               0               0          1
        (47485, 255, 16445771)      46.75          0               0               1          1
        (64257, 181, 16445771)      46.75          0               0               1          1
        (26237, 179, 16445771)      46.75          0               0               0          1
        (55327, 173, 16445771)      46.75          0               0               1          1
        (56477, 183, 16445771)      46.75          0               0               1          1
        (63491, 181, 16445771)      46.75          0               0               1          1
        (51717, 177, 16445771)      46.75          0               0               1          1
        (65281, 225, 16445771)      46.75          0               0               1          1
        (63489, 149, 16445771)      46.75          0               0               1          1
        (61443, 149, 16445771)      46.75          0               0               1          1
        (56155, 189, 16445771)     46.833          0               0               1          1
        (52829, 181, 16445771)     46.833          0               0               1          1
        (59921, 133, 16445771)     46.833          0               0               1          1
        (53253, 181, 16445771)     46.833          0               0               1          1
        (62417, 149, 16445771)     46.833          0               0               1          1
        (64341, 191, 16445771)     46.833          0               0               1          1
        (65533, 245, 16445771)     46.917          0               0               1          1
        (60477, 189, 16445771)     46.917          0               0               1          1
         (53249, 33, 16445771)      48.25          0               0               1          1
        (49155, 129, 16445771)     48.333          0               0               0          1
        (49152, 129, 16445771)     48.333          0               0               1          1
        (49152, 129, 16445771)     50.667          0               0               1          1
        (49152, 129, 16445771)     52.667          0               0               1          1
        (41757, 181, 16445771)     48.417          0               0               1          1
        (49157, 165, 16445771)     48.417          0               0               0          1
        (49157, 165, 16445771)     54.917          0               0               1          1
        (32821, 181, 16445771)     48.417          0               0               0          1
        (62993, 241, 16445771)       48.5          0               0               1          1
        (59905, 129, 16445771)       48.5          0               0               1          1
        (32773, 149, 16445771)       48.5          0               0               0          1
        (32773, 149, 16445771)     52.583          0               0               0          1
        (55328, 123, 16445771)     48.583          0               0               1          1
        (49153, 177, 16445771)     48.583          0               0               1          1
        (49153, 177, 16445771)     50.667          0               0               0          1
        (49153, 177, 16445771)     52.667          0               0               0          1
        (49675, 177, 16445771)     48.583          0               0               0          1
        (38913, 133, 16445771)     48.583          0               0               1          1
        (54101, 181, 16445771)     48.667          0               0               1          1
        (49173, 177, 16445771)     48.667          0               0               1          1
        (40989, 181, 16445771)     48.667          0               0               0          1
         (49152, 17, 16445771)     48.667          0               0               1          1
        (43011, 165, 16445771)     48.667          0               0               1          1
        (43521, 129, 16445771)     48.667          0               0               1          1
        (35393, 165, 16445771)     48.667          0               0               1          1
        (64011, 245, 16445771)      48.75          0               0               1          1
        (40961, 149, 16445771)      48.75          0               0               1          1
        (36867, 161, 16445771)      48.75          0               0               0          1
        (49175, 245, 16445771)     48.833          0               0               1          1
        (49155, 149, 16445771)     48.833          0               0               1          1
        (39805, 189, 16445771)       49.0          0               0               1          1
        (57009, 177, 16445771)     49.083          0               0               1          1
        (32785, 181, 16445771)     50.333          0               0               0          1
        (32785, 181, 16445771)       58.5          0               0               0          1
        (40961, 133, 16445771)     50.333          0               0               0          1
        (49153, 181, 16445771)     50.417          0               0               0          1
        (49153, 181, 16445771)     50.833          0               0               1          1
        (35328, 129, 16445771)     50.417          0               0               1          1
          (49169, 5, 16445771)       50.5          0               0               0          1
        (34819, 177, 16445771)       50.5          0               0               0          1
        (32775, 181, 16445771)       50.5          0               0               0          1
        (49213, 189, 16445771)     50.583          0               0               0          1
         (41025, 49, 16445771)     50.583          0               0               0          1
        (47105, 225, 16445771)     50.583          0               0               1          1
        (53251, 145, 16445771)     50.583          0               0               0          1
        (32769, 177, 16445771)     50.583          0               0               0          1
        (61441, 161, 16445771)     50.583          0               0               1          1
        (32773, 129, 16445771)     50.583          0               0               0          1
        (57345, 165, 16445771)     50.667          0               0               1          1
        (57345, 163, 16445771)     50.667          0               0               1          1
        (36867, 181, 16445771)     50.667          0               0               0          1
        (28965, 145, 16445771)      50.75          0               0               1          1
        (53281, 149, 16445771)      50.75          0               0               1          1
         (55809, 21, 16445771)      50.75          0               0               1          1
        (47105, 129, 16445771)      50.75          0               0               1          1
        (57857, 181, 16445771)     50.833          0               0               1          1
        (57345, 145, 16445771)     50.833          0               0               1          1
        (45617, 149, 16445771)     50.917          0               0               1          1
        (63489, 133, 16445771)     50.917          0               0               1          1
        (63489, 133, 16445771)     58.833          0               0               1          1
        (57349, 181, 16445771)       51.0          0               0               1          1
        (64135, 149, 16445771)     51.167          0               0               1          1
        (32769, 161, 16445771)     52.333          0               0               0          1
        (32769, 161, 16445771)       56.5          0               0               0          1
        (32770, 129, 16445771)     52.333          0               0               0          1
        (32776, 129, 16445771)     52.333          0               0               0          1
        (32769, 133, 16445771)     52.417          0               0               0          1
        (32769, 133, 16445771)     52.583          0               0               0          1
        (32769, 133, 16445771)     54.417          0               0               0          1
        (32769, 133, 16445771)     54.583          0               0               0          1
        (32769, 133, 16445771)     60.417          0               0               0          1
        (49152, 225, 16445771)     52.417          0               0               1          1
        (40961, 177, 16445771)     52.417          0               0               0          1
        (32769, 181, 16445771)       52.5          0               0               0          1
        (49153, 165, 16445771)     52.583          0               0               1          1
        (32789, 165, 16445771)     52.583          0               0               0          1
        (53249, 161, 16445771)     52.667          0               0               1          1
        (39237, 181, 16445771)     52.667          0               0               1          1
        (32771, 181, 16445771)     52.667          0               0               0          1
        (32787, 165, 16445771)     52.667          0               0               0          1
        (61953, 145, 16445771)     52.833          0               0               1          1
        (32775, 177, 16445771)     52.833          0               0               0          1
        (47105, 149, 16445771)     52.917          0               0               1          1
        (33793, 129, 16445771)      54.25          0               0               0          1
        (34821, 177, 16445771)      54.25          0               0               0          1
        (41472, 129, 16445771)     54.417          0               0               1          1
        (32773, 147, 16445771)     54.417          0               0               0          1
        (40993, 145, 16445771)       54.5          0               0               0          1
        (53249, 149, 16445771)     54.583          0               0               1          1
        (32769, 145, 16445771)     54.583          0               0               0          1
        (32769, 149, 16445771)     54.667          0               0               0          2
        (32769, 149, 16445771)     58.583          0               0               0          1
        (49217, 181, 16445771)     54.833          0               0               1          1
        (57345, 189, 16445771)     54.917          0               0               1          1
        (59905, 149, 16445771)       55.0          0               0               1          1
        (55313, 149, 16445771)     55.083          0               0               1          1
        (32773, 133, 16445771)      56.25          0               0               0          1
        (32773, 165, 16445771)     56.667          0               0               0          1
        (32773, 165, 16445771)     60.583          0               0               0          1
        (53249, 129, 16445771)      56.75          0               0               1          1
        (57856, 193, 16445771)     56.833          0               0               1          1
        (61440, 133, 16445771)     56.917          0               0               1          1
          (32768, 1, 16445771)      58.25          0               0               0          1
         (32769, 21, 16445771)     58.417          0               0               0          1
        (32768, 133, 16445771)     58.583          0               0               0          1
        (32769, 151, 16445771)     58.583          0               0               1          1
        (43008, 129, 16445771)     58.583          0               0               1          1
        (32773, 173, 16445771)     58.667          0               0               0          1
        (32781, 181, 16445771)     58.667          0               0               0          1
        (32768, 129, 16445771)     60.333          0               0               0          1
        (32769, 165, 16445771)     60.333          0               0               0          1
        (32769, 165, 16445771)     60.417          0               0               0          1
        (32771, 149, 16445771)     60.583          0               0               0          1
        (34817, 145, 16445771)     62.417          0               0               0          1
        (32789, 149, 16445771)      64.75          0               0               0          1
