inputs: [1027343]/1000 samples
product                 energy   A*B=out      cfhs    chains  num 
(3765, 249, 1027343)       12.0          0     0     1     1
(3765, 249, 1027343)     12.083          0     0     1     1
(3765, 249, 1027343)     16.167          0     0     1     1
(3765, 249, 1027343)      16.25          0     0     1     1
(3765, 249, 1027343)     18.083          0     0     1     1
(3765, 249, 1027343)     18.333          0     0     1     1
(3765, 249, 1027343)      20.25          0     0     1     1
(3977, 243, 1027343)      12.25          0     0     1     1
(3237, 249, 1027343)       14.0          0     0     1     1
(3237, 249, 1027343)     16.167          0     0     1     2
(3237, 249, 1027343)      16.25          0     0     1     2
(3237, 249, 1027343)       18.0          0     0     1     1
(3237, 249, 1027343)     18.083          0     0     1     1
(3237, 249, 1027343)      18.25          0     0     1     2
(3237, 249, 1027343)     18.333          0     0     1     1
(3237, 249, 1027343)     20.083          0     0     1     2
(3237, 249, 1027343)     20.167          0     0     1     3
(3237, 249, 1027343)      20.25          0     0     1     1
(3237, 249, 1027343)       22.0          0     0     1     1
(3237, 249, 1027343)       22.0          0     0     0     1
(3237, 249, 1027343)     22.083          0     0     1     1
(3237, 249, 1027343)     22.333          0     0     1     1
(3237, 249, 1027343)     28.333          0     0     1     1
(3749, 249, 1027343)       14.0          0     0     1     1
(3749, 249, 1027343)      16.25          0     0     1     1
(3749, 249, 1027343)     18.083          0     0     1     2
(3749, 249, 1027343)     18.167          0     0     1     2
(3749, 249, 1027343)      18.25          0     0     1     2
(3749, 249, 1027343)     18.333          0     0     1     1
(3749, 249, 1027343)     20.167          0     0     1     1
(3749, 249, 1027343)     20.333          0     0     1     2
(3749, 249, 1027343)     24.417          0     0     1     1
(3253, 249, 1027343)     14.083          0     0     1     1
(3253, 249, 1027343)      14.25          0     0     1     1
(3253, 249, 1027343)      18.25          0     0     1     3
(3253, 249, 1027343)       18.5          0     0     1     1
(3253, 249, 1027343)     20.083          0     0     1     1
(3253, 249, 1027343)      20.25          0     0     1     2
(3253, 249, 1027343)     26.333          0     0     1     1
(4005, 249, 1027343)     14.167          0     0     1     1
(4005, 249, 1027343)     22.417          0     0     1     1
(4005, 249, 1027343)     24.333          0     0     1     1
(3109, 249, 1027343)     14.167          0     0     1     1
(3109, 249, 1027343)      18.25          0     0     1     1
(3109, 249, 1027343)     22.167          0     0     1     1
(3221, 241, 1027343)     14.167          0     0     1     1
(3221, 241, 1027343)      18.25          0     0     1     1
(3221, 241, 1027343)     18.333          0     0     1     1
(3221, 241, 1027343)     22.167          0     0     1     1
(3221, 241, 1027343)     24.083          0     0     0     1
(3221, 241, 1027343)     24.167          0     0     1     1
(3221, 241, 1027343)      24.25          0     0     1     1
(3221, 241, 1027343)       26.5          0     0     1     2
(3221, 241, 1027343)     28.083          0     0     0     1
(3221, 241, 1027343)     28.167          0     0     1     1
(2917, 249, 1027343)     14.167          0     0     1     1
(3245, 241, 1027343)     14.167          0     0     1     1
(3245, 241, 1027343)     16.083          0     0     1     1
(3245, 241, 1027343)     16.167          0     0     1     1
(3245, 241, 1027343)     18.333          0     0     1     1
(3245, 241, 1027343)     22.167          0     0     1     1
(3245, 241, 1027343)     22.417          0     0     1     1
(2725, 249, 1027343)      14.25          0     0     1     1
(2725, 249, 1027343)     16.083          0     0     1     1
(2725, 249, 1027343)     22.333          0     0     1     1
(3765, 241, 1027343)      14.25          0     0     1     1
(3765, 241, 1027343)     18.083          0     0     1     1
(3765, 241, 1027343)      20.25          0     0     1     1
(3765, 241, 1027343)     20.417          0     0     1     1
(3765, 241, 1027343)      22.25          0     0     1     1
(3765, 241, 1027343)     22.417          0     0     1     2
(3765, 241, 1027343)     24.333          0     0     1     1
(3765, 241, 1027343)     26.333          0     0     1     1
(3765, 241, 1027343)       30.5          0     0     1     1
(3239, 217, 1027343)       16.0          0     0     1     1
(2693, 243, 1027343)     16.083          0     0     1     1
(3717, 243, 1027343)     16.083          0     0     1     1
(3717, 243, 1027343)     16.417          0     0     1     1
(3717, 243, 1027343)      18.25          0     0     1     1
(3717, 243, 1027343)     18.417          0     0     1     1
(3241, 241, 1027343)     16.083          0     0     1     1
(3241, 241, 1027343)     20.167          0     0     1     1
(3241, 241, 1027343)      20.25          0     0     1     1
(3241, 241, 1027343)     24.083          0     0     1     1
(3301, 249, 1027343)     16.167          0     0     1     1
(3301, 249, 1027343)     22.083          0     0     1     1
(3301, 249, 1027343)     24.417          0     0     1     1
(2981, 243, 1027343)     16.167          0     0     1     1
(2741, 249, 1027343)     16.167          0     0     1     1
(2741, 249, 1027343)     16.333          0     0     1     1
(2741, 249, 1027343)     18.333          0     0     1     1
(2741, 249, 1027343)     20.333          0     0     1     1
(2741, 249, 1027343)     24.333          0     0     0     1
(3269, 243, 1027343)     16.167          0     0     1     1
(3237, 243, 1027343)     16.167          0     0     1     1
(3237, 243, 1027343)     18.167          0     0     1     2
(3237, 243, 1027343)     18.417          0     0     1     1
(3237, 243, 1027343)       18.5          0     0     1     1
(3237, 243, 1027343)     18.583          0     0     1     2
(3237, 243, 1027343)     20.167          0     0     1     1
(3237, 243, 1027343)     20.333          0     0     1     1
(3237, 243, 1027343)       20.5          0     0     1     1
(3237, 243, 1027343)     24.417          0     0     1     1
(3105, 241, 1027343)     16.167          0     0     1     1
(3105, 241, 1027343)     26.083          0     0     1     1
(3105, 241, 1027343)     26.083          0     0     0     1
(3105, 241, 1027343)     26.167          0     0     1     1
(3105, 241, 1027343)      26.25          0     0     1     1
(3105, 241, 1027343)      32.25          0     0     1     1
(3237, 225, 1027343)     16.167          0     0     1     1
(3237, 225, 1027343)      18.25          0     0     1     1
(3237, 225, 1027343)     20.167          0     0     1     1
(3237, 225, 1027343)     22.167          0     0     1     2
(3237, 225, 1027343)     24.083          0     0     1     2
(3717, 227, 1027343)     16.167          0     0     1     1
(3749, 185, 1027343)     16.167          0     0     1     1
(3253, 241, 1027343)      16.25          0     0     1     1
(3253, 241, 1027343)     18.083          0     0     1     1
(3253, 241, 1027343)     18.083          0     0     0     1
(3253, 241, 1027343)      18.25          0     0     1     2
(3253, 241, 1027343)     20.083          0     0     1     1
(3253, 241, 1027343)      20.25          0     0     1     1
(3253, 241, 1027343)     22.083          0     0     1     1
(3253, 241, 1027343)     22.167          0     0     1     1
(3253, 241, 1027343)      22.25          0     0     1     2
(3253, 241, 1027343)     22.333          0     0     1     1
(3253, 241, 1027343)       22.5          0     0     1     1
(3253, 241, 1027343)     24.417          0     0     1     2
(3493, 241, 1027343)      16.25          0     0     1     1
(3493, 241, 1027343)     22.167          0     0     1     1
(3493, 241, 1027343)     24.167          0     0     1     1
(3493, 241, 1027343)     24.333          0     0     1     1
(3493, 241, 1027343)     26.417          0     0     1     1
(3493, 241, 1027343)      30.25          0     0     1     1
(3239, 241, 1027343)      16.25          0     0     1     1
(3239, 241, 1027343)     20.083          0     0     1     1
(3239, 241, 1027343)     22.417          0     0     1     1
(3239, 241, 1027343)     24.167          0     0     1     1
(3239, 241, 1027343)      24.25          0     0     1     1
(3239, 241, 1027343)     24.333          0     0     0     1
(3239, 241, 1027343)     26.333          0     0     1     1
(3239, 241, 1027343)     26.417          0     0     1     1
(3239, 241, 1027343)     28.417          0     0     1     1
(3239, 241, 1027343)     30.417          0     0     1     1
(3623, 241, 1027343)      16.25          0     0     1     1
(3237, 241, 1027343)     16.333          0     0     1     1
(3237, 241, 1027343)     18.167          0     0     1     1
(3237, 241, 1027343)      18.25          0     0     1     3
(3237, 241, 1027343)     20.083          0     0     1     2
(3237, 241, 1027343)     20.167          0     0     1     5
(3237, 241, 1027343)      20.25          0     0     1     4
(3237, 241, 1027343)     20.333          0     0     1     5
(3237, 241, 1027343)     20.417          0     0     1     2
(3237, 241, 1027343)       20.5          0     0     1     1
(3237, 241, 1027343)     22.083          0     0     1     1
(3237, 241, 1027343)     22.167          0     0     1     9
(3237, 241, 1027343)      22.25          0     0     1     8
(3237, 241, 1027343)     22.333          0     0     1     2
(3237, 241, 1027343)     22.417          0     0     1     1
(3237, 241, 1027343)     24.083          0     0     1     3
(3237, 241, 1027343)     24.167          0     0     1     5
(3237, 241, 1027343)      24.25          0     0     1     5
(3237, 241, 1027343)     24.333          0     0     1     4
(3237, 241, 1027343)     24.417          0     0     1     1
(3237, 241, 1027343)       24.5          0     0     1     2
(3237, 241, 1027343)     26.167          0     0     1     4
(3237, 241, 1027343)      26.25          0     0     1     3
(3237, 241, 1027343)     26.333          0     0     1     9
(3237, 241, 1027343)     26.417          0     0     1     6
(3237, 241, 1027343)     28.167          0     0     1     3
(3237, 241, 1027343)      28.25          0     0     1     3
(3237, 241, 1027343)     28.333          0     0     1     2
(3237, 241, 1027343)     28.417          0     0     1     2
(3237, 241, 1027343)       28.5          0     0     1     2
(3237, 241, 1027343)     30.167          0     0     1     2
(3237, 241, 1027343)     30.333          0     0     1     2
(3237, 241, 1027343)     30.417          0     0     1     1
(3237, 241, 1027343)      32.25          0     0     1     1
(3237, 241, 1027343)       32.5          0     0     1     1
(3237, 241, 1027343)     34.167          0     0     1     1
(3237, 241, 1027343)     34.333          0     0     1     1
(3237, 241, 1027343)       36.5          0     0     1     1
(3245, 249, 1027343)     16.417          0     0     1     1
(3717, 241, 1027343)       18.0          0     0     1     1
(3717, 241, 1027343)       20.0          0     0     1     1
(3717, 241, 1027343)     22.167          0     0     1     1
(3717, 241, 1027343)       24.0          0     0     1     1
(3717, 241, 1027343)     24.167          0     0     1     1
(3717, 241, 1027343)     24.333          0     0     1     2
(3717, 241, 1027343)     24.417          0     0     1     1
(3717, 241, 1027343)     26.333          0     0     1     2
(3717, 241, 1027343)     26.417          0     0     1     1
(3717, 241, 1027343)     28.333          0     0     1     1
(3717, 241, 1027343)      34.25          0     0     1     1
(3111, 241, 1027343)       18.0          0     0     1     1
(3111, 241, 1027343)      30.25          0     0     1     1
(3973, 249, 1027343)     18.083          0     0     1     1
(4005, 243, 1027343)     18.083          0     0     1     1
(4005, 243, 1027343)     20.167          0     0     1     1
(3125, 241, 1027343)     18.083          0     0     1     1
(3125, 241, 1027343)     18.333          0     0     1     1
(3125, 241, 1027343)      24.25          0     0     1     1
(3125, 241, 1027343)     26.167          0     0     1     1
(3125, 241, 1027343)     26.333          0     0     1     1
(3125, 241, 1027343)     28.167          0     0     1     1
(3749, 241, 1027343)     18.083          0     0     1     1
(3749, 241, 1027343)     20.167          0     0     1     5
(3749, 241, 1027343)      20.25          0     0     1     1
(3749, 241, 1027343)     22.167          0     0     1     2
(3749, 241, 1027343)      22.25          0     0     1     2
(3749, 241, 1027343)     22.333          0     0     1     1
(3749, 241, 1027343)     22.417          0     0     1     1
(3749, 241, 1027343)     24.083          0     0     1     1
(3749, 241, 1027343)      24.25          0     0     1     4
(3749, 241, 1027343)     24.333          0     0     1     1
(3749, 241, 1027343)       24.5          0     0     1     1
(3749, 241, 1027343)      26.25          0     0     1     2
(3749, 241, 1027343)     26.333          0     0     1     1
(3749, 241, 1027343)     26.417          0     0     1     1
(3749, 241, 1027343)      28.25          0     0     1     1
(3749, 241, 1027343)     28.333          0     0     1     1
(3749, 241, 1027343)       28.5          0     0     1     1
(3749, 241, 1027343)     28.667          0     0     1     1
(3749, 241, 1027343)     30.333          0     0     1     1
(3749, 241, 1027343)     30.417          0     0     1     1
(3749, 241, 1027343)       30.5          0     0     1     1
(3749, 241, 1027343)     30.583          0     0     1     1
(3749, 241, 1027343)       32.5          0     0     1     1
(3749, 241, 1027343)     34.417          0     0     1     1
(3749, 225, 1027343)     18.083          0     0     1     1
(2725, 209, 1027343)     18.083          0     0     1     1
(2725, 209, 1027343)     22.167          0     0     1     1
(3205, 241, 1027343)     18.167          0     0     1     2
(3205, 241, 1027343)     20.083          0     0     1     1
(3205, 241, 1027343)     20.167          0     0     1     2
(3205, 241, 1027343)     20.333          0     0     1     2
(3205, 241, 1027343)     22.083          0     0     1     2
(3205, 241, 1027343)     22.167          0     0     1     1
(3205, 241, 1027343)      22.25          0     0     1     5
(3205, 241, 1027343)     22.333          0     0     1     1
(3205, 241, 1027343)     22.417          0     0     1     1
(3205, 241, 1027343)     24.167          0     0     1     2
(3205, 241, 1027343)      24.25          0     0     1     1
(3205, 241, 1027343)      24.25          0     0     0     1
(3205, 241, 1027343)     24.333          0     0     1     1
(3205, 241, 1027343)     26.167          0     0     1     2
(3205, 241, 1027343)      26.25          0     0     1     3
(3205, 241, 1027343)     26.333          0     0     1     1
(3205, 241, 1027343)     26.417          0     0     1     2
(3205, 241, 1027343)     28.417          0     0     1     3
(3205, 241, 1027343)     30.083          0     0     1     1
(3205, 241, 1027343)      30.25          0     0     1     1
(3205, 241, 1027343)     30.417          0     0     1     1
(3301, 243, 1027343)     18.167          0     0     1     2
(3301, 243, 1027343)      34.25          0     0     0     1
(4005, 241, 1027343)     18.167          0     0     1     1
(4005, 241, 1027343)      22.25          0     0     1     2
(4005, 241, 1027343)     28.417          0     0     1     1
(3109, 241, 1027343)     18.167          0     0     1     1
(3109, 241, 1027343)     20.083          0     0     1     2
(3109, 241, 1027343)     20.167          0     0     1     1
(3109, 241, 1027343)      22.25          0     0     1     1
(3109, 241, 1027343)     22.417          0     0     1     2
(3109, 241, 1027343)      24.25          0     0     1     1
(3109, 241, 1027343)      26.25          0     0     1     1
(3109, 241, 1027343)      32.25          0     0     0     1
(3941, 241, 1027343)     18.167          0     0     1     1
(3749, 217, 1027343)     18.167          0     0     1     1
(3239, 113, 1027343)     18.167          0     0     1     1
(3373, 241, 1027343)     18.167          0     0     1     1
(3235, 113, 1027343)     18.167          0     0     1     1
(3235, 113, 1027343)     24.333          0     0     1     1
(3235, 113, 1027343)     30.167          0     0     1     1
(2725, 253, 1027343)      18.25          0     0     1     1
(3733, 241, 1027343)      18.25          0     0     1     2
(3749, 245, 1027343)      18.25          0     0     1     1
(3749, 245, 1027343)     22.333          0     0     1     1
(3749, 245, 1027343)       22.5          0     0     1     1
(3749, 245, 1027343)     24.167          0     0     1     1
(3749, 245, 1027343)     24.417          0     0     1     1
(3239, 249, 1027343)      18.25          0     0     0     1
(3621, 243, 1027343)      18.25          0     0     1     1
(3173, 241, 1027343)      18.25          0     0     1     1
(3173, 241, 1027343)     20.167          0     0     1     1
(3173, 241, 1027343)     22.167          0     0     1     1
(3173, 241, 1027343)     24.167          0     0     1     1
(3173, 241, 1027343)     26.167          0     0     1     1
(3173, 241, 1027343)     26.333          0     0     1     1
(3173, 241, 1027343)     28.167          0     0     0     1
(3173, 241, 1027343)      28.25          0     0     1     1
(3173, 241, 1027343)     28.417          0     0     1     1
(3685, 241, 1027343)      18.25          0     0     1     1
(3685, 241, 1027343)     22.417          0     0     1     1
(3685, 241, 1027343)     28.167          0     0     1     1
(3685, 241, 1027343)     28.417          0     0     1     1
(3751, 225, 1027343)      18.25          0     0     1     1
(3589, 243, 1027343)     18.333          0     0     1     1
(4069, 241, 1027343)     18.333          0     0     1     1
(4069, 241, 1027343)     32.417          0     0     1     1
(3749, 243, 1027343)     18.333          0     0     1     1
(3749, 243, 1027343)     18.417          0     0     1     2
(3749, 243, 1027343)      20.25          0     0     1     1
(3749, 243, 1027343)       20.5          0     0     1     1
(3749, 243, 1027343)     20.583          0     0     1     1
(3749, 243, 1027343)     24.167          0     0     1     1
(3749, 243, 1027343)       26.5          0     0     1     1
(3381, 113, 1027343)     18.333          0     0     1     1
(4007, 241, 1027343)     18.333          0     0     1     1
(3205, 225, 1027343)     18.333          0     0     1     1
(3205, 225, 1027343)     20.167          0     0     1     1
(3205, 225, 1027343)     22.083          0     0     1     1
(3205, 225, 1027343)      22.25          0     0     1     1
(3205, 225, 1027343)     22.333          0     0     1     1
(3205, 225, 1027343)      26.25          0     0     1     1
(3205, 225, 1027343)      28.25          0     0     1     1
(3205, 225, 1027343)     28.417          0     0     1     1
(3205, 225, 1027343)       34.5          0     0     1     1
(3221, 211, 1027343)     18.333          0     0     1     1
(2725, 241, 1027343)     18.333          0     0     1     1
(2725, 241, 1027343)      20.25          0     0     1     1
(2725, 241, 1027343)       22.0          0     0     1     1
(2725, 241, 1027343)     22.417          0     0     1     1
(2725, 241, 1027343)      24.25          0     0     1     1
(2725, 241, 1027343)     24.333          0     0     1     1
(2725, 241, 1027343)     24.417          0     0     1     1
(2725, 241, 1027343)     26.083          0     0     1     1
(2725, 241, 1027343)      26.25          0     0     1     1
(2725, 241, 1027343)     26.417          0     0     1     1
(2725, 241, 1027343)       26.5          0     0     1     1
(2725, 241, 1027343)     28.333          0     0     1     1
(2725, 241, 1027343)     28.417          0     0     1     1
(2725, 241, 1027343)       28.5          0     0     1     1
(2725, 241, 1027343)       36.5          0     0     1     1
(3045, 241, 1027343)     18.417          0     0     1     1
(4005, 227, 1027343)     18.417          0     0     1     1
(3205, 249, 1027343)     20.083          0     0     1     1
(3205, 249, 1027343)      22.25          0     0     1     1
(2229, 249, 1027343)     20.083          0     0     1     1
(3077, 241, 1027343)     20.083          0     0     1     1
(3077, 241, 1027343)     20.167          0     0     1     1
(3077, 241, 1027343)     22.083          0     0     1     1
(3077, 241, 1027343)     22.167          0     0     1     2
(3077, 241, 1027343)     24.167          0     0     1     1
(3077, 241, 1027343)      24.25          0     0     1     1
(3077, 241, 1027343)     26.167          0     0     1     1
(3077, 241, 1027343)     28.083          0     0     1     1
(3621, 241, 1027343)     20.083          0     0     1     1
(3621, 241, 1027343)     20.167          0     0     1     2
(3621, 241, 1027343)      20.25          0     0     1     1
(3621, 241, 1027343)      22.25          0     0     1     2
(3621, 241, 1027343)      24.25          0     0     1     1
(3621, 241, 1027343)     26.333          0     0     1     1
(3361, 241, 1027343)     20.083          0     0     1     1
(3233, 225, 1027343)     20.083          0     0     1     1
(3233, 225, 1027343)     20.167          0     0     1     1
(3233, 225, 1027343)     22.167          0     0     1     1
(3233, 225, 1027343)     24.083          0     0     1     1
(3233, 225, 1027343)     24.167          0     0     1     1
(3233, 225, 1027343)     28.333          0     0     1     1
(3233, 225, 1027343)      30.25          0     0     1     1
(3233, 225, 1027343)     36.333          0     0     1     1
(3243, 241, 1027343)     20.083          0     0     1     1
(3243, 241, 1027343)     24.333          0     0     1     1
(3237, 251, 1027343)     20.167          0     0     1     1
(3269, 241, 1027343)     20.167          0     0     1     1
(3269, 241, 1027343)      20.25          0     0     1     1
(3269, 241, 1027343)     20.417          0     0     1     1
(3269, 241, 1027343)     22.167          0     0     1     2
(3269, 241, 1027343)      22.25          0     0     0     1
(3269, 241, 1027343)     24.167          0     0     1     1
(3269, 241, 1027343)      24.25          0     0     1     1
(3269, 241, 1027343)     24.333          0     0     1     1
(3269, 241, 1027343)     26.167          0     0     0     1
(3269, 241, 1027343)      26.25          0     0     1     1
(3269, 241, 1027343)     32.667          0     0     1     1
(3303, 241, 1027343)     20.167          0     0     1     1
(3303, 241, 1027343)      22.25          0     0     1     1
(3653, 241, 1027343)     20.167          0     0     1     1
(3653, 241, 1027343)      20.25          0     0     1     1
(3653, 241, 1027343)     22.167          0     0     1     1
(3509, 249, 1027343)     20.167          0     0     1     1
(3719, 113, 1027343)     20.167          0     0     1     1
(3139, 97, 1027343)      20.167          0     0     1     1
(3621, 123, 1027343)     20.167          0     0     1     1
(3271, 241, 1027343)     20.167          0     0     1     1
(3271, 241, 1027343)     24.167          0     0     1     1
(3271, 241, 1027343)       24.5          0     0     1     1
(3237, 209, 1027343)     20.167          0     0     1     1
(3237, 209, 1027343)      20.25          0     0     1     1
(3237, 209, 1027343)     20.333          0     0     1     1
(3237, 209, 1027343)     22.167          0     0     1     2
(3237, 209, 1027343)      22.25          0     0     1     1
(3237, 209, 1027343)     22.417          0     0     1     2
(3237, 209, 1027343)     24.167          0     0     1     1
(3237, 209, 1027343)      26.25          0     0     1     1
(3237, 209, 1027343)     28.333          0     0     1     1
(4005, 251, 1027343)      20.25          0     0     1     1
(3237, 245, 1027343)      20.25          0     0     1     1
(3237, 245, 1027343)      24.25          0     0     1     1
(3141, 241, 1027343)      20.25          0     0     1     1
(3141, 241, 1027343)     20.333          0     0     1     1
(3141, 241, 1027343)      24.25          0     0     1     1
(3125, 249, 1027343)      20.25          0     0     1     1
(3125, 249, 1027343)     26.083          0     0     1     1
(3301, 247, 1027343)      20.25          0     0     1     1
(3237, 187, 1027343)      20.25          0     0     1     1
(3365, 241, 1027343)      20.25          0     0     1     1
(3365, 241, 1027343)     32.417          0     0     1     2
(2597, 241, 1027343)      20.25          0     0     1     1
(3493, 249, 1027343)      20.25          0     0     1     1
(3493, 249, 1027343)     20.333          0     0     1     1
(3493, 249, 1027343)     24.167          0     0     1     1
(3157, 241, 1027343)      20.25          0     0     1     2
(3157, 241, 1027343)     34.167          0     0     1     1
(3753, 241, 1027343)      20.25          0     0     1     1
(3753, 241, 1027343)     26.333          0     0     1     1
(3969, 241, 1027343)      20.25          0     0     1     1
(3751, 241, 1027343)      20.25          0     0     1     1
(3751, 241, 1027343)      24.25          0     0     0     1
(3751, 241, 1027343)     24.333          0     0     1     1
(3751, 241, 1027343)     26.333          0     0     1     1
(3751, 241, 1027343)     32.333          0     0     1     1
(3733, 209, 1027343)      20.25          0     0     1     1
(3493, 217, 1027343)      20.25          0     0     1     1
(3317, 243, 1027343)     20.333          0     0     1     1
(3751, 249, 1027343)     20.333          0     0     1     1
(3751, 249, 1027343)       20.5          0     0     1     1
(3781, 243, 1027343)     20.333          0     0     1     1
(3235, 241, 1027343)     20.333          0     0     1     1
(3235, 241, 1027343)     22.167          0     0     1     1
(3235, 241, 1027343)      22.25          0     0     1     1
(3235, 241, 1027343)     22.333          0     0     1     1
(3235, 241, 1027343)     24.083          0     0     1     1
(3235, 241, 1027343)      26.25          0     0     1     1
(3235, 241, 1027343)       30.5          0     0     1     1
(3235, 241, 1027343)     38.333          0     0     1     1
(2917, 241, 1027343)     20.333          0     0     1     1
(3237, 179, 1027343)     20.333          0     0     1     1
(2725, 243, 1027343)     20.333          0     0     1     1
(2725, 243, 1027343)     22.417          0     0     1     1
(2725, 243, 1027343)       22.5          0     0     1     1
(3255, 241, 1027343)     20.333          0     0     1     1
(3255, 241, 1027343)     26.333          0     0     1     1
(3303, 97, 1027343)      20.333          0     0     1     1
(3233, 81, 1027343)      20.333          0     0     1     1
(3813, 251, 1027343)     20.417          0     0     1     1
(2709, 249, 1027343)     20.417          0     0     1     1
(2709, 249, 1027343)     24.083          0     0     1     1
(3749, 251, 1027343)     20.417          0     0     1     1
(4005, 217, 1027343)     20.417          0     0     1     1
(3519, 241, 1027343)     20.417          0     0     1     1
(3493, 121, 1027343)     20.417          0     0     1     1
(3749, 147, 1027343)     20.417          0     0     1     1
(3463, 113, 1027343)     20.417          0     0     1     1
(2741, 241, 1027343)       20.5          0     0     1     1
(2741, 241, 1027343)      22.25          0     0     1     2
(2741, 241, 1027343)     22.333          0     0     1     1
(2741, 241, 1027343)     24.333          0     0     1     2
(2213, 227, 1027343)       20.5          0     0     1     1
(3909, 247, 1027343)       20.5          0     0     1     1
(3493, 243, 1027343)     22.083          0     0     1     1
(3301, 241, 1027343)     22.083          0     0     1     2
(3301, 241, 1027343)      22.25          0     0     1     3
(3301, 241, 1027343)     22.333          0     0     1     1
(3301, 241, 1027343)     24.333          0     0     1     2
(3301, 241, 1027343)     26.083          0     0     1     1
(3301, 241, 1027343)     26.167          0     0     1     1
(3301, 241, 1027343)     26.333          0     0     1     1
(3301, 241, 1027343)       28.0          0     0     1     1
(3301, 241, 1027343)       30.5          0     0     1     1
(3301, 241, 1027343)     32.417          0     0     1     1
(3109, 243, 1027343)     22.167          0     0     1     1
(3653, 243, 1027343)     22.167          0     0     0     1
(3653, 243, 1027343)       36.5          0     0     0     1
(3207, 241, 1027343)     22.167          0     0     1     1
(3207, 241, 1027343)      24.25          0     0     1     1
(3207, 241, 1027343)     26.083          0     0     0     1
(3207, 241, 1027343)     28.167          0     0     1     1
(3589, 241, 1027343)     22.167          0     0     1     1
(3589, 241, 1027343)      28.25          0     0     1     1
(3105, 225, 1027343)     22.167          0     0     1     1
(3105, 225, 1027343)     24.333          0     0     1     1
(3105, 225, 1027343)     26.167          0     0     0     1
(3105, 225, 1027343)      30.25          0     0     1     1
(3105, 225, 1027343)     36.333          0     0     1     1
(3105, 225, 1027343)     36.583          0     0     1     1
(3207, 225, 1027343)     22.167          0     0     1     1
(3207, 225, 1027343)      22.25          0     0     1     1
(3207, 225, 1027343)     24.167          0     0     1     2
(3207, 225, 1027343)      24.25          0     0     1     1
(3109, 225, 1027343)     22.167          0     0     1     1
(3109, 209, 1027343)     22.167          0     0     1     1
(3109, 209, 1027343)     28.083          0     0     1     1
(3109, 209, 1027343)      28.25          0     0     0     1
(3109, 209, 1027343)      28.25          0     0     1     1
(3747, 241, 1027343)     22.167          0     0     1     1
(3205, 113, 1027343)     22.167          0     0     1     1
(3219, 97, 1027343)      22.167          0     0     1     1
(4001, 83, 1027343)      22.167          0     0     1     1
(3365, 243, 1027343)      22.25          0     0     1     1
(2725, 245, 1027343)      22.25          0     0     1     1
(2725, 245, 1027343)     24.333          0     0     1     1
(2725, 245, 1027343)     30.333          0     0     0     1
(4021, 241, 1027343)      22.25          0     0     1     1
(3681, 241, 1027343)      22.25          0     0     1     1
(2469, 241, 1027343)      22.25          0     0     1     1
(2469, 241, 1027343)     26.333          0     0     1     1
(3813, 241, 1027343)      22.25          0     0     1     2
(3813, 241, 1027343)      24.25          0     0     1     1
(3077, 225, 1027343)      22.25          0     0     1     1
(3077, 225, 1027343)     24.333          0     0     1     1
(3077, 225, 1027343)     26.167          0     0     1     1
(3077, 225, 1027343)     26.333          0     0     1     1
(3077, 225, 1027343)     28.167          0     0     1     1
(3077, 225, 1027343)     30.083          0     0     1     1
(3767, 241, 1027343)      22.25          0     0     1     1
(3107, 113, 1027343)      22.25          0     0     1     1
(3201, 225, 1027343)      22.25          0     0     1     1
(3201, 225, 1027343)       26.0          0     0     0     1
(3201, 225, 1027343)     26.083          0     0     1     1
(3201, 225, 1027343)     26.167          0     0     1     1
(3201, 225, 1027343)      26.25          0     0     1     1
(3201, 225, 1027343)     28.167          0     0     1     1
(3201, 225, 1027343)     28.333          0     0     1     1
(3301, 177, 1027343)      22.25          0     0     1     1
(3301, 177, 1027343)     26.167          0     0     1     1
(3301, 177, 1027343)     32.667          0     0     1     1
(3141, 113, 1027343)      22.25          0     0     1     1
(3237, 161, 1027343)      22.25          0     0     1     1
(3237, 161, 1027343)     24.333          0     0     1     1
(3491, 113, 1027343)      22.25          0     0     1     1
(3491, 113, 1027343)      24.25          0     0     1     1
(3749, 209, 1027343)      22.25          0     0     1     1
(3749, 209, 1027343)       30.5          0     0     1     1
(3283, 113, 1027343)      22.25          0     0     1     1
(3493, 177, 1027343)      22.25          0     0     1     1
(3141, 209, 1027343)      22.25          0     0     1     1
(3227, 113, 1027343)      22.25          0     0     1     1
(3495, 245, 1027343)     22.333          0     0     1     1
(2981, 241, 1027343)     22.333          0     0     1     1
(2981, 241, 1027343)     34.583          0     0     1     1
(3107, 241, 1027343)     22.333          0     0     1     1
(3157, 209, 1027343)     22.333          0     0     1     1
(3127, 241, 1027343)     22.333          0     0     0     1
(3139, 113, 1027343)     22.333          0     0     1     1
(3139, 113, 1027343)     26.167          0     0     1     1
(3879, 241, 1027343)     22.333          0     0     1     1
(3201, 243, 1027343)     22.333          0     0     1     1
(3187, 241, 1027343)     22.333          0     0     1     1
(2919, 113, 1027343)     22.333          0     0     1     1
(3211, 113, 1027343)     22.333          0     0     1     1
(3763, 113, 1027343)     22.333          0     0     1     1
(3237, 185, 1027343)     22.333          0     0     1     1
(3237, 185, 1027343)     22.583          0     0     1     1
(3237, 185, 1027343)       26.5          0     0     1     1
(4085, 241, 1027343)     22.417          0     0     1     1
(4005, 245, 1027343)     22.417          0     0     1     1
(3085, 241, 1027343)     22.417          0     0     1     1
(2727, 241, 1027343)     22.417          0     0     1     1
(3971, 113, 1027343)     22.417          0     0     1     1
(3237, 213, 1027343)     22.417          0     0     1     1
(3637, 243, 1027343)       22.5          0     0     1     1
(3767, 113, 1027343)       22.5          0     0     1     1
(3333, 243, 1027343)     22.667          0     0     1     1
(2213, 249, 1027343)     24.083          0     0     1     1
(2215, 221, 1027343)     24.083          0     0     0     1
(3249, 241, 1027343)     24.083          0     0     1     1
(3249, 241, 1027343)      24.25          0     0     1     1
(3249, 241, 1027343)      26.25          0     0     1     1
(3249, 241, 1027343)     26.333          0     0     1     1
(2181, 225, 1027343)     24.083          0     0     0     1
(3557, 241, 1027343)     24.083          0     0     1     1
(3557, 241, 1027343)      24.25          0     0     1     1
(3233, 241, 1027343)     24.083          0     0     1     1
(3233, 241, 1027343)     24.167          0     0     1     1
(3233, 241, 1027343)      24.25          0     0     1     1
(3233, 241, 1027343)     24.417          0     0     1     1
(3233, 241, 1027343)     26.167          0     0     1     1
(3233, 241, 1027343)      26.25          0     0     1     1
(3233, 241, 1027343)     26.333          0     0     1     1
(3233, 241, 1027343)     28.083          0     0     1     1
(3233, 241, 1027343)     28.167          0     0     1     2
(3233, 241, 1027343)      28.25          0     0     1     3
(3233, 241, 1027343)     28.333          0     0     1     1
(3233, 241, 1027343)     30.167          0     0     1     1
(3233, 241, 1027343)      30.25          0     0     1     3
(3233, 241, 1027343)     32.167          0     0     1     1
(3233, 241, 1027343)     34.333          0     0     1     1
(3233, 241, 1027343)      40.25          0     0     0     1
(3317, 241, 1027343)     24.167          0     0     1     1
(2213, 241, 1027343)     24.167          0     0     1     1
(2213, 241, 1027343)      24.25          0     0     1     1
(2213, 241, 1027343)     26.167          0     0     1     3
(2213, 241, 1027343)       26.5          0     0     0     1
(2213, 241, 1027343)      30.25          0     0     1     2
(2213, 241, 1027343)     36.333          0     0     1     1
(2229, 241, 1027343)     24.167          0     0     1     1
(3237, 121, 1027343)     24.167          0     0     1     1
(3251, 241, 1027343)     24.167          0     0     0     1
(3745, 241, 1027343)     24.167          0     0     1     1
(3745, 241, 1027343)     26.167          0     0     1     2
(3745, 241, 1027343)     32.417          0     0     1     1
(3745, 241, 1027343)     32.583          0     0     1     1
(3237, 177, 1027343)     24.167          0     0     1     1
(2727, 113, 1027343)     24.167          0     0     1     1
(2213, 209, 1027343)     24.167          0     0     0     1
(2213, 209, 1027343)     28.167          0     0     1     1
(2245, 241, 1027343)      24.25          0     0     1     1
(2245, 241, 1027343)     26.333          0     0     1     1
(3305, 241, 1027343)      24.25          0     0     1     1
(3943, 113, 1027343)      24.25          0     0     1     1
(3213, 241, 1027343)      24.25          0     0     1     1
(3079, 225, 1027343)      24.25          0     0     1     1
(3079, 225, 1027343)     24.333          0     0     1     1
(3201, 241, 1027343)      24.25          0     0     1     1
(3201, 241, 1027343)      26.25          0     0     1     1
(3201, 241, 1027343)     28.083          0     0     0     1
(3201, 241, 1027343)      28.25          0     0     1     1
(3201, 241, 1027343)     30.083          0     0     1     1
(3201, 241, 1027343)     30.167          0     0     1     1
(3201, 241, 1027343)     34.167          0     0     1     1
(3201, 241, 1027343)     34.417          0     0     1     1
(3817, 241, 1027343)      24.25          0     0     1     1
(3491, 241, 1027343)      24.25          0     0     1     1
(3205, 49, 1027343)       24.25          0     0     1     1
(3253, 225, 1027343)      24.25          0     0     1     1
(3203, 97, 1027343)       24.25          0     0     1     1
(2789, 241, 1027343)     24.333          0     0     1     1
(2789, 241, 1027343)     28.333          0     0     1     1
(2789, 241, 1027343)     34.167          0     0     1     1
(3757, 249, 1027343)     24.333          0     0     1     1
(3093, 113, 1027343)     24.333          0     0     1     1
(3751, 113, 1027343)     24.333          0     0     0     1
(3717, 225, 1027343)     24.333          0     0     1     1
(3477, 241, 1027343)     24.333          0     0     1     1
(3221, 225, 1027343)     24.333          0     0     1     1
(3075, 97, 1027343)      24.333          0     0     1     1
(3075, 97, 1027343)      26.333          0     0     1     1
(3075, 97, 1027343)      32.417          0     0     1     1
(3399, 113, 1027343)     24.333          0     0     1     1
(2945, 225, 1027343)     24.333          0     0     1     1
(3301, 225, 1027343)     24.417          0     0     1     1
(3363, 241, 1027343)     24.417          0     0     1     1
(3973, 243, 1027343)     24.417          0     0     1     2
(3213, 225, 1027343)     24.417          0     0     1     1
(3213, 225, 1027343)       30.5          0     0     1     1
(3753, 243, 1027343)     24.417          0     0     1     1
(3757, 241, 1027343)       24.5          0     0     1     1
(4003, 117, 1027343)       24.5          0     0     1     1
(4021, 249, 1027343)       24.5          0     0     1     1
(3751, 243, 1027343)       24.5          0     0     1     1
(3909, 241, 1027343)     24.583          0     0     1     1
(3825, 241, 1027343)     26.083          0     0     1     1
(2853, 241, 1027343)     26.167          0     0     0     1
(3265, 241, 1027343)     26.167          0     0     1     1
(3075, 177, 1027343)     26.167          0     0     1     1
(2279, 241, 1027343)     26.167          0     0     0     1
(3105, 161, 1027343)     26.167          0     0     1     1
(3079, 241, 1027343)      26.25          0     0     1     1
(3079, 249, 1027343)      26.25          0     0     1     1
(3073, 225, 1027343)      26.25          0     0     1     1
(3073, 225, 1027343)      28.25          0     0     1     1
(3073, 225, 1027343)     30.083          0     0     1     1
(3073, 225, 1027343)     32.167          0     0     1     1
(3885, 241, 1027343)      26.25          0     0     1     1
(2211, 241, 1027343)      26.25          0     0     1     1
(2209, 241, 1027343)      26.25          0     0     0     1
(3209, 241, 1027343)      26.25          0     0     1     1
(2225, 241, 1027343)      26.25          0     0     1     1
(3719, 241, 1027343)     26.333          0     0     1     1
(3719, 241, 1027343)     30.417          0     0     1     1
(3461, 241, 1027343)     26.333          0     0     1     1
(3461, 241, 1027343)       26.5          0     0     0     1
(2377, 241, 1027343)     26.333          0     0     1     1
(3205, 193, 1027343)     26.333          0     0     1     1
(3077, 161, 1027343)     26.333          0     0     1     1
(3713, 241, 1027343)     26.333          0     0     1     1
(3713, 241, 1027343)     28.167          0     0     1     2
(3713, 241, 1027343)     34.333          0     0     1     1
(3205, 177, 1027343)     26.333          0     0     1     1
(3233, 209, 1027343)     26.333          0     0     1     1
(3233, 209, 1027343)      32.25          0     0     1     1
(3429, 241, 1027343)     26.417          0     0     1     1
(3429, 241, 1027343)     28.333          0     0     1     1
(3241, 245, 1027343)     26.417          0     0     1     1
(3013, 241, 1027343)     26.417          0     0     1     1
(2277, 241, 1027343)     26.417          0     0     1     1
(2277, 241, 1027343)     28.333          0     0     1     1
(2277, 241, 1027343)     34.333          0     0     1     1
(3393, 241, 1027343)     26.417          0     0     1     1
(3649, 241, 1027343)     26.417          0     0     1     1
(3077, 113, 1027343)     26.417          0     0     1     1
(3749, 177, 1027343)     26.417          0     0     1     1
(3715, 113, 1027343)     26.417          0     0     1     1
(3781, 241, 1027343)       26.5          0     0     1     1
(3781, 241, 1027343)      28.25          0     0     0     1
(3209, 113, 1027343)       26.5          0     0     1     1
(3939, 113, 1027343)       26.5          0     0     1     1
(3521, 241, 1027343)       26.5          0     0     1     1
(3461, 193, 1027343)       26.5          0     0     1     1
(3797, 249, 1027343)     26.667          0     0     1     1
(3073, 193, 1027343)     28.083          0     0     1     1
(3073, 193, 1027343)      38.25          0     0     1     1
(2177, 241, 1027343)     28.083          0     0     0     1
(2177, 241, 1027343)     36.333          0     0     1     1
(3220, 249, 1027343)     28.167          0     0     0     1
(2309, 241, 1027343)     28.167          0     0     1     1
(3217, 241, 1027343)     28.167          0     0     1     1
(3333, 241, 1027343)     28.167          0     0     1     1
(3203, 209, 1027343)     28.167          0     0     1     1
(3203, 209, 1027343)     32.417          0     0     1     1
(3457, 241, 1027343)     28.167          0     0     1     1
(3457, 241, 1027343)       30.5          0     0     1     1
(2209, 225, 1027343)     28.167          0     0     0     1
(2253, 241, 1027343)      28.25          0     0     1     1
(2231, 249, 1027343)      28.25          0     0     1     1
(3335, 241, 1027343)      28.25          0     0     1     1
(3113, 241, 1027343)      28.25          0     0     1     1
(3075, 161, 1027343)      28.25          0     0     1     1
(3105, 209, 1027343)      28.25          0     0     1     1
(3201, 209, 1027343)      28.25          0     0     1     1
(3201, 209, 1027343)      30.25          0     0     0     1
(3107, 97, 1027343)       28.25          0     0     1     1
(2691, 97, 1027343)       28.25          0     0     1     1
(2785, 241, 1027343)     28.333          0     0     1     1
(3685, 249, 1027343)     28.333          0     0     1     1
(2197, 241, 1027343)     28.333          0     0     1     1
(3981, 113, 1027343)     28.333          0     0     1     1
(3237, 233, 1027343)     28.333          0     0     1     1
(3461, 225, 1027343)     28.333          0     0     1     1
(2565, 225, 1027343)     28.333          0     0     1     1
(3477, 209, 1027343)     28.333          0     0     1     1
(3085, 113, 1027343)     28.333          0     0     1     1
(3377, 113, 1027343)     28.333          0     0     1     1
(3203, 49, 1027343)      28.333          0     0     1     1
(3235, 245, 1027343)     28.417          0     0     0     1
(3457, 225, 1027343)     28.417          0     0     1     1
(3989, 113, 1027343)     28.417          0     0     1     1
(3681, 113, 1027343)     28.417          0     0     1     1
(2729, 241, 1027343)       28.5          0     0     1     1
(3081, 225, 1027343)       28.5          0     0     1     1
(3287, 113, 1027343)     28.583          0     0     0     1
(3589, 113, 1027343)     30.167          0     0     1     1
(2215, 241, 1027343)      30.25          0     0     1     1
(3073, 209, 1027343)      30.25          0     0     1     1
(3073, 209, 1027343)     34.167          0     0     1     1
(2721, 241, 1027343)      30.25          0     0     1     1
(2721, 241, 1027343)     36.417          0     0     1     1
(3073, 241, 1027343)      30.25          0     0     1     1
(3073, 241, 1027343)     32.167          0     0     1     1
(3073, 241, 1027343)      32.25          0     0     1     1
(3488, 209, 1027343)      30.25          0     0     1     1
(2245, 225, 1027343)     30.333          0     0     1     1
(2181, 241, 1027343)     30.333          0     0     1     1
(2181, 241, 1027343)     32.083          0     0     0     1
(2181, 241, 1027343)     34.333          0     0     1     1
(3857, 241, 1027343)     30.333          0     0     1     1
(3233, 177, 1027343)     30.333          0     0     1     1
(3361, 177, 1027343)     30.333          0     0     0     1
(3273, 241, 1027343)     30.417          0     0     1     1
(3845, 241, 1027343)     30.417          0     0     1     1
(4001, 241, 1027343)     30.417          0     0     1     1
(3201, 193, 1027343)     30.417          0     0     1     1
(3303, 249, 1027343)     30.417          0     0     1     1
(2341, 241, 1027343)     30.417          0     0     0     1
(3073, 81, 1027343)      30.417          0     0     1     1
(3073, 81, 1027343)      34.333          0     0     0     2
(3073, 81, 1027343)      38.333          0     0     1     1
(2497, 241, 1027343)       30.5          0     0     1     1
(3457, 113, 1027343)       30.5          0     0     1     1
(3503, 113, 1027343)     30.583          0     0     1     1
(3941, 245, 1027343)     30.583          0     0     1     1
(3621, 113, 1027343)     30.583          0     0     1     1
(2821, 211, 1027343)     30.667          0     0     1     1
(2709, 241, 1027343)     32.167          0     0     0     1
(3089, 209, 1027343)     32.167          0     0     1     1
(3203, 241, 1027343)      32.25          0     0     0     1
(3589, 177, 1027343)      32.25          0     0     0     1
(3715, 115, 1027343)     32.333          0     0     1     1
(2737, 241, 1027343)     32.417          0     0     1     1
(2565, 241, 1027343)     32.417          0     0     1     1
(3907, 113, 1027343)     32.417          0     0     1     1
(3441, 113, 1027343)       32.5          0     0     1     1
(3877, 177, 1027343)       32.5          0     0     1     1
(3201, 233, 1027343)     32.583          0     0     1     1
(3297, 241, 1027343)     32.583          0     0     1     1
(3105, 193, 1027343)     34.083          0     0     1     1
(3203, 243, 1027343)      34.25          0     0     0     1
(3585, 81, 1027343)       34.25          0     0     1     1
(3137, 65, 1027343)       34.25          0     0     0     1
(2049, 209, 1027343)      34.25          0     0     0     1
(3141, 225, 1027343)     34.333          0     0     1     1
(3617, 241, 1027343)     34.333          0     0     1     1
(2689, 241, 1027343)     34.417          0     0     1     1
(3973, 241, 1027343)     34.417          0     0     0     1
(2473, 113, 1027343)     34.417          0     0     1     1
(3073, 17, 1027343)      34.417          0     0     0     1
(3073, 17, 1027343)      38.417          0     0     1     1
(3073, 17, 1027343)      40.417          0     0     0     1
(3585, 241, 1027343)       34.5          0     0     1     1
(3073, 97, 1027343)        34.5          0     0     1     1
(3811, 113, 1027343)     34.583          0     0     0     1
(2841, 113, 1027343)     34.583          0     0     1     1
(3331, 113, 1027343)      36.25          0     0     1     1
(3073, 41, 1027343)      36.333          0     0     1     1
(3073, 145, 1027343)     36.417          0     0     1     1
(3073, 145, 1027343)     36.583          0     0     1     1
(3073, 161, 1027343)     36.417          0     0     1     1
(3139, 241, 1027343)     36.417          0     0     1     1
(3073, 33, 1027343)        36.5          0     0     1     1
(2081, 193, 1027343)     38.167          0     0     0     1
(2049, 81, 1027343)      38.167          0     0     0     1
(2049, 81, 1027343)       40.25          0     0     0     1
(2049, 81, 1027343)       42.25          0     0     0     1
(2051, 1, 1027343)       38.333          0     0     0     1
(2051, 1, 1027343)       40.167          0     0     0     1
(3072, 65, 1027343)      38.667          0     0     1     1
(2561, 161, 1027343)     40.333          0     0     0     1
(3072, 1, 1027343)       40.333          0     0     1     1
(3072, 1, 1027343)       42.417          0     0     1     1
(2049, 113, 1027343)     40.333          0     0     0     1
(2049, 65, 1027343)      42.083          0     0     0     1
(2049, 65, 1027343)      42.333          0     0     0     1
(2049, 129, 1027343)     42.167          0     0     0     1
(2049, 129, 1027343)     48.167          0     0     0     1
(2112, 1, 1027343)       42.333          0     0     0     1
(2049, 49, 1027343)      42.417          0     0     0     1
(2049, 49, 1027343)      48.417          0     0     0     1
(3072, 129, 1027343)     42.417          0     0     0     1
(2049, 33, 1027343)      42.417          0     0     0     1
(2049, 33, 1027343)      48.333          0     0     0     1
(2048, 1, 1027343)       44.167          0     0     0     1
(2048, 1, 1027343)       48.333          0     0     0     1
(2049, 17, 1027343)        44.5          0     0     0     1
(2049, 17, 1027343)      46.417          0     0     0     2
(2049, 17, 1027343)        46.5          0     0     0     1
(2049, 1, 1027343)       46.167          0     0     0     1
(2049, 1, 1027343)        46.25          0     0     0     1
(2049, 1, 1027343)       46.333          0     0     0     1
(2049, 1, 1027343)       50.667          0     0     0     1
(2049, 161, 1027343)      46.25          0     0     0     1
(2049, 161, 1027343)     48.333          0     0     0     1
(2049, 177, 1027343)     46.583          0     0     0     1
(2051, 65, 1027343)      46.667          0     0     0     1
