inputs: [1027343]/1000 samples
product                 energy   A*B=out      cfhs    chains  num 
(2725, 249, 1027343)     16.333          0     0     1     1
(2725, 249, 1027343)       22.0          0     0     1     1
(3477, 241, 1027343)     18.083          0     0     1     1
(3717, 241, 1027343)      18.25          0     0     1     1
(3717, 241, 1027343)     22.167          0     0     1     1
(2725, 243, 1027343)       20.0          0     0     1     1
(3237, 241, 1027343)     20.083          0     0     1     1
(3205, 249, 1027343)     20.167          0     0     1     1
(3625, 225, 1027343)     20.167          0     0     1     1
(3749, 161, 1027343)      20.25          0     0     1     1
(3237, 249, 1027343)     20.333          0     0     1     1
(3237, 249, 1027343)       26.0          0     0     1     1
(3173, 225, 1027343)     20.333          0     0     1     1
(3781, 177, 1027343)     20.333          0     0     1     1
(3781, 177, 1027343)     24.583          0     0     1     1
(3205, 241, 1027343)     20.417          0     0     1     1
(3205, 241, 1027343)     24.167          0     0     1     1
(3205, 241, 1027343)      26.25          0     0     1     1
(3205, 241, 1027343)     28.167          0     0     1     1
(3205, 161, 1027343)     22.083          0     0     1     1
(3205, 161, 1027343)     28.167          0     0     1     1
(3733, 249, 1027343)     22.167          0     0     1     1
(3109, 241, 1027343)     22.167          0     0     1     1
(3077, 177, 1027343)     22.167          0     0     1     1
(3077, 177, 1027343)     28.333          0     0     1     1
(3221, 193, 1027343)     22.167          0     0     1     2
(3073, 129, 1027343)     24.167          0     0     0     1
(3073, 129, 1027343)     26.167          0     0     1     1
(3073, 129, 1027343)     30.333          0     0     1     1
(3073, 129, 1027343)     32.167          0     0     1     1
(3073, 129, 1027343)     32.417          0     0     1     1
(3073, 129, 1027343)     34.167          0     0     1     1
(3073, 129, 1027343)      34.25          0     0     0     1
(3073, 129, 1027343)     36.167          0     0     0     1
(3073, 129, 1027343)     36.333          0     0     1     3
(3073, 129, 1027343)      38.25          0     0     1     1
(3073, 129, 1027343)     38.333          0     0     1     1
(3073, 129, 1027343)     40.333          0     0     1     1
(3073, 129, 1027343)     40.417          0     0     1     2
(3073, 129, 1027343)     42.167          0     0     0     1
(3073, 129, 1027343)     44.167          0     0     0     1
(3599, 113, 1027343)      24.25          0     0     1     1
(3237, 177, 1027343)     24.333          0     0     1     1
(3749, 249, 1027343)     24.417          0     0     1     1
(3589, 225, 1027343)     24.417          0     0     1     1
(3587, 81, 1027343)      24.417          0     0     1     1
(3621, 241, 1027343)     26.083          0     0     1     1
(3233, 225, 1027343)     26.083          0     0     1     1
(3585, 65, 1027343)      26.083          0     0     0     1
(2049, 209, 1027343)     26.083          0     0     1     1
(2049, 209, 1027343)     38.417          0     0     0     1
(2049, 209, 1027343)     42.167          0     0     0     1
(2049, 209, 1027343)      44.25          0     0     0     1
(2049, 209, 1027343)     48.417          0     0     0     1
(2049, 209, 1027343)       48.5          0     0     0     1
(2693, 225, 1027343)     26.167          0     0     1     1
(3075, 145, 1027343)     26.167          0     0     1     1
(3201, 225, 1027343)     26.167          0     0     1     1
(3201, 225, 1027343)      34.25          0     0     1     1
(3585, 49, 1027343)      26.167          0     0     1     1
(3585, 49, 1027343)        32.5          0     0     1     1
(3201, 249, 1027343)      26.25          0     0     1     1
(3109, 249, 1027343)      26.25          0     0     1     1
(3109, 193, 1027343)      26.25          0     0     1     1
(2593, 225, 1027343)      26.25          0     0     1     1
(3749, 241, 1027343)      26.25          0     0     1     1
(3077, 193, 1027343)      26.25          0     0     1     1
(3781, 211, 1027343)      26.25          0     0     1     1
(3717, 225, 1027343)     26.333          0     0     1     1
(2181, 161, 1027343)     26.333          0     0     0     1
(2181, 161, 1027343)     32.167          0     0     0     1
(3557, 249, 1027343)     26.417          0     0     1     1
(3329, 129, 1027343)     26.417          0     0     1     1
(3233, 145, 1027343)     26.417          0     0     1     1
(3717, 243, 1027343)       26.5          0     0     0     1
(3105, 193, 1027343)     28.083          0     0     1     1
(3077, 209, 1027343)     28.083          0     0     1     1
(3077, 209, 1027343)     30.417          0     0     1     1
(3077, 209, 1027343)     36.417          0     0     1     1
(3201, 193, 1027343)     28.083          0     0     0     1
(3201, 193, 1027343)      28.25          0     0     1     1
(3201, 193, 1027343)      30.25          0     0     1     1
(2113, 145, 1027343)     28.083          0     0     0     1
(3073, 241, 1027343)     28.167          0     0     1     1
(3073, 241, 1027343)      34.25          0     0     1     1
(3073, 241, 1027343)      38.25          0     0     1     1
(2177, 193, 1027343)     28.167          0     0     0     1
(3075, 193, 1027343)     28.167          0     0     0     1
(3089, 113, 1027343)     28.167          0     0     1     1
(3141, 69, 1027343)      28.167          0     0     1     1
(2693, 241, 1027343)      28.25          0     0     1     1
(3233, 241, 1027343)      28.25          0     0     1     1
(3233, 241, 1027343)     32.333          0     0     1     1
(3841, 145, 1027343)      28.25          0     0     1     1
(3841, 145, 1027343)     30.417          0     0     1     1
(2597, 177, 1027343)      28.25          0     0     0     1
(3073, 193, 1027343)      28.25          0     0     1     1
(3073, 193, 1027343)      32.25          0     0     1     2
(3073, 193, 1027343)      34.25          0     0     0     1
(3073, 193, 1027343)     40.417          0     0     0     1
(3205, 129, 1027343)      28.25          0     0     1     1
(3205, 129, 1027343)     28.417          0     0     1     1
(3585, 33, 1027343)       28.25          0     0     1     1
(3585, 33, 1027343)      32.333          0     0     1     1
(3625, 81, 1027343)       28.25          0     0     1     1
(3725, 177, 1027343)     28.333          0     0     1     1
(3651, 145, 1027343)     28.333          0     0     1     1
(3209, 177, 1027343)     28.333          0     0     1     1
(2885, 177, 1027343)     28.333          0     0     1     1
(3073, 65, 1027343)      28.333          0     0     0     1
(3073, 65, 1027343)        30.5          0     0     1     1
(3073, 65, 1027343)       40.25          0     0     1     1
(3073, 65, 1027343)      40.333          0     0     1     1
(3073, 65, 1027343)        40.5          0     0     1     1
(3106, 1, 1027343)       28.417          0     0     1     1
(3077, 129, 1027343)     28.417          0     0     1     1
(3077, 129, 1027343)      34.25          0     0     1     1
(3077, 129, 1027343)      40.25          0     0     0     1
(3077, 129, 1027343)      42.25          0     0     0     1
(3077, 129, 1027343)     42.417          0     0     0     1
(3077, 65, 1027343)      30.083          0     0     1     1
(3077, 65, 1027343)      38.333          0     0     0     1
(2049, 65, 1027343)      30.083          0     0     0     1
(2049, 65, 1027343)      38.083          0     0     0     1
(2049, 65, 1027343)      38.167          0     0     0     1
(2049, 65, 1027343)      38.333          0     0     0     1
(2049, 65, 1027343)      40.167          0     0     0     1
(2049, 65, 1027343)      40.333          0     0     0     1
(2049, 65, 1027343)      42.167          0     0     0     1
(2049, 65, 1027343)       42.25          0     0     0     2
(2049, 65, 1027343)      42.333          0     0     0     1
(2049, 65, 1027343)      42.417          0     0     0     1
(2049, 65, 1027343)      44.167          0     0     0     1
(2049, 65, 1027343)       46.25          0     0     0     1
(2049, 65, 1027343)      46.333          0     0     0     1
(2049, 65, 1027343)      48.417          0     0     0     1
(2049, 65, 1027343)       50.25          0     0     0     2
(2049, 65, 1027343)        50.5          0     0     0     1
(3201, 145, 1027343)     30.167          0     0     1     1
(3201, 145, 1027343)     34.333          0     0     1     1
(3201, 145, 1027343)     36.333          0     0     1     1
(2721, 241, 1027343)     30.167          0     0     1     1
(2309, 3, 1027343)       30.167          0     0     0     1
(3201, 129, 1027343)     30.167          0     0     0     1
(3201, 129, 1027343)       30.5          0     0     1     1
(3201, 129, 1027343)      32.25          0     0     1     1
(3201, 129, 1027343)     34.333          0     0     1     1
(3201, 129, 1027343)      36.25          0     0     1     1
(2053, 209, 1027343)      30.25          0     0     0     1
(2053, 209, 1027343)     36.167          0     0     0     1
(2053, 209, 1027343)     36.333          0     0     0     1
(3141, 81, 1027343)       30.25          0     0     0     1
(3073, 33, 1027343)       30.25          0     0     1     1
(3073, 33, 1027343)       32.25          0     0     0     1
(3073, 33, 1027343)      32.333          0     0     1     1
(3073, 33, 1027343)       34.25          0     0     0     1
(3073, 33, 1027343)       38.25          0     0     0     1
(3073, 33, 1027343)      40.417          0     0     0     1
(2564, 65, 1027343)       30.25          0     0     0     1
(3205, 209, 1027343)     30.333          0     0     1     1
(2305, 177, 1027343)     30.333          0     0     0     1
(2563, 65, 1027343)      30.417          0     0     0     1
(3073, 209, 1027343)     30.417          0     0     1     1
(3073, 209, 1027343)      34.25          0     0     1     1
(3073, 209, 1027343)     34.333          0     0     1     1
(3073, 209, 1027343)       36.5          0     0     1     1
(3073, 209, 1027343)     38.333          0     0     1     1
(3073, 209, 1027343)     44.333          0     0     1     1
(3073, 209, 1027343)     46.333          0     0     0     1
(3393, 3, 1027343)       30.417          0     0     1     1
(3333, 81, 1027343)      30.417          0     0     1     1
(2053, 241, 1027343)     30.417          0     0     0     1
(2563, 1, 1027343)         30.5          0     0     1     1
(2563, 1, 1027343)        42.25          0     0     0     1
(3205, 225, 1027343)     32.083          0     0     1     1
(2053, 145, 1027343)     32.083          0     0     0     1
(2053, 145, 1027343)     40.417          0     0     0     1
(2053, 145, 1027343)      46.25          0     0     0     1
(2053, 145, 1027343)     48.167          0     0     0     1
(2051, 33, 1027343)      32.083          0     0     0     1
(2053, 161, 1027343)     32.083          0     0     0     1
(2053, 161, 1027343)      32.25          0     0     0     1
(2053, 161, 1027343)      36.25          0     0     0     1
(2053, 161, 1027343)      40.25          0     0     0     1
(2049, 145, 1027343)     32.083          0     0     0     1
(2049, 145, 1027343)     34.167          0     0     0     1
(2049, 145, 1027343)     38.083          0     0     0     1
(2049, 145, 1027343)      38.25          0     0     0     1
(2049, 145, 1027343)     40.083          0     0     0     1
(2049, 145, 1027343)      40.25          0     0     0     1
(2049, 145, 1027343)     40.333          0     0     0     3
(2049, 145, 1027343)     42.167          0     0     0     2
(2049, 145, 1027343)      42.25          0     0     0     1
(2049, 145, 1027343)     42.333          0     0     0     1
(2049, 145, 1027343)     42.417          0     0     0     1
(2049, 145, 1027343)     44.333          0     0     0     2
(2049, 145, 1027343)     44.417          0     0     0     3
(2049, 145, 1027343)       44.5          0     0     0     1
(2049, 145, 1027343)     46.167          0     0     0     1
(2049, 145, 1027343)      46.25          0     0     0     3
(2049, 145, 1027343)     46.333          0     0     0     4
(2049, 145, 1027343)     46.417          0     0     0     1
(2049, 145, 1027343)       46.5          0     0     0     2
(2049, 145, 1027343)     48.167          0     0     0     2
(2049, 145, 1027343)      48.25          0     0     0     3
(2049, 145, 1027343)     48.333          0     0     0     1
(2049, 145, 1027343)     48.417          0     0     0     3
(2049, 145, 1027343)       48.5          0     0     0     1
(2049, 145, 1027343)     48.583          0     0     0     3
(2049, 145, 1027343)      48.75          0     0     0     1
(2049, 145, 1027343)     50.417          0     0     0     2
(3200, 161, 1027343)     32.167          0     0     1     1
(2053, 3, 1027343)       32.167          0     0     0     1
(2085, 131, 1027343)     32.167          0     0     0     1
(2049, 97, 1027343)      32.167          0     0     0     1
(2049, 97, 1027343)      36.333          0     0     0     1
(2049, 97, 1027343)       42.25          0     0     0     1
(2561, 145, 1027343)      32.25          0     0     0     1
(3073, 177, 1027343)      32.25          0     0     0     1
(3073, 177, 1027343)     34.333          0     0     1     1
(3073, 177, 1027343)       34.5          0     0     1     1
(3073, 177, 1027343)      36.25          0     0     1     1
(3073, 177, 1027343)     36.333          0     0     0     1
(3073, 177, 1027343)     36.667          0     0     1     1
(3073, 177, 1027343)     38.417          0     0     1     2
(3265, 129, 1027343)      32.25          0     0     1     1
(3072, 129, 1027343)      32.25          0     0     1     1
(3072, 129, 1027343)     38.417          0     0     1     1
(3072, 129, 1027343)     40.167          0     0     0     1
(3072, 129, 1027343)     40.333          0     0     1     1
(3072, 129, 1027343)     42.167          0     0     0     1
(3072, 129, 1027343)     42.333          0     0     1     1
(3072, 129, 1027343)     42.333          0     0     0     1
(3072, 129, 1027343)     46.333          0     0     1     1
(2049, 161, 1027343)      32.25          0     0     0     1
(2049, 161, 1027343)     38.167          0     0     0     1
(2049, 161, 1027343)     40.083          0     0     0     1
(2049, 161, 1027343)     42.167          0     0     0     1
(2049, 161, 1027343)     44.167          0     0     0     1
(2049, 161, 1027343)      44.25          0     0     0     1
(2049, 161, 1027343)     44.417          0     0     0     2
(2049, 161, 1027343)     46.417          0     0     0     1
(2049, 161, 1027343)     48.583          0     0     0     1
(2049, 161, 1027343)     50.333          0     0     0     1
(3081, 49, 1027343)       32.25          0     0     0     1
(3073, 81, 1027343)       32.25          0     0     0     1
(3073, 81, 1027343)       36.25          0     0     0     2
(3073, 81, 1027343)       38.25          0     0     1     1
(3073, 81, 1027343)       38.25          0     0     0     1
(3073, 81, 1027343)      38.333          0     0     1     1
(3073, 81, 1027343)      40.333          0     0     1     1
(3073, 81, 1027343)      42.417          0     0     0     1
(3073, 49, 1027343)       32.25          0     0     0     1
(3073, 49, 1027343)      38.583          0     0     1     1
(3073, 49, 1027343)        40.5          0     0     0     1
(3073, 49, 1027343)      40.583          0     0     1     1
(3073, 49, 1027343)        44.5          0     0     0     1
(2057, 51, 1027343)       32.25          0     0     0     1
(3201, 241, 1027343)     32.333          0     0     1     1
(3201, 241, 1027343)     40.667          0     0     1     1
(3105, 161, 1027343)     32.333          0     0     1     1
(3585, 129, 1027343)     32.333          0     0     1     1
(3585, 129, 1027343)     34.333          0     0     1     1
(3589, 17, 1027343)      32.333          0     0     1     1
(2593, 211, 1027343)     32.333          0     0     0     1
(3779, 113, 1027343)     32.333          0     0     1     1
(2049, 1, 1027343)       32.333          0     0     0     1
(2049, 1, 1027343)       38.167          0     0     0     5
(2049, 1, 1027343)        38.25          0     0     0     2
(2049, 1, 1027343)       40.167          0     0     0     1
(2049, 1, 1027343)        40.25          0     0     0     2
(2049, 1, 1027343)       40.333          0     0     0     2
(2049, 1, 1027343)       42.083          0     0     0     2
(2049, 1, 1027343)       42.167          0     0     0     6
(2049, 1, 1027343)        42.25          0     0     0     6
(2049, 1, 1027343)       42.333          0     0     0     3
(2049, 1, 1027343)       42.417          0     0     0     3
(2049, 1, 1027343)       44.083          0     0     0     1
(2049, 1, 1027343)       44.167          0     0     0     2
(2049, 1, 1027343)        44.25          0     0     0     7
(2049, 1, 1027343)       44.333          0     0     0     3
(2049, 1, 1027343)       44.417          0     0     0     1
(2049, 1, 1027343)       46.083          0     0     0     3
(2049, 1, 1027343)       46.167          0     0     0     4
(2049, 1, 1027343)        46.25          0     0     0     5
(2049, 1, 1027343)       46.333          0     0     0     4
(2049, 1, 1027343)       46.417          0     0     1     1
(2049, 1, 1027343)       46.417          0     0     0     1
(2049, 1, 1027343)       48.167          0     0     0     1
(2049, 1, 1027343)        48.25          0     0     0     3
(2049, 1, 1027343)       48.333          0     0     0     4
(2049, 1, 1027343)       48.417          0     0     0     1
(2049, 1, 1027343)       48.583          0     0     0     1
(2049, 1, 1027343)       50.333          0     0     0     2
(2049, 1, 1027343)       50.417          0     0     0     1
(2049, 1, 1027343)       52.083          0     0     0     2
(2593, 145, 1027343)     32.333          0     0     1     1
(2821, 161, 1027343)     32.417          0     0     1     1
(3073, 1, 1027343)       32.417          0     0     1     1
(3073, 1, 1027343)       32.583          0     0     1     1
(3073, 1, 1027343)       34.167          0     0     1     1
(3073, 1, 1027343)        36.25          0     0     0     1
(3073, 1, 1027343)       36.333          0     0     0     2
(3073, 1, 1027343)       38.167          0     0     0     1
(3073, 1, 1027343)       38.417          0     0     0     1
(3073, 1, 1027343)       40.083          0     0     0     1
(3073, 1, 1027343)       40.167          0     0     0     1
(3073, 1, 1027343)       40.333          0     0     1     1
(3073, 1, 1027343)       40.417          0     0     0     1
(3073, 1, 1027343)       42.167          0     0     0     1
(3073, 1, 1027343)        42.25          0     0     1     1
(3073, 1, 1027343)       42.333          0     0     1     1
(3073, 1, 1027343)       42.417          0     0     0     1
(3073, 1, 1027343)       42.583          0     0     1     1
(3073, 145, 1027343)     32.417          0     0     1     1
(3073, 145, 1027343)      34.25          0     0     1     1
(3073, 145, 1027343)     36.417          0     0     1     1
(3073, 145, 1027343)      38.25          0     0     0     1
(3073, 145, 1027343)     40.333          0     0     1     2
(3073, 145, 1027343)     40.417          0     0     1     1
(3073, 145, 1027343)       40.5          0     0     0     1
(3073, 145, 1027343)      42.25          0     0     0     1
(3073, 145, 1027343)     42.417          0     0     0     1
(3073, 145, 1027343)     42.417          0     0     1     1
(3073, 145, 1027343)     46.333          0     0     0     1
(3073, 225, 1027343)     32.417          0     0     0     1
(3209, 145, 1027343)       32.5          0     0     1     1
(3333, 161, 1027343)       32.5          0     0     1     1
(2561, 65, 1027343)      34.083          0     0     0     1
(2561, 65, 1027343)      34.333          0     0     0     1
(2561, 65, 1027343)        36.5          0     0     0     1
(2561, 65, 1027343)       40.25          0     0     0     1
(2049, 17, 1027343)      34.083          0     0     0     1
(2049, 17, 1027343)      34.167          0     0     0     1
(2049, 17, 1027343)       34.25          0     0     0     1
(2049, 17, 1027343)      36.083          0     0     0     1
(2049, 17, 1027343)        38.0          0     0     0     1
(2049, 17, 1027343)      38.083          0     0     0     3
(2049, 17, 1027343)       38.25          0     0     0     1
(2049, 17, 1027343)       40.25          0     0     0     2
(2049, 17, 1027343)      40.333          0     0     0     2
(2049, 17, 1027343)      40.417          0     0     0     1
(2049, 17, 1027343)        40.5          0     0     0     1
(2049, 17, 1027343)      42.083          0     0     0     1
(2049, 17, 1027343)      42.167          0     0     0     2
(2049, 17, 1027343)       42.25          0     0     0     5
(2049, 17, 1027343)      42.333          0     0     0     1
(2049, 17, 1027343)      42.417          0     0     0     1
(2049, 17, 1027343)      44.083          0     0     0     1
(2049, 17, 1027343)      44.167          0     0     0     2
(2049, 17, 1027343)       44.25          0     0     0     3
(2049, 17, 1027343)      44.333          0     0     0     4
(2049, 17, 1027343)      44.417          0     0     0     3
(2049, 17, 1027343)        44.5          0     0     0     2
(2049, 17, 1027343)      46.167          0     0     0     1
(2049, 17, 1027343)       46.25          0     0     0     5
(2049, 17, 1027343)      46.333          0     0     0     5
(2049, 17, 1027343)      46.417          0     0     0     4
(2049, 17, 1027343)        46.5          0     0     0     4
(2049, 17, 1027343)      48.167          0     0     0     1
(2049, 17, 1027343)       48.25          0     0     0     1
(2049, 17, 1027343)      48.333          0     0     0     1
(2049, 17, 1027343)      48.417          0     0     0     2
(2049, 17, 1027343)        48.5          0     0     0     2
(2049, 17, 1027343)      50.167          0     0     0     1
(2049, 17, 1027343)       50.25          0     0     0     2
(2049, 17, 1027343)      50.333          0     0     0     1
(2049, 17, 1027343)      50.417          0     0     0     2
(2049, 17, 1027343)      50.583          0     0     0     1
(2049, 17, 1027343)      52.417          0     0     0     1
(2049, 17, 1027343)      54.417          0     0     0     1
(3201, 209, 1027343)     34.167          0     0     1     1
(2085, 209, 1027343)     34.167          0     0     0     1
(3072, 145, 1027343)      34.25          0     0     1     1
(3072, 145, 1027343)      38.25          0     0     1     1
(2561, 17, 1027343)       34.25          0     0     0     1
(2561, 17, 1027343)      38.417          0     0     0     1
(2561, 17, 1027343)      40.083          0     0     0     1
(2561, 17, 1027343)      40.333          0     0     0     1
(2561, 17, 1027343)      42.333          0     0     0     1
(2561, 17, 1027343)       44.25          0     0     0     1
(2561, 17, 1027343)      44.417          0     0     0     1
(2561, 17, 1027343)      48.333          0     0     0     1
(2561, 17, 1027343)        48.5          0     0     0     1
(3205, 81, 1027343)       34.25          0     0     1     1
(2209, 193, 1027343)      34.25          0     0     0     1
(3073, 161, 1027343)     34.333          0     0     1     1
(3073, 161, 1027343)      36.25          0     0     1     1
(3073, 161, 1027343)     36.333          0     0     1     1
(3073, 161, 1027343)     36.417          0     0     1     1
(3073, 161, 1027343)      40.25          0     0     0     1
(3073, 161, 1027343)     40.333          0     0     1     1
(3077, 17, 1027343)      34.333          0     0     0     1
(2561, 1, 1027343)       34.333          0     0     1     1
(2561, 1, 1027343)        36.25          0     0     0     1
(2561, 1, 1027343)       36.333          0     0     0     2
(2561, 1, 1027343)       38.333          0     0     0     1
(2561, 1, 1027343)       42.167          0     0     0     1
(2561, 1, 1027343)       44.167          0     0     0     1
(2561, 1, 1027343)        46.25          0     0     0     1
(2689, 145, 1027343)     34.333          0     0     0     1
(3105, 65, 1027343)      34.333          0     0     1     1
(2305, 1, 1027343)       34.333          0     0     0     1
(3201, 177, 1027343)     34.417          0     0     1     1
(3073, 113, 1027343)     34.417          0     0     1     1
(3073, 17, 1027343)      34.417          0     0     0     1
(3073, 17, 1027343)        34.5          0     0     1     1
(3073, 17, 1027343)      36.167          0     0     0     1
(3073, 17, 1027343)      36.333          0     0     1     2
(3073, 17, 1027343)      36.417          0     0     1     1
(3073, 17, 1027343)        36.5          0     0     1     2
(3073, 17, 1027343)       40.25          0     0     0     3
(3073, 17, 1027343)      40.333          0     0     0     1
(3073, 17, 1027343)      40.417          0     0     0     1
(3073, 17, 1027343)      40.583          0     0     1     2
(3073, 17, 1027343)      42.333          0     0     0     1
(3073, 17, 1027343)      42.417          0     0     0     2
(3073, 17, 1027343)      42.583          0     0     1     1
(3073, 17, 1027343)      44.333          0     0     0     1
(3073, 17, 1027343)      46.667          0     0     1     1
(2049, 49, 1027343)        34.5          0     0     0     1
(2049, 49, 1027343)      36.333          0     0     0     1
(2049, 49, 1027343)      36.417          0     0     0     1
(2049, 49, 1027343)       38.25          0     0     0     1
(2049, 49, 1027343)      38.417          0     0     0     2
(2049, 49, 1027343)       42.25          0     0     0     1
(2049, 49, 1027343)      42.333          0     0     0     2
(2049, 49, 1027343)        42.5          0     0     0     3
(2049, 49, 1027343)      44.333          0     0     0     2
(2049, 49, 1027343)      44.583          0     0     0     1
(2049, 49, 1027343)      46.333          0     0     0     1
(2049, 49, 1027343)      46.417          0     0     0     1
(2049, 49, 1027343)        46.5          0     0     0     1
(2049, 49, 1027343)      46.583          0     0     0     2
(2049, 49, 1027343)       48.25          0     0     0     1
(2049, 49, 1027343)      48.333          0     0     0     2
(2049, 49, 1027343)      48.417          0     0     0     3
(2049, 49, 1027343)      48.583          0     0     0     1
(2049, 49, 1027343)      50.417          0     0     0     1
(2049, 49, 1027343)      50.583          0     0     0     2
(2049, 49, 1027343)      50.667          0     0     0     1
(2049, 49, 1027343)      52.333          0     0     0     1
(2049, 49, 1027343)      52.417          0     0     0     1
(3137, 177, 1027343)     34.583          0     0     1     1
(3105, 1, 1027343)       34.583          0     0     1     1
(2053, 129, 1027343)     36.083          0     0     0     1
(2053, 129, 1027343)      36.25          0     0     0     1
(2053, 129, 1027343)     40.167          0     0     0     1
(2053, 129, 1027343)     42.167          0     0     0     1
(2053, 129, 1027343)      42.25          0     0     0     1
(2049, 33, 1027343)      36.083          0     0     0     1
(2049, 33, 1027343)      38.167          0     0     0     1
(2049, 33, 1027343)      38.333          0     0     0     1
(2049, 33, 1027343)      40.083          0     0     0     1
(2049, 33, 1027343)      40.167          0     0     0     1
(2049, 33, 1027343)       40.25          0     0     0     1
(2049, 33, 1027343)      40.417          0     0     0     1
(2049, 33, 1027343)        40.5          0     0     0     1
(2049, 33, 1027343)      42.167          0     0     0     1
(2049, 33, 1027343)      42.333          0     0     0     2
(2049, 33, 1027343)      42.417          0     0     0     4
(2049, 33, 1027343)      44.167          0     0     0     1
(2049, 33, 1027343)       44.25          0     0     0     3
(2049, 33, 1027343)      44.333          0     0     0     2
(2049, 33, 1027343)      44.417          0     0     0     1
(2049, 33, 1027343)        44.5          0     0     0     2
(2049, 33, 1027343)       48.25          0     0     0     1
(2049, 33, 1027343)      48.333          0     0     0     1
(2049, 81, 1027343)      36.083          0     0     0     1
(2049, 81, 1027343)      38.333          0     0     0     2
(2049, 81, 1027343)      42.167          0     0     0     1
(2049, 81, 1027343)       42.25          0     0     0     1
(2049, 81, 1027343)      42.333          0     0     0     1
(2049, 81, 1027343)      42.417          0     0     0     1
(2049, 81, 1027343)      44.167          0     0     0     1
(2049, 81, 1027343)      44.417          0     0     0     1
(2049, 81, 1027343)      46.417          0     0     0     3
(2049, 81, 1027343)      48.417          0     0     0     1
(2049, 81, 1027343)        48.5          0     0     0     1
(2053, 177, 1027343)     36.167          0     0     0     1
(2053, 177, 1027343)     36.417          0     0     0     1
(2053, 177, 1027343)     42.417          0     0     0     1
(2053, 177, 1027343)     44.333          0     0     0     1
(2053, 177, 1027343)     48.333          0     0     0     1
(2049, 177, 1027343)     36.167          0     0     0     1
(2049, 177, 1027343)      36.25          0     0     0     1
(2049, 177, 1027343)     38.583          0     0     0     1
(2049, 177, 1027343)      40.25          0     0     0     1
(2049, 177, 1027343)     40.417          0     0     0     1
(2049, 177, 1027343)     40.583          0     0     0     1
(2049, 177, 1027343)     42.333          0     0     0     2
(2049, 177, 1027343)       42.5          0     0     0     1
(2049, 177, 1027343)     44.333          0     0     0     2
(2049, 177, 1027343)     44.417          0     0     0     1
(2049, 177, 1027343)      46.25          0     0     0     1
(2049, 177, 1027343)     46.417          0     0     0     2
(2049, 177, 1027343)      48.25          0     0     0     1
(2049, 177, 1027343)     48.333          0     0     0     1
(2049, 177, 1027343)     48.417          0     0     0     2
(2049, 177, 1027343)     48.583          0     0     0     1
(2049, 177, 1027343)     52.333          0     0     0     1
(2049, 177, 1027343)     52.583          0     0     0     1
(3137, 129, 1027343)     36.167          0     0     0     1
(2049, 129, 1027343)     36.167          0     0     0     1
(2049, 129, 1027343)     38.167          0     0     0     1
(2049, 129, 1027343)      38.25          0     0     0     1
(2049, 129, 1027343)     40.083          0     0     0     2
(2049, 129, 1027343)     40.167          0     0     0     1
(2049, 129, 1027343)      40.25          0     0     0     3
(2049, 129, 1027343)     40.417          0     0     0     1
(2049, 129, 1027343)       40.5          0     0     0     1
(2049, 129, 1027343)       42.0          0     0     0     1
(2049, 129, 1027343)     42.083          0     0     0     1
(2049, 129, 1027343)     42.167          0     0     0     5
(2049, 129, 1027343)      42.25          0     0     0     5
(2049, 129, 1027343)       42.5          0     0     0     1
(2049, 129, 1027343)     44.167          0     0     0     3
(2049, 129, 1027343)      44.25          0     0     0     1
(2049, 129, 1027343)     44.333          0     0     0     4
(2049, 129, 1027343)     44.583          0     0     0     1
(2049, 129, 1027343)     46.167          0     0     0     1
(2049, 129, 1027343)      46.25          0     0     0     4
(2049, 129, 1027343)     46.333          0     0     0     4
(2049, 129, 1027343)     46.417          0     0     0     2
(2049, 129, 1027343)      48.25          0     0     0     1
(2049, 129, 1027343)     48.333          0     0     0     2
(2049, 129, 1027343)     48.417          0     0     0     1
(2049, 129, 1027343)       48.5          0     0     0     2
(2049, 129, 1027343)     50.167          0     0     1     1
(2049, 129, 1027343)     50.417          0     0     0     1
(2049, 35, 1027343)      36.167          0     0     0     1
(2049, 3, 1027343)       36.167          0     0     0     1
(2049, 3, 1027343)       38.167          0     0     0     1
(2049, 3, 1027343)        40.25          0     0     0     1
(3585, 1, 1027343)        36.25          0     0     1     1
(3585, 1, 1027343)         40.5          0     0     1     1
(2565, 129, 1027343)      36.25          0     0     0     1
(2049, 193, 1027343)      36.25          0     0     0     1
(2049, 193, 1027343)     42.167          0     0     0     1
(2049, 193, 1027343)      42.25          0     0     0     1
(2049, 193, 1027343)     50.417          0     0     0     1
(3075, 129, 1027343)      36.25          0     0     0     1
(2177, 129, 1027343)      36.25          0     0     0     1
(2177, 129, 1027343)     38.167          0     0     0     1
(2177, 129, 1027343)      38.25          0     0     0     1
(2177, 129, 1027343)      40.25          0     0     0     1
(2177, 129, 1027343)     42.083          0     0     0     1
(2177, 129, 1027343)     44.167          0     0     0     1
(3137, 1, 1027343)        36.25          0     0     0     1
(3329, 145, 1027343)      36.25          0     0     1     1
(3072, 1, 1027343)       36.333          0     0     1     1
(3072, 1, 1027343)        38.25          0     0     1     2
(3072, 1, 1027343)       38.333          0     0     1     1
(3072, 1, 1027343)       40.167          0     0     0     2
(3072, 1, 1027343)        40.25          0     0     0     1
(3072, 1, 1027343)       40.333          0     0     0     1
(3072, 1, 1027343)       42.167          0     0     0     1
(3072, 1, 1027343)        42.25          0     0     0     2
(3072, 1, 1027343)        42.25          0     0     1     1
(3072, 1, 1027343)       42.333          0     0     0     1
(3072, 1, 1027343)       44.167          0     0     0     1
(3072, 1, 1027343)        44.25          0     0     0     1
(3072, 1, 1027343)        44.25          0     0     1     1
(3072, 1, 1027343)       44.417          0     0     1     1
(3072, 1, 1027343)       46.167          0     0     0     1
(3072, 1, 1027343)       46.333          0     0     1     1
(3072, 1, 1027343)       46.417          0     0     1     1
(3072, 1, 1027343)       48.167          0     0     1     1
(3072, 1, 1027343)       50.417          0     0     1     1
(2113, 1, 1027343)       36.333          0     0     0     1
(2113, 1, 1027343)        40.25          0     0     0     1
(2113, 1, 1027343)        44.25          0     0     0     1
(2181, 1, 1027343)       36.333          0     0     0     1
(2753, 97, 1027343)      36.417          0     0     0     1
(3077, 241, 1027343)       36.5          0     0     1     1
(2085, 241, 1027343)       36.5          0     0     0     1
(2181, 177, 1027343)       36.5          0     0     0     1
(3089, 17, 1027343)        36.5          0     0     0     1
(2053, 131, 1027343)       36.5          0     0     0     1
(2181, 209, 1027343)       36.5          0     0     0     1
(3841, 81, 1027343)      36.583          0     0     1     1
(2113, 133, 1027343)     38.167          0     0     0     1
(2689, 129, 1027343)     38.167          0     0     1     1
(2689, 129, 1027343)      42.25          0     0     0     1
(2049, 5, 1027343)       38.167          0     0     0     1
(2051, 1, 1027343)       38.167          0     0     0     1
(2051, 1, 1027343)        38.25          0     0     0     1
(2051, 1, 1027343)       40.167          0     0     0     1
(2051, 1, 1027343)        40.25          0     0     0     1
(2051, 1, 1027343)       40.333          0     0     0     1
(2051, 1, 1027343)       42.167          0     0     0     1
(2561, 177, 1027343)      38.25          0     0     0     1
(2561, 177, 1027343)     40.417          0     0     0     1
(2561, 177, 1027343)      42.75          0     0     0     1
(2565, 1, 1027343)        38.25          0     0     0     1
(2561, 81, 1027343)       38.25          0     0     0     1
(2561, 81, 1027343)      44.583          0     0     0     1
(2048, 1, 1027343)        38.25          0     0     0     1
(2048, 1, 1027343)       40.333          0     0     0     2
(2048, 1, 1027343)        42.25          0     0     0     3
(2048, 1, 1027343)         44.0          0     0     0     1
(2048, 1, 1027343)       44.083          0     0     0     3
(2048, 1, 1027343)       44.167          0     0     0     2
(2048, 1, 1027343)        44.25          0     0     0     4
(2048, 1, 1027343)       44.333          0     0     0     4
(2048, 1, 1027343)       44.417          0     0     0     3
(2048, 1, 1027343)       46.167          0     0     0     2
(2048, 1, 1027343)        46.25          0     0     0     2
(2048, 1, 1027343)       46.333          0     0     0     2
(2048, 1, 1027343)         46.5          0     0     0     1
(2048, 1, 1027343)       48.083          0     0     0     6
(2048, 1, 1027343)       48.167          0     0     0     3
(2048, 1, 1027343)        48.25          0     0     0     7
(2048, 1, 1027343)       48.333          0     0     0     7
(2048, 1, 1027343)       48.333          0     0     1     1
(2048, 1, 1027343)       48.417          0     0     0     1
(2048, 1, 1027343)       50.167          0     0     0     1
(2048, 1, 1027343)        50.25          0     0     0     3
(2048, 1, 1027343)       52.083          0     0     0     2
(2048, 1, 1027343)       52.167          0     0     0     4
(2048, 1, 1027343)        52.25          0     0     0     6
(2048, 1, 1027343)       52.333          0     0     0     3
(2048, 1, 1027343)       52.333          0     0     1     1
(2048, 1, 1027343)       54.333          0     0     0     1
(2048, 1, 1027343)       56.333          0     0     0     2
(2369, 1, 1027343)        38.25          0     0     0     1
(2053, 81, 1027343)       38.25          0     0     0     1
(2561, 33, 1027343)       38.25          0     0     0     1
(3204, 129, 1027343)     38.333          0     0     1     1
(3072, 17, 1027343)      38.333          0     0     1     1
(3072, 17, 1027343)      42.417          0     0     1     1
(2177, 161, 1027343)     38.333          0     0     0     1
(2689, 17, 1027343)      38.333          0     0     0     1
(2113, 65, 1027343)      38.333          0     0     0     1
(2113, 65, 1027343)      46.083          0     0     0     1
(3075, 1, 1027343)       38.417          0     0     0     1
(2309, 177, 1027343)     38.417          0     0     0     1
(2560, 1, 1027343)       38.417          0     0     0     1
(2560, 1, 1027343)       40.167          0     0     0     1
(2560, 1, 1027343)        40.25          0     0     0     1
(2560, 1, 1027343)       44.417          0     0     0     1
(2560, 1, 1027343)       46.167          0     0     0     2
(2560, 1, 1027343)        46.25          0     0     0     1
(2560, 1, 1027343)       48.333          0     0     0     1
(2053, 49, 1027343)      38.417          0     0     0     1
(3075, 209, 1027343)       38.5          0     0     1     1
(3584, 17, 1027343)        38.5          0     0     1     1
(3585, 81, 1027343)        38.5          0     0     1     1
(3077, 161, 1027343)     38.583          0     0     1     1
(2560, 129, 1027343)     40.083          0     0     0     1
(2113, 129, 1027343)     40.083          0     0     0     1
(2051, 129, 1027343)     40.167          0     0     0     1
(2051, 129, 1027343)      48.25          0     0     0     1
(2561, 129, 1027343)      40.25          0     0     0     1
(2561, 129, 1027343)     44.333          0     0     0     1
(2561, 129, 1027343)     50.333          0     0     0     1
(2304, 1, 1027343)        40.25          0     0     0     1
(2304, 1, 1027343)        42.25          0     0     0     1
(2304, 1, 1027343)       46.083          0     0     0     1
(3076, 1, 1027343)        40.25          0     0     0     1
(2061, 81, 1027343)       40.25          0     0     0     1
(2052, 131, 1027343)      40.25          0     0     0     1
(3200, 1, 1027343)        40.25          0     0     0     1
(3200, 1, 1027343)       42.167          0     0     0     1
(3200, 1, 1027343)         44.5          0     0     0     1
(2115, 97, 1027343)       40.25          0     0     0     1
(3072, 225, 1027343)     40.333          0     0     0     1
(2593, 17, 1027343)      40.333          0     0     0     1
(2593, 17, 1027343)        40.5          0     0     0     1
(2053, 1, 1027343)       40.333          0     0     0     1
(2053, 65, 1027343)      40.333          0     0     0     2
(2053, 65, 1027343)       44.25          0     0     0     1
(2053, 65, 1027343)       46.25          0     0     0     1
(2625, 1, 1027343)       40.333          0     0     0     1
(2112, 1, 1027343)       40.333          0     0     0     1
(2112, 1, 1027343)       42.333          0     0     0     1
(2112, 1, 1027343)        46.25          0     0     0     1
(2112, 1, 1027343)       48.333          0     0     0     1
(3072, 33, 1027343)      40.417          0     0     1     1
(3072, 33, 1027343)      42.417          0     0     0     1
(3072, 33, 1027343)        42.5          0     0     1     1
(3072, 33, 1027343)      42.583          0     0     1     1
(2049, 147, 1027343)     40.417          0     0     0     1
(2049, 147, 1027343)     42.333          0     0     0     1
(2305, 17, 1027343)      40.417          0     0     0     1
(2305, 17, 1027343)       42.25          0     0     0     1
(2305, 17, 1027343)      44.417          0     0     0     2
(2305, 17, 1027343)      46.417          0     0     0     1
(2048, 17, 1027343)      40.417          0     0     0     1
(2048, 17, 1027343)      42.083          0     0     0     1
(2048, 17, 1027343)      46.333          0     0     0     1
(2048, 17, 1027343)       50.25          0     0     0     1
(2048, 17, 1027343)      52.333          0     0     0     1
(2048, 17, 1027343)      52.417          0     0     0     1
(2048, 17, 1027343)      54.167          0     0     0     1
(2048, 17, 1027343)        56.5          0     0     0     1
(2561, 49, 1027343)        40.5          0     0     1     1
(2561, 49, 1027343)        42.5          0     0     0     1
(2049, 113, 1027343)       40.5          0     0     0     1
(2049, 113, 1027343)     44.333          0     0     0     1
(3072, 65, 1027343)      40.583          0     0     1     1
(3072, 65, 1027343)      42.417          0     0     1     1
(3585, 177, 1027343)      40.75          0     0     1     1
(2048, 129, 1027343)     42.083          0     0     0     1
(2048, 129, 1027343)     42.167          0     0     0     1
(2048, 129, 1027343)     48.167          0     0     0     1
(2048, 129, 1027343)      48.25          0     0     0     2
(2048, 129, 1027343)     50.167          0     0     0     1
(2048, 129, 1027343)     52.583          0     0     0     1
(2048, 129, 1027343)     54.167          0     0     0     2
(2081, 17, 1027343)      42.083          0     0     0     1
(2053, 33, 1027343)      42.167          0     0     0     1
(2053, 33, 1027343)       44.25          0     0     0     1
(2053, 33, 1027343)      52.333          0     0     0     1
(2176, 3, 1027343)       42.167          0     0     0     1
(3075, 161, 1027343)      42.25          0     0     0     1
(2113, 17, 1027343)       42.25          0     0     0     2
(2113, 17, 1027343)      44.333          0     0     0     1
(2113, 17, 1027343)        46.5          0     0     0     1
(2432, 1, 1027343)        42.25          0     0     0     1
(2118, 5, 1027343)        42.25          0     0     0     1
(2113, 67, 1027343)      42.333          0     0     0     1
(3649, 35, 1027343)      42.333          0     0     0     1
(2177, 147, 1027343)     42.333          0     0     0     1
(2177, 145, 1027343)     42.417          0     0     0     1
(2177, 145, 1027343)     46.333          0     0     0     1
(2049, 179, 1027343)     42.417          0     0     0     1
(2117, 161, 1027343)       42.5          0     0     0     1
(2560, 65, 1027343)        42.5          0     0     0     1
(3073, 185, 1027343)     42.583          0     0     1     1
(2240, 129, 1027343)     44.167          0     0     0     1
(2305, 129, 1027343)     44.167          0     0     0     1
(2058, 1, 1027343)       44.167          0     0     0     1
(3072, 177, 1027343)      44.25          0     0     0     1
(2050, 19, 1027343)       44.25          0     0     0     1
(2049, 241, 1027343)     44.333          0     0     0     1
(2050, 1, 1027343)       44.417          0     0     0     2
(2177, 177, 1027343)     44.417          0     0     0     1
(2177, 177, 1027343)     50.583          0     0     0     1
(2177, 17, 1027343)        44.5          0     0     0     1
(2177, 17, 1027343)      48.417          0     0     0     1
(2048, 65, 1027343)        44.5          0     0     0     1
(2048, 65, 1027343)      50.167          0     0     0     1
(2048, 3, 1027343)       46.083          0     0     0     1
(2048, 33, 1027343)       46.25          0     0     0     1
(2048, 33, 1027343)      50.333          0     0     0     1
(2081, 1, 1027343)        46.25          0     0     0     1
(2048, 49, 1027343)       46.25          0     0     0     1
(2056, 1, 1027343)       46.333          0     0     0     1
(2052, 3, 1027343)       46.333          0     0     0     1
(3089, 1, 1027343)       46.583          0     0     0     1
(2065, 17, 1027343)      46.583          0     0     0     1
(2050, 17, 1027343)       48.25          0     0     0     1
(2624, 33, 1027343)       48.25          0     0     0     1
(2064, 1, 1027343)        50.25          0     0     0     1
(2112, 129, 1027343)     50.333          0     0     0     1
(2112, 129, 1027343)     54.417          0     0     0     1
(2048, 145, 1027343)     50.417          0     0     0     1
(2052, 1, 1027343)       50.417          0     0     0     1
(2561, 83, 1027343)      50.583          0     0     0     1
(2560, 17, 1027343)       52.25          0     0     0     1
(2048, 9, 1027343)        52.25          0     0     0     1
(2176, 1, 1027343)        52.25          0     0     0     1
(2049, 165, 1027343)      52.25          0     0     0     1
(2051, 131, 1027343)     54.583          0     0     0     1
