inputs: 2055941/1000 samples
                      [output]   [energy]  [A*B=out] [truth of cfas] [truth of chains]      [num]
          (7931, 127, 2055941)      6.167          0               0               1          1
          (7931, 127, 2055941)      14.25          0               0               1          1
          (7931, 127, 2055941)     16.167          0               0               1          1
          (8187, 127, 2055941)      8.083          0               0               1          1
          (8187, 127, 2055941)      10.25          0               0               1          1
          (8187, 127, 2055941)     14.333          0               0               1          1
          (8187, 127, 2055941)      16.25          0               0               1          1
          (8187, 127, 2055941)     16.333          0               0               1          1
          (8187, 127, 2055941)     18.333          0               0               1          1
          (8187, 127, 2055941)      22.25          0               0               1          2
          (8187, 127, 2055941)     22.333          0               0               1          2
          (8187, 127, 2055941)     24.333          0               0               1          1
          (8187, 127, 2055941)     26.333          0               0               1          1
          (8187, 127, 2055941)     28.583          0               0               1          1
          (7517, 233, 2055941)     10.167          0               0               1          1
          (7931, 255, 2055941)     10.333          0               0               1          1
          (7931, 255, 2055941)     16.333          0               0               1          1
          (8055, 255, 2055941)       12.0          0               0               1          1
          (8055, 255, 2055941)     26.417          0               0               1          1
          (8055, 255, 2055941)     30.583          0               0               1          1
          (5725, 223, 2055941)       12.0          0               0               1          1
          (8155, 127, 2055941)     12.167          0               0               1          1
          (8155, 127, 2055941)     22.333          0               0               1          1
          (8155, 127, 2055941)       26.5          0               0               1          1
          (7933, 255, 2055941)      12.25          0               0               1          1
          (7933, 255, 2055941)      22.25          0               0               1          1
          (7167, 123, 2055941)      12.25          0               0               1          1
          (7167, 123, 2055941)       22.5          0               0               1          1
          (7167, 123, 2055941)     26.333          0               0               1          1
          (7167, 123, 2055941)     26.417          0               0               0          1
          (7167, 127, 2055941)     12.333          0               0               1          1
          (7167, 127, 2055941)     24.167          0               0               1          1
          (7167, 127, 2055941)     28.333          0               0               0          1
          (7483, 239, 2055941)       14.0          0               0               1          1
          (7805, 255, 2055941)     14.083          0               0               1          1
          (8063, 251, 2055941)     14.083          0               0               0          1
          (8063, 251, 2055941)     20.333          0               0               1          1
          (8063, 251, 2055941)      22.25          0               0               1          1
          (7679, 123, 2055941)     14.083          0               0               1          1
          (7679, 123, 2055941)      20.25          0               0               1          1
          (7679, 123, 2055941)     20.333          0               0               1          1
          (7679, 123, 2055941)     22.333          0               0               1          1
          (7679, 123, 2055941)     24.417          0               0               1          1
          (7679, 123, 2055941)     24.583          0               0               1          1
          (7679, 123, 2055941)      26.25          0               0               1          1
          (8059, 127, 2055941)     14.083          0               0               1          1
          (8059, 127, 2055941)     18.167          0               0               1          1
          (8059, 127, 2055941)     18.417          0               0               1          1
          (8059, 127, 2055941)      20.25          0               0               1          1
          (8059, 127, 2055941)      22.25          0               0               1          1
          (8059, 127, 2055941)     22.333          0               0               1          2
          (8059, 127, 2055941)       24.5          0               0               1          1
          (8059, 127, 2055941)      30.25          0               0               1          1
          (7547, 127, 2055941)     14.167          0               0               1          2
          (7547, 127, 2055941)      18.25          0               0               1          1
          (7547, 127, 2055941)     22.333          0               0               1          2
          (7547, 127, 2055941)      24.25          0               0               1          1
          (7547, 127, 2055941)       26.5          0               0               1          1
          (7547, 127, 2055941)     32.667          0               0               1          1
          (8183, 127, 2055941)     14.167          0               0               1          1
          (8183, 127, 2055941)      20.25          0               0               1          1
          (8183, 127, 2055941)      24.25          0               0               1          1
          (8183, 127, 2055941)     26.417          0               0               1          1
          (8183, 127, 2055941)     28.417          0               0               1          2
          (6007, 255, 2055941)      14.25          0               0               1          1
          (6007, 255, 2055941)     24.417          0               0               1          1
          (6007, 255, 2055941)       36.5          0               0               0          1
          (6091, 127, 2055941)      14.25          0               0               1          1
          (8043, 255, 2055941)     16.083          0               0               1          1
          (8043, 255, 2055941)       30.5          0               0               1          1
          (5851, 127, 2055941)     16.083          0               0               1          1
          (8179, 123, 2055941)     16.167          0               0               1          1
          (8179, 123, 2055941)     28.417          0               0               1          1
          (8179, 123, 2055941)     30.333          0               0               0          1
          (7551, 125, 2055941)     16.167          0               0               1          1
          (7289, 255, 2055941)     16.167          0               0               1          1
          (7803, 255, 2055941)     16.167          0               0               1          1
          (7803, 255, 2055941)     28.333          0               0               1          1
          (8063, 123, 2055941)     16.167          0               0               1          1
          (8063, 123, 2055941)     16.333          0               0               1          1
          (8063, 123, 2055941)     20.167          0               0               1          1
          (8063, 123, 2055941)     24.333          0               0               1          1
          (8063, 123, 2055941)     38.583          0               0               1          1
          (7167, 251, 2055941)      16.25          0               0               1          1
          (5627, 127, 2055941)      16.25          0               0               1          1
          (5627, 127, 2055941)     20.083          0               0               1          1
          (5627, 127, 2055941)     22.167          0               0               1          1
          (5627, 127, 2055941)     30.333          0               0               1          1
          (5627, 127, 2055941)     38.583          0               0               1          1
          (7671, 251, 2055941)      16.25          0               0               1          1
          (7671, 251, 2055941)     20.333          0               0               1          1
          (7671, 251, 2055941)     20.417          0               0               1          1
          (7543, 127, 2055941)      16.25          0               0               1          1
          (7543, 127, 2055941)     22.417          0               0               1          3
          (7543, 127, 2055941)     36.667          0               0               1          1
          (7543, 251, 2055941)     16.333          0               0               1          1
          (7543, 251, 2055941)     26.417          0               0               1          1
          (7675, 255, 2055941)     16.333          0               0               1          1
          (7675, 255, 2055941)     18.167          0               0               1          1
          (7675, 255, 2055941)     18.333          0               0               1          1
          (7675, 255, 2055941)     22.333          0               0               1          1
          (7675, 255, 2055941)     30.667          0               0               1          1
           (6523, 63, 2055941)     16.333          0               0               1          1
          (8061, 255, 2055941)     16.417          0               0               1          1
          (8061, 255, 2055941)       30.5          0               0               1          1
          (8031, 123, 2055941)     16.417          0               0               1          1
          (8031, 123, 2055941)     18.167          0               0               1          1
          (8031, 123, 2055941)      32.25          0               0               1          1
          (8019, 123, 2055941)     16.417          0               0               1          1
          (8019, 123, 2055941)      22.25          0               0               1          1
          (8019, 123, 2055941)     30.417          0               0               1          1
          (6141, 127, 2055941)     18.083          0               0               1          1
          (8023, 255, 2055941)     18.167          0               0               1          1
          (8023, 255, 2055941)     34.583          0               0               1          1
          (6643, 255, 2055941)     18.167          0               0               1          1
          (7029, 127, 2055941)     18.167          0               0               0          1
          (5883, 255, 2055941)     18.167          0               0               1          1
          (5883, 255, 2055941)       20.5          0               0               1          1
          (6903, 127, 2055941)     18.167          0               0               0          1
          (7287, 127, 2055941)     18.167          0               0               1          1
          (7775, 251, 2055941)     18.167          0               0               1          1
          (7775, 251, 2055941)      18.25          0               0               1          1
          (7775, 251, 2055941)     34.417          0               0               1          1
          (6143, 123, 2055941)      18.25          0               0               1          1
          (8191, 125, 2055941)      18.25          0               0               1          1
          (8191, 125, 2055941)       26.5          0               0               1          1
          (7131, 255, 2055941)      18.25          0               0               1          1
          (7951, 123, 2055941)      18.25          0               0               1          1
          (7165, 127, 2055941)      18.25          0               0               1          1
          (8191, 123, 2055941)     18.333          0               0               1          1
          (8191, 123, 2055941)     22.417          0               0               0          1
          (8191, 123, 2055941)     26.583          0               0               1          1
          (8191, 123, 2055941)       30.5          0               0               1          1
          (7795, 251, 2055941)     18.333          0               0               1          1
          (7935, 127, 2055941)     18.333          0               0               1          1
          (8063, 125, 2055941)     18.333          0               0               1          1
          (6015, 123, 2055941)     18.333          0               0               1          1
          (6015, 123, 2055941)     18.417          0               0               1          1
          (6015, 123, 2055941)      22.25          0               0               1          1
          (6015, 123, 2055941)       30.5          0               0               1          1
          (7155, 251, 2055941)     18.333          0               0               1          1
           (7027, 95, 2055941)     18.333          0               0               1          1
          (5757, 255, 2055941)     18.417          0               0               1          1
          (8051, 191, 2055941)     18.417          0               0               1          1
          (7539, 127, 2055941)     18.417          0               0               1          1
          (7547, 239, 2055941)     18.417          0               0               1          1
          (7379, 243, 2055941)     18.417          0               0               1          1
          (8051, 255, 2055941)       18.5          0               0               1          1
          (8051, 255, 2055941)      24.25          0               0               1          1
          (8051, 255, 2055941)     30.333          0               0               1          1
          (5491, 127, 2055941)       18.5          0               0               1          1
          (4991, 123, 2055941)       18.5          0               0               1          1
          (4991, 123, 2055941)     30.333          0               0               1          1
          (4991, 123, 2055941)     38.667          0               0               1          1
          (8059, 255, 2055941)     20.083          0               0               1          1
          (8059, 255, 2055941)     22.417          0               0               1          1
          (8059, 255, 2055941)     22.667          0               0               1          1
          (8059, 255, 2055941)       24.5          0               0               1          1
          (8059, 255, 2055941)     30.417          0               0               0          1
          (5951, 127, 2055941)     20.083          0               0               1          1
          (8055, 127, 2055941)     20.083          0               0               1          1
          (8055, 127, 2055941)     20.167          0               0               1          1
          (8055, 127, 2055941)     22.083          0               0               1          1
          (8055, 127, 2055941)     24.417          0               0               1          1
          (8055, 127, 2055941)      26.25          0               0               0          1
          (8055, 127, 2055941)      26.25          0               0               1          1
          (8055, 127, 2055941)     26.583          0               0               1          1
          (8055, 127, 2055941)       28.5          0               0               1          1
          (8055, 127, 2055941)     30.417          0               0               1          1
          (7677, 255, 2055941)     20.167          0               0               1          1
          (6015, 127, 2055941)     20.167          0               0               1          1
          (6015, 127, 2055941)     22.083          0               0               1          1
          (6015, 127, 2055941)      22.25          0               0               1          1
          (6015, 127, 2055941)       24.5          0               0               1          1
          (6015, 127, 2055941)     34.583          0               0               0          1
          (6527, 127, 2055941)     20.167          0               0               1          1
          (7639, 127, 2055941)     20.167          0               0               1          1
          (7639, 127, 2055941)     28.083          0               0               1          1
          (3453, 127, 2055941)     20.167          0               0               1          1
          (3453, 127, 2055941)      34.25          0               0               0          1
          (7733, 250, 2055941)     20.167          0               0               1          1
          (7291, 127, 2055941)     20.167          0               0               1          1
          (8017, 251, 2055941)      20.25          0               0               1          1
          (7933, 127, 2055941)      20.25          0               0               1          2
          (7933, 127, 2055941)     28.167          0               0               1          1
          (8191, 127, 2055941)      20.25          0               0               1          1
          (8191, 127, 2055941)     22.333          0               0               1          1
          (8191, 127, 2055941)       24.5          0               0               1          1
          (8191, 127, 2055941)       26.5          0               0               1          1
          (8191, 127, 2055941)       32.5          0               0               1          1
          (8189, 111, 2055941)      20.25          0               0               1          1
          (4955, 255, 2055941)      20.25          0               0               1          1
          (6007, 223, 2055941)      20.25          0               0               0          1
          (5883, 127, 2055941)      20.25          0               0               1          1
          (7803, 107, 2055941)      20.25          0               0               1          1
          (7535, 255, 2055941)      20.25          0               0               1          1
          (8061, 127, 2055941)      20.25          0               0               1          1
          (8061, 127, 2055941)       26.5          0               0               1          1
          (5719, 127, 2055941)      20.25          0               0               1          1
          (7535, 251, 2055941)      20.25          0               0               1          1
          (7643, 125, 2055941)      20.25          0               0               1          1
          (6143, 127, 2055941)     20.333          0               0               1          1
          (6143, 127, 2055941)     28.583          0               0               1          1
          (6143, 127, 2055941)       34.5          0               0               1          1
          (6013, 127, 2055941)     20.333          0               0               1          1
          (7547, 255, 2055941)     20.333          0               0               1          1
          (7547, 255, 2055941)      22.25          0               0               0          1
          (7547, 255, 2055941)       26.5          0               0               1          1
          (7807, 251, 2055941)     20.333          0               0               1          1
          (7807, 251, 2055941)     28.417          0               0               1          1
          (7283, 255, 2055941)     20.333          0               0               1          1
          (5973, 253, 2055941)     20.333          0               0               1          1
          (6519, 255, 2055941)     20.333          0               0               1          1
          (6519, 255, 2055941)       28.5          0               0               1          1
          (8175, 123, 2055941)     20.333          0               0               1          1
          (5887, 123, 2055941)     20.333          0               0               1          1
          (5887, 123, 2055941)     26.417          0               0               1          1
          (5887, 123, 2055941)     30.333          0               0               1          1
          (7911, 123, 2055941)     20.333          0               0               1          1
          (6109, 255, 2055941)     20.333          0               0               1          1
          (8189, 127, 2055941)     20.333          0               0               1          1
          (8189, 127, 2055941)     22.417          0               0               1          1
          (8189, 127, 2055941)      26.25          0               0               1          1
          (7135, 127, 2055941)     20.333          0               0               1          1
          (7135, 127, 2055941)     26.417          0               0               1          1
          (7135, 127, 2055941)     30.333          0               0               1          1
          (5499, 123, 2055941)     20.333          0               0               1          1
          (8053, 127, 2055941)     20.333          0               0               1          1
          (7807, 127, 2055941)     20.333          0               0               1          1
          (7807, 127, 2055941)     24.333          0               0               1          1
          (7039, 123, 2055941)     20.333          0               0               1          1
          (7795, 127, 2055941)     20.333          0               0               1          1
          (7795, 127, 2055941)     26.167          0               0               0          1
          (8187, 239, 2055941)     20.417          0               0               1          1
          (8183, 123, 2055941)     20.417          0               0               0          1
          (8183, 123, 2055941)     32.417          0               0               1          1
          (6653, 255, 2055941)     20.417          0               0               1          1
          (6653, 255, 2055941)       22.5          0               0               1          1
          (8023, 127, 2055941)     20.417          0               0               1          1
          (8023, 127, 2055941)     30.333          0               0               1          1
          (8023, 127, 2055941)     34.417          0               0               1          1
          (7679, 127, 2055941)     20.417          0               0               1          1
          (7679, 127, 2055941)      28.25          0               0               1          1
          (7131, 127, 2055941)     20.417          0               0               1          1
          (7131, 127, 2055941)     22.583          0               0               1          1
          (7131, 127, 2055941)     24.583          0               0               1          1
          (7131, 127, 2055941)     32.667          0               0               1          1
          (7647, 123, 2055941)     20.417          0               0               1          1
          (8155, 121, 2055941)     20.417          0               0               1          1
          (7539, 123, 2055941)     20.417          0               0               1          1
          (7539, 123, 2055941)     26.333          0               0               1          1
          (7539, 123, 2055941)     32.417          0               0               1          1
          (8155, 255, 2055941)     20.417          0               0               1          1
          (8155, 255, 2055941)     24.417          0               0               1          1
          (8155, 255, 2055941)     32.583          0               0               1          1
          (5243, 127, 2055941)     20.417          0               0               1          1
          (8059, 123, 2055941)       20.5          0               0               1          1
          (8059, 123, 2055941)      28.25          0               0               1          1
          (6105, 251, 2055941)     20.583          0               0               1          1
          (8061, 249, 2055941)     20.583          0               0               1          1
          (8151, 123, 2055941)     20.583          0               0               1          1
          (8151, 123, 2055941)     28.417          0               0               1          1
          (8011, 251, 2055941)     20.583          0               0               1          1
          (7595, 127, 2055941)       22.0          0               0               1          1
          (8151, 127, 2055941)     22.083          0               0               1          1
          (8151, 127, 2055941)      30.25          0               0               1          1
          (8151, 127, 2055941)     30.333          0               0               1          1
          (8151, 127, 2055941)       36.5          0               0               1          1
          (8049, 255, 2055941)     22.083          0               0               1          1
          (6139, 123, 2055941)     22.083          0               0               1          1
          (4977, 121, 2055941)     22.083          0               0               1          1
          (5621, 255, 2055941)     22.167          0               0               1          1
          (5975, 255, 2055941)     22.167          0               0               1          1
          (5975, 255, 2055941)     32.583          0               0               1          1
          (7679, 251, 2055941)     22.167          0               0               0          1
          (7679, 251, 2055941)       24.5          0               0               1          1
          (8025, 249, 2055941)     22.167          0               0               1          1
          (6009, 255, 2055941)     22.167          0               0               1          1
          (6645, 255, 2055941)     22.167          0               0               1          1
          (5499, 127, 2055941)     22.167          0               0               1          1
          (7505, 253, 2055941)     22.167          0               0               1          1
          (8039, 127, 2055941)     22.167          0               0               1          1
          (7163, 127, 2055941)     22.167          0               0               1          1
          (7163, 127, 2055941)      22.25          0               0               1          1
          (7163, 127, 2055941)     22.583          0               0               1          1
          (4351, 123, 2055941)     22.167          0               0               1          1
          (6259, 235, 2055941)     22.167          0               0               1          1
          (6983, 123, 2055941)     22.167          0               0               0          1
          (6983, 123, 2055941)      28.25          0               0               1          1
          (8191, 251, 2055941)      22.25          1               0               0          1
          (5623, 255, 2055941)      22.25          0               0               1          1
          (7251, 255, 2055941)      22.25          0               0               1          1
          (7899, 255, 2055941)      22.25          0               0               1          1
          (7509, 125, 2055941)      22.25          0               0               1          1
          (8185, 123, 2055941)      22.25          0               0               0          1
          (8185, 123, 2055941)     30.333          0               0               1          1
          (4947, 251, 2055941)      22.25          0               0               1          1
          (8185, 219, 2055941)      22.25          0               0               1          1
          (7635, 107, 2055941)      22.25          0               0               0          1
          (5979, 255, 2055941)      22.25          0               0               1          1
          (7637, 123, 2055941)      22.25          0               0               1          1
          (5493, 251, 2055941)      22.25          0               0               1          1
          (5493, 251, 2055941)      32.25          0               0               1          1
          (8187, 255, 2055941)     22.333          0               0               1          1
          (8187, 255, 2055941)     28.417          0               0               1          1
          (5621, 127, 2055941)     22.333          0               0               1          1
          (5501, 127, 2055941)     22.333          0               0               1          1
          (5983, 123, 2055941)     22.333          0               0               1          1
          (6611, 127, 2055941)     22.333          0               0               1          1
          (6779, 127, 2055941)     22.333          0               0               1          1
          (6779, 127, 2055941)     30.333          0               0               1          1
          (7647, 127, 2055941)     22.333          0               0               1          1
          (7159, 127, 2055941)     22.333          0               0               1          1
          (7159, 127, 2055941)     36.167          0               0               1          1
          (7795, 255, 2055941)     22.333          0               0               1          1
          (7795, 255, 2055941)     26.333          0               0               0          1
          (6941, 253, 2055941)     22.333          0               0               1          1
          (8043, 123, 2055941)     22.333          0               0               1          1
          (4595, 251, 2055941)     22.333          0               0               1          1
          (8051, 127, 2055941)     22.333          0               0               1          1
          (8051, 127, 2055941)     26.417          0               0               1          1
          (8051, 127, 2055941)     32.667          0               0               1          1
          (7803, 127, 2055941)     22.333          0               0               1          1
          (7895, 127, 2055941)     22.333          0               0               1          1
          (5447, 123, 2055941)     22.333          0               0               1          1
          (4985, 107, 2055941)     22.333          0               0               1          1
          (5749, 255, 2055941)     22.417          0               0               1          1
          (6783, 123, 2055941)     22.417          0               0               0          1
          (5739, 255, 2055941)     22.417          0               0               1          1
          (7007, 255, 2055941)     22.417          0               0               1          1
          (7007, 255, 2055941)       28.5          0               0               1          1
          (7007, 255, 2055941)     34.583          0               0               1          1
          (5627, 255, 2055941)     22.417          0               0               1          1
          (5587, 191, 2055941)     22.417          0               0               0          1
          (6131, 127, 2055941)     22.417          0               0               1          1
          (6131, 127, 2055941)     26.417          0               0               1          2
          (6139, 255, 2055941)       22.5          0               0               1          1
          (6139, 255, 2055941)       40.5          0               0               1          1
          (5855, 251, 2055941)       22.5          0               0               1          1
          (5855, 251, 2055941)     24.583          0               0               1          1
          (8155, 251, 2055941)       22.5          0               0               1          1
          (8155, 251, 2055941)     34.583          0               0               1          1
          (5623, 127, 2055941)       22.5          0               0               1          1
          (5623, 127, 2055941)     26.083          0               0               1          1
          (5623, 127, 2055941)     32.583          0               0               1          1
          (8181, 255, 2055941)       22.5          0               0               1          1
          (8181, 255, 2055941)      24.25          0               0               1          1
          (8181, 255, 2055941)      26.25          0               0               1          1
          (8181, 255, 2055941)     32.417          0               0               1          1
          (7549, 255, 2055941)       22.5          0               0               1          1
          (5615, 123, 2055941)       22.5          0               0               1          1
          (8061, 125, 2055941)       22.5          0               0               1          1
          (4863, 123, 2055941)       22.5          0               0               1          1
          (7923, 123, 2055941)       22.5          0               0               1          1
          (8027, 191, 2055941)     22.583          0               0               1          1
          (7157, 255, 2055941)     22.667          0               0               1          1
          (7157, 255, 2055941)       26.5          0               0               1          1
          (6907, 255, 2055941)     22.667          0               0               1          1
          (7803, 251, 2055941)       24.0          0               0               0          1
          (6133, 125, 2055941)     24.083          0               0               1          1
          (4987, 127, 2055941)     24.083          0               0               1          1
          (4987, 127, 2055941)     28.417          0               0               1          1
          (4987, 127, 2055941)     30.417          0               0               1          1
          (8021, 255, 2055941)     24.167          0               0               1          1
          (8021, 255, 2055941)      24.25          0               0               1          1
          (7675, 127, 2055941)     24.167          0               0               1          1
          (7675, 127, 2055941)      24.25          0               0               0          1
          (7675, 127, 2055941)     24.333          0               0               1          1
          (7675, 127, 2055941)      28.25          0               0               0          1
          (3963, 123, 2055941)     24.167          0               0               0          1
          (3963, 123, 2055941)     34.417          0               0               0          1
          (7629, 249, 2055941)     24.167          0               0               1          1
          (6107, 127, 2055941)     24.167          0               0               1          1
          (6107, 127, 2055941)       32.5          0               0               1          1
          (7677, 127, 2055941)     24.167          0               0               1          1
          (8059, 251, 2055941)     24.167          0               0               0          1
          (6473, 235, 2055941)     24.167          0               0               1          1
          (5083, 127, 2055941)     24.167          0               0               1          1
          (7623, 127, 2055941)     24.167          0               0               1          1
          (5731, 251, 2055941)     24.167          0               0               1          1
          (8023, 123, 2055941)     24.167          0               0               1          1
          (5997, 241, 2055941)     24.167          0               0               1          1
          (5593, 127, 2055941)      24.25          0               0               1          1
          (7507, 255, 2055941)      24.25          0               0               1          1
          (7507, 255, 2055941)     30.583          0               0               0          1
          (6773, 251, 2055941)      24.25          0               0               1          1
          (3907, 191, 2055941)      24.25          0               0               1          1
          (7515, 255, 2055941)      24.25          0               0               1          1
          (7515, 255, 2055941)     28.417          0               0               1          1
          (5497, 253, 2055941)      24.25          0               0               1          1
          (7791, 127, 2055941)      24.25          0               0               1          1
          (6987, 255, 2055941)      24.25          0               0               0          1
          (4955, 127, 2055941)      24.25          0               0               1          1
          (7531, 255, 2055941)      24.25          0               0               1          1
          (8021, 223, 2055941)      24.25          0               0               1          1
          (7421, 127, 2055941)      24.25          0               0               1          1
          (4981, 249, 2055941)      24.25          0               0               1          1
          (7933, 123, 2055941)      24.25          0               0               1          1
          (7773, 127, 2055941)      24.25          0               0               1          1
          (7265, 225, 2055941)      24.25          0               0               1          1
          (5605, 235, 2055941)      24.25          0               0               0          1
          (6223, 127, 2055941)     24.333          0               0               1          1
          (6007, 127, 2055941)     24.333          0               0               1          1
          (6007, 127, 2055941)       26.5          0               0               1          1
          (8181, 127, 2055941)     24.333          0               0               1          1
          (5469, 255, 2055941)     24.333          0               0               1          1
          (7539, 255, 2055941)     24.333          0               0               1          1
          (7651, 127, 2055941)     24.333          0               0               1          1
          (8061, 253, 2055941)     24.333          0               0               1          1
          (6523, 255, 2055941)     24.333          0               0               1          1
          (5503, 123, 2055941)     24.333          0               0               1          1
          (5247, 123, 2055941)     24.333          0               0               1          1
          (7925, 251, 2055941)     24.333          0               0               1          1
          (8151, 253, 2055941)     24.333          0               0               1          1
          (4979, 247, 2055941)     24.333          0               0               1          1
          (5619, 251, 2055941)     24.333          0               0               1          1
          (5337, 237, 2055941)     24.333          0               0               1          1
          (5879, 127, 2055941)     24.333          0               0               1          1
          (5879, 127, 2055941)      28.25          0               0               1          1
          (7497, 251, 2055941)     24.333          0               0               1          1
          (7497, 251, 2055941)       34.5          0               0               1          1
          (7503, 123, 2055941)     24.333          0               0               1          2
          (4575, 251, 2055941)     24.333          0               0               1          1
          (7757, 249, 2055941)     24.333          0               0               1          1
          (7295, 123, 2055941)     24.333          0               0               1          1
          (6619, 127, 2055941)     24.333          0               0               1          1
          (6619, 127, 2055941)     32.417          0               0               1          1
          (7253, 183, 2055941)     24.333          0               0               1          1
          (8191, 255, 2055941)     24.417          0               0               1          1
          (8191, 255, 2055941)     32.667          0               0               1          1
          (8191, 255, 2055941)     36.333          0               0               1          1
          (8191, 255, 2055941)     36.417          0               0               1          1
          (5631, 253, 2055941)     24.417          0               0               1          1
          (6011, 127, 2055941)     24.417          0               0               1          2
          (8021, 253, 2055941)     24.417          0               0               1          1
          (8021, 253, 2055941)       32.5          0               0               1          1
          (5495, 127, 2055941)     24.417          0               0               1          1
          (5495, 127, 2055941)     30.333          0               0               0          1
          (5495, 127, 2055941)     30.667          0               0               1          1
          (6491, 255, 2055941)     24.417          0               0               1          1
          (7527, 251, 2055941)     24.417          0               0               1          1
          (8031, 127, 2055941)     24.417          0               0               1          1
          (5119, 123, 2055941)     24.417          0               0               1          1
          (7995, 255, 2055941)     24.417          0               0               1          1
          (5963, 255, 2055941)     24.417          0               0               1          1
          (7519, 251, 2055941)     24.417          0               0               1          1
          (7679, 219, 2055941)     24.417          0               0               1          1
          (4441, 251, 2055941)     24.417          0               0               0          1
          (7519, 123, 2055941)     24.417          0               0               1          1
          (7027, 127, 2055941)     24.417          0               0               1          1
          (5629, 125, 2055941)     24.417          0               0               1          1
          (7795, 123, 2055941)     24.417          0               0               1          1
          (6125, 255, 2055941)       24.5          0               0               1          1
          (7677, 251, 2055941)       24.5          0               0               1          1
          (6399, 123, 2055941)       24.5          0               0               1          1
          (6131, 223, 2055941)       24.5          0               0               1          1
          (6907, 127, 2055941)       24.5          0               0               1          1
          (6499, 246, 2055941)       24.5          0               0               1          1
          (7833, 255, 2055941)       24.5          0               0               1          1
          (5753, 235, 2055941)       24.5          0               0               1          1
          (7927, 123, 2055941)       24.5          0               0               1          1
          (7927, 123, 2055941)     28.417          0               0               1          1
          (5975, 123, 2055941)       24.5          0               0               1          1
          (7687, 115, 2055941)       24.5          0               0               1          1
          (8179, 111, 2055941)     24.583          0               0               1          1
           (7899, 91, 2055941)     24.583          0               0               1          1
          (8007, 249, 2055941)     26.083          0               0               1          1
          (5959, 127, 2055941)     26.083          0               0               1          1
          (7641, 255, 2055941)     26.167          0               0               1          1
          (6655, 127, 2055941)     26.167          0               0               1          1
          (4059, 127, 2055941)     26.167          0               0               1          1
          (7259, 127, 2055941)     26.167          0               0               1          1
          (7259, 127, 2055941)     28.167          0               0               1          1
          (7551, 251, 2055941)     26.167          0               0               1          1
          (7551, 251, 2055941)     34.167          0               0               1          1
          (7545, 123, 2055941)     26.167          0               0               1          1
          (8005, 127, 2055941)     26.167          0               0               1          1
          (4935, 243, 2055941)     26.167          0               0               1          1
          (5227, 219, 2055941)     26.167          0               0               0          1
          (5459, 123, 2055941)     26.167          0               0               1          1
          (5459, 123, 2055941)     28.333          0               0               1          1
          (5459, 123, 2055941)     30.333          0               0               1          1
          (5459, 123, 2055941)     30.583          0               0               1          1
          (6135, 127, 2055941)      26.25          0               0               1          1
          (5495, 125, 2055941)      26.25          0               0               1          1
          (8161, 251, 2055941)      26.25          0               0               1          1
          (7027, 255, 2055941)      26.25          0               0               1          1
          (7165, 239, 2055941)      26.25          0               0               1          1
          (8023, 111, 2055941)      26.25          0               0               1          1
          (7999, 127, 2055941)      26.25          0               0               1          1
          (5757, 127, 2055941)      26.25          0               0               1          1
          (4851, 127, 2055941)      26.25          0               0               1          1
          (4851, 127, 2055941)     30.417          0               0               1          1
          (8153, 251, 2055941)      26.25          0               0               1          1
          (5627, 123, 2055941)      26.25          0               0               1          1
          (7769, 123, 2055941)      26.25          0               0               1          1
          (7251, 123, 2055941)      26.25          0               0               1          1
          (7251, 123, 2055941)     32.333          0               0               1          1
          (6071, 251, 2055941)      26.25          0               0               1          1
           (5091, 51, 2055941)      26.25          0               0               0          1
          (8055, 125, 2055941)     26.333          0               0               1          1
          (5499, 255, 2055941)     26.333          0               0               1          1
          (5499, 255, 2055941)     28.667          0               0               1          1
          (6013, 255, 2055941)     26.333          0               0               1          1
          (6013, 255, 2055941)     28.167          0               0               1          1
          (6013, 255, 2055941)     32.583          0               0               1          1
          (5991, 127, 2055941)     26.333          0               0               1          1
          (8133, 255, 2055941)     26.333          0               0               1          1
          (5115, 255, 2055941)     26.333          0               0               1          1
          (5363, 127, 2055941)     26.333          0               0               1          1
          (8051, 111, 2055941)     26.333          0               0               1          1
          (7037, 127, 2055941)     26.333          0               0               1          1
          (6011, 255, 2055941)     26.333          0               0               0          1
          (6011, 255, 2055941)     32.417          0               0               1          1
          (5497, 251, 2055941)     26.333          0               0               1          1
          (7805, 127, 2055941)     26.333          0               0               1          1
          (7805, 127, 2055941)     30.167          0               0               0          1
          (5967, 123, 2055941)     26.333          0               0               1          1
          (5967, 123, 2055941)     30.417          0               0               1          1
          (5503, 125, 2055941)     26.333          0               0               1          1
          (7643, 255, 2055941)     26.333          0               0               0          1
          (7643, 255, 2055941)      28.25          0               0               1          1
          (8123, 255, 2055941)     26.333          0               0               1          1
          (5461, 251, 2055941)     26.333          0               0               1          1
          (6899, 251, 2055941)     26.333          0               0               1          1
           (7803, 95, 2055941)     26.333          0               0               1          1
          (8183, 223, 2055941)     26.333          0               0               1          1
          (4947, 127, 2055941)     26.333          0               0               1          1
          (5999, 251, 2055941)     26.333          0               0               1          1
          (7807, 123, 2055941)     26.333          0               0               1          1
          (7807, 123, 2055941)     26.417          0               0               1          1
          (7807, 123, 2055941)       28.5          0               0               1          1
          (7663, 127, 2055941)     26.333          0               0               1          1
          (7507, 121, 2055941)     26.333          0               0               1          1
          (7267, 241, 2055941)     26.333          0               0               1          1
          (4949, 253, 2055941)     26.333          0               0               1          1
          (5151, 203, 2055941)     26.333          0               0               0          1
          (5493, 255, 2055941)     26.417          0               0               1          1
          (8053, 255, 2055941)     26.417          0               0               1          1
          (5747, 127, 2055941)     26.417          0               0               1          1
          (7545, 251, 2055941)     26.417          0               0               1          1
          (6909, 125, 2055941)     26.417          0               0               1          1
          (8159, 255, 2055941)     26.417          0               0               1          1
          (4949, 255, 2055941)     26.417          0               0               0          1
          (5631, 127, 2055941)     26.417          0               0               1          1
          (8027, 127, 2055941)     26.417          0               0               1          1
          (6099, 127, 2055941)     26.417          0               0               1          1
          (6483, 255, 2055941)     26.417          0               0               1          1
          (5843, 127, 2055941)     26.417          0               0               1          1
          (6995, 223, 2055941)     26.417          0               0               1          1
          (7383, 251, 2055941)     26.417          0               0               1          1
          (7551, 127, 2055941)     26.417          0               0               1          1
          (7551, 127, 2055941)     28.417          0               0               1          1
          (7867, 251, 2055941)     26.417          0               0               0          1
          (8059, 119, 2055941)     26.417          0               0               1          1
          (5077, 125, 2055941)     26.417          0               0               1          1
          (5077, 125, 2055941)       34.5          0               0               1          1
          (4847, 251, 2055941)     26.417          0               0               1          1
          (8165, 123, 2055941)     26.417          0               0               1          1
          (5115, 123, 2055941)     26.417          0               0               1          1
          (8023, 115, 2055941)     26.417          0               0               1          1
          (7919, 123, 2055941)     26.417          0               0               1          1
          (7763, 111, 2055941)     26.417          0               0               1          1
          (5979, 127, 2055941)     26.417          0               0               1          1
          (5115, 127, 2055941)       26.5          0               0               1          1
          (5115, 127, 2055941)      30.25          0               0               1          1
          (5115, 127, 2055941)     32.417          0               0               1          1
          (6239, 123, 2055941)       26.5          0               0               1          1
          (6655, 123, 2055941)       26.5          0               0               1          1
          (7159, 255, 2055941)       26.5          0               0               1          1
          (6133, 249, 2055941)       26.5          0               0               1          1
          (5487, 251, 2055941)       26.5          0               0               1          1
          (5975, 127, 2055941)       26.5          0               0               1          1
          (5463, 123, 2055941)       26.5          0               0               1          1
          (6489, 249, 2055941)       26.5          0               0               1          1
          (8057, 123, 2055941)       26.5          0               0               1          1
          (8057, 123, 2055941)     30.667          0               0               1          1
          (5863, 251, 2055941)       26.5          0               0               1          1
          (7495, 123, 2055941)       26.5          0               0               1          1
          (7771, 207, 2055941)       26.5          0               0               1          1
          (8053, 251, 2055941)     26.583          0               0               1          1
          (7163, 255, 2055941)     26.583          0               0               1          1
          (7163, 255, 2055941)     30.417          0               0               0          1
          (4595, 255, 2055941)     26.583          0               0               1          1
          (8019, 255, 2055941)     26.583          0               0               1          1
          (8153, 127, 2055941)     26.583          0               0               1          1
          (7935, 251, 2055941)     26.583          0               0               1          1
          (7609, 255, 2055941)     26.583          0               0               1          1
          (8155, 249, 2055941)     26.583          0               0               1          1
          (6003, 123, 2055941)     26.583          0               0               1          1
          (6003, 123, 2055941)     28.417          0               0               1          1
          (5979, 119, 2055941)     26.583          0               0               1          1
           (5979, 91, 2055941)     26.583          0               0               1          1
          (8175, 255, 2055941)     26.667          0               0               1          1
           (8055, 95, 2055941)     26.667          0               0               1          1
           (8055, 95, 2055941)      28.25          0               0               1          1
          (5759, 115, 2055941)     26.667          0               0               1          1
          (6387, 251, 2055941)     28.083          0               0               1          1
          (4979, 123, 2055941)     28.083          0               0               1          1
          (8143, 255, 2055941)     28.167          0               0               1          1
          (5119, 127, 2055941)     28.167          0               0               1          1
          (6983, 255, 2055941)     28.167          0               0               1          1
          (7499, 127, 2055941)     28.167          0               0               1          1
          (6639, 219, 2055941)     28.167          0               0               1          1
          (7763, 231, 2055941)     28.167          0               0               1          1
          (8159, 123, 2055941)      28.25          0               0               1          1
          (8031, 251, 2055941)      28.25          0               0               0          1
          (5977, 223, 2055941)      28.25          0               0               1          1
          (6117, 127, 2055941)      28.25          0               0               0          1
          (8183, 255, 2055941)      28.25          0               0               1          1
          (8183, 255, 2055941)     32.417          0               0               1          1
          (7151, 123, 2055941)      28.25          0               0               1          1
          (8187, 123, 2055941)      28.25          0               0               1          1
          (8187, 123, 2055941)     28.417          0               0               1          1
          (8055, 123, 2055941)      28.25          0               0               1          1
          (7767, 255, 2055941)      28.25          0               0               0          1
          (7767, 255, 2055941)     32.417          0               0               1          1
           (6011, 63, 2055941)      28.25          0               0               0          1
          (5449, 123, 2055941)      28.25          0               0               0          1
          (5449, 123, 2055941)     38.583          0               0               0          1
          (5215, 251, 2055941)      28.25          0               0               1          1
          (5609, 251, 2055941)      28.25          0               0               1          1
          (7545, 255, 2055941)     28.333          0               0               1          1
          (7541, 251, 2055941)     28.333          0               0               1          1
          (8187, 223, 2055941)     28.333          0               0               1          1
          (4087, 127, 2055941)     28.333          0               0               0          1
          (5867, 127, 2055941)     28.333          0               0               1          1
          (8159, 127, 2055941)     28.333          0               0               1          1
          (8159, 127, 2055941)     30.083          0               0               1          1
          (8159, 127, 2055941)     34.333          0               0               1          1
          (2815, 127, 2055941)     28.333          0               0               0          1
          (7033, 123, 2055941)     28.333          0               0               1          1
          (7539, 251, 2055941)     28.333          0               0               0          1
          (7539, 251, 2055941)     30.333          0               0               1          1
          (4991, 251, 2055941)     28.333          0               0               0          1
          (7135, 123, 2055941)     28.333          0               0               1          1
          (8047, 251, 2055941)     28.333          0               0               1          1
          (5235, 123, 2055941)     28.333          0               0               1          1
          (5499, 249, 2055941)     28.333          0               0               1          1
          (7155, 127, 2055941)     28.333          0               0               1          1
          (8047, 127, 2055941)     28.333          0               0               1          1
          (4441, 123, 2055941)     28.333          0               0               1          1
          (4927, 123, 2055941)     28.333          0               0               0          1
          (5751, 121, 2055941)     28.333          0               0               1          1
          (7795, 111, 2055941)     28.333          0               0               1          1
          (5219, 159, 2055941)     28.333          0               0               1          1
          (7551, 255, 2055941)     28.417          0               0               1          1
          (6005, 253, 2055941)     28.417          0               0               1          1
          (8187, 247, 2055941)     28.417          0               0               1          1
          (5623, 251, 2055941)     28.417          0               0               1          1
          (7029, 251, 2055941)     28.417          0               0               1          1
          (5747, 239, 2055941)     28.417          0               0               1          1
          (6259, 249, 2055941)     28.417          0               0               1          1
          (6011, 253, 2055941)     28.417          0               0               1          1
          (6395, 255, 2055941)     28.417          0               0               1          1
          (5879, 123, 2055941)     28.417          0               0               1          1
          (7635, 123, 2055941)     28.417          0               0               1          1
          (6877, 249, 2055941)     28.417          0               0               1          1
          (6131, 123, 2055941)     28.417          0               0               1          1
           (8023, 95, 2055941)     28.417          0               0               1          1
          (7895, 123, 2055941)     28.417          0               0               1          1
          (7895, 123, 2055941)     30.583          0               0               1          1
          (8027, 255, 2055941)     28.417          0               0               1          1
          (5481, 251, 2055941)     28.417          0               0               1          1
          (6011, 111, 2055941)     28.417          0               0               0          1
          (6613, 217, 2055941)     28.417          0               0               1          1
          (8179, 247, 2055941)     28.417          0               0               1          1
          (7517, 217, 2055941)     28.417          0               0               1          1
          (5883, 103, 2055941)     28.417          0               0               1          1
          (7495, 239, 2055941)     28.417          0               0               1          1
          (5297, 121, 2055941)     28.417          0               0               0          1
          (6099, 251, 2055941)       28.5          0               0               1          1
          (6009, 123, 2055941)       28.5          0               0               1          1
          (3033, 255, 2055941)       28.5          0               0               0          1
          (6771, 255, 2055941)       28.5          0               0               1          1
          (5825, 251, 2055941)       28.5          0               0               1          1
          (8003, 123, 2055941)       28.5          0               0               1          1
          (5631, 123, 2055941)       28.5          0               0               1          1
          (5855, 127, 2055941)       28.5          0               0               1          1
          (5855, 127, 2055941)     28.583          0               0               1          1
          (5503, 111, 2055941)       28.5          0               0               1          1
           (8059, 63, 2055941)       28.5          0               0               1          1
          (6995, 123, 2055941)       28.5          0               0               1          1
          (7423, 127, 2055941)     28.583          0               0               1          1
          (5877, 123, 2055941)     28.583          0               0               1          1
          (5877, 253, 2055941)     28.583          0               0               1          1
          (6009, 121, 2055941)     28.583          0               0               1          1
          (5885, 255, 2055941)     28.583          0               0               1          1
          (5885, 255, 2055941)     30.417          0               0               1          1
          (7155, 255, 2055941)     28.583          0               0               0          1
          (7415, 255, 2055941)     28.583          0               0               1          1
          (7025, 127, 2055941)     28.583          0               0               1          1
          (5759, 251, 2055941)     28.583          0               0               1          1
          (5495, 251, 2055941)     28.583          0               0               1          1
          (7547, 251, 2055941)     28.583          0               0               1          1
          (6141, 251, 2055941)     28.667          0               0               1          1
          (8179, 251, 2055941)     28.667          0               0               1          1
          (8179, 251, 2055941)       32.5          0               0               1          1
          (8027, 123, 2055941)     28.667          0               0               1          1
          (8153, 255, 2055941)     28.833          0               0               1          1
          (6527, 123, 2055941)     30.083          0               0               1          1
          (7031, 127, 2055941)     30.167          0               0               0          1
          (7031, 127, 2055941)     30.333          0               0               1          1
          (7671, 125, 2055941)     30.167          0               0               1          1
          (5751, 255, 2055941)      30.25          0               0               1          1
          (8177, 123, 2055941)      30.25          0               0               1          1
          (7505, 127, 2055941)      30.25          0               0               1          1
          (7005, 255, 2055941)      30.25          0               0               1          1
          (7929, 255, 2055941)      30.25          0               0               1          1
          (4859, 127, 2055941)      30.25          0               0               1          1
          (7607, 127, 2055941)      30.25          0               0               1          1
          (6209, 123, 2055941)      30.25          0               0               1          1
          (3451, 255, 2055941)      30.25          0               0               0          1
          (4947, 123, 2055941)      30.25          0               0               0          1
          (6517, 251, 2055941)     30.333          0               0               1          1
           (8183, 95, 2055941)     30.333          0               0               1          1
          (7937, 251, 2055941)     30.333          0               0               1          1
          (5599, 127, 2055941)     30.333          0               0               1          1
          (7423, 123, 2055941)     30.333          0               0               1          1
          (7157, 127, 2055941)     30.333          0               0               1          1
          (6613, 127, 2055941)     30.333          0               0               1          1
          (8053, 123, 2055941)     30.333          0               0               1          1
          (5981, 127, 2055941)     30.333          0               0               1          1
          (7633, 239, 2055941)     30.333          0               0               1          1
          (5959, 115, 2055941)     30.333          0               0               1          1
          (5733, 239, 2055941)     30.333          0               0               1          1
          (7387, 255, 2055941)     30.333          0               0               0          1
          (5435, 255, 2055941)     30.333          0               0               1          1
          (6087, 127, 2055941)     30.333          0               0               1          1
          (5493, 187, 2055941)     30.333          0               0               0          1
          (5617, 123, 2055941)     30.333          0               0               1          1
           (6145, 43, 2055941)     30.333          0               0               1          1
          (5875, 121, 2055941)     30.333          0               0               1          1
          (7797, 255, 2055941)     30.417          0               0               1          1
          (7127, 127, 2055941)     30.417          0               0               1          1
          (7543, 255, 2055941)     30.417          0               0               0          1
          (7517, 253, 2055941)     30.417          0               0               1          1
          (8073, 251, 2055941)     30.417          0               0               1          1
          (8019, 251, 2055941)     30.417          0               0               1          1
          (5651, 255, 2055941)     30.417          0               0               1          1
          (7923, 255, 2055941)     30.417          0               0               1          1
          (4985, 219, 2055941)     30.417          0               0               1          1
          (8171, 255, 2055941)     30.417          0               0               1          1
          (5299, 127, 2055941)     30.417          0               0               1          1
          (7627, 255, 2055941)     30.417          0               0               0          1
          (5115, 125, 2055941)     30.417          0               0               1          1
          (4967, 115, 2055941)     30.417          0               0               1          1
          (6625, 255, 2055941)       30.5          0               0               1          1
          (8147, 255, 2055941)       30.5          0               0               1          1
          (7765, 255, 2055941)       30.5          0               0               1          1
          (7765, 255, 2055941)     38.833          0               0               1          1
          (7125, 251, 2055941)       30.5          0               0               1          1
          (5055, 123, 2055941)       30.5          0               0               1          1
          (7891, 127, 2055941)       30.5          0               0               1          1
          (8187, 251, 2055941)       30.5          0               0               1          1
          (5747, 255, 2055941)       30.5          0               0               1          1
          (5747, 255, 2055941)       38.5          0               0               0          1
          (5485, 121, 2055941)       30.5          0               0               1          1
          (1403, 255, 2055941)       30.5          0               0               0          1
          (5659, 255, 2055941)       30.5          0               0               1          1
          (7667, 251, 2055941)       30.5          0               0               1          1
          (7551, 123, 2055941)       30.5          0               0               1          1
          (8057, 251, 2055941)       30.5          0               0               1          1
          (5595, 127, 2055941)       30.5          0               0               1          1
          (7911, 127, 2055941)       30.5          0               0               1          1
          (5783, 123, 2055941)       30.5          0               0               1          1
          (7919, 255, 2055941)     30.583          0               0               1          1
          (7935, 253, 2055941)     30.583          0               0               1          1
          (7931, 123, 2055941)     30.583          0               0               1          1
          (6503, 127, 2055941)     30.583          0               0               1          1
          (4603, 123, 2055941)     30.583          0               0               1          1
          (7659, 251, 2055941)     30.583          0               0               1          1
          (5715, 219, 2055941)     30.583          0               0               1          1
          (8055, 251, 2055941)     30.583          0               0               1          1
          (8055, 251, 2055941)     34.333          0               0               1          1
          (6893, 247, 2055941)     30.583          0               0               1          1
          (5759, 127, 2055941)     30.667          0               0               1          1
          (7611, 127, 2055941)     30.667          0               0               1          1
          (6003, 251, 2055941)     30.667          0               0               1          1
          (6003, 251, 2055941)     34.583          0               0               1          1
          (6881, 251, 2055941)     30.667          0               0               1          1
          (8127, 255, 2055941)     30.667          0               0               1          1
          (7899, 127, 2055941)     30.833          0               0               1          1
          (8049, 127, 2055941)     32.167          0               0               1          1
          (4957, 125, 2055941)     32.167          0               0               1          1
          (7623, 123, 2055941)     32.167          0               0               1          1
          (5111, 127, 2055941)     32.167          0               0               1          1
          (5947, 127, 2055941)      32.25          0               0               1          1
          (7915, 127, 2055941)      32.25          0               0               1          1
          (8005, 191, 2055941)      32.25          0               0               1          1
          (5503, 251, 2055941)      32.25          0               0               1          1
          (5503, 251, 2055941)     32.583          0               0               1          1
          (5875, 127, 2055941)      32.25          0               0               1          1
          (5875, 127, 2055941)     32.583          0               0               1          1
           (5643, 59, 2055941)      32.25          0               0               1          1
          (6211, 227, 2055941)      32.25          0               0               0          1
          (7661, 123, 2055941)      32.25          0               0               0          1
          (5755, 127, 2055941)     32.333          0               0               1          1
          (7543, 123, 2055941)     32.333          0               0               0          1
          (5331, 127, 2055941)     32.333          0               0               1          1
          (7527, 255, 2055941)     32.333          0               0               1          1
          (4161, 191, 2055941)     32.333          0               0               0          1
          (7005, 127, 2055941)     32.333          0               0               1          1
          (6995, 251, 2055941)     32.333          0               0               1          1
          (5883, 111, 2055941)     32.333          0               0               1          1
          (5403, 111, 2055941)     32.333          0               0               1          1
          (5415, 123, 2055941)     32.333          0               0               0          1
          (5947, 111, 2055941)     32.333          0               0               1          1
           (4695, 91, 2055941)     32.333          0               0               1          1
          (8189, 255, 2055941)     32.417          0               0               1          1
          (8179, 255, 2055941)     32.417          0               0               1          1
          (7417, 255, 2055941)     32.417          0               0               1          1
          (6491, 127, 2055941)     32.417          0               0               1          1
          (7035, 251, 2055941)     32.417          0               0               0          1
          (7027, 251, 2055941)     32.417          0               0               1          1
          (5489, 255, 2055941)     32.417          0               0               1          1
          (7765, 127, 2055941)     32.417          0               0               1          1
          (4927, 251, 2055941)     32.417          0               0               0          1
          (5235, 115, 2055941)     32.417          0               0               1          1
          (4453, 249, 2055941)     32.417          0               0               0          1
          (4095, 255, 2055941)       32.5          0               0               0          1
          (4091, 127, 2055941)       32.5          0               0               0          1
          (6139, 251, 2055941)       32.5          0               0               1          1
          (5631, 251, 2055941)       32.5          0               0               0          1
          (4991, 127, 2055941)       32.5          0               0               1          1
          (6525, 241, 2055941)       32.5          0               0               1          1
          (5343, 255, 2055941)       32.5          0               0               1          1
          (6647, 123, 2055941)       32.5          0               0               1          1
          (8063, 127, 2055941)       32.5          0               0               1          1
          (5083, 251, 2055941)       32.5          0               0               1          1
          (5489, 251, 2055941)       32.5          0               0               1          1
          (5929, 251, 2055941)       32.5          0               0               1          1
          (8191, 219, 2055941)     32.583          0               0               0          1
          (7511, 255, 2055941)     32.583          0               0               1          1
          (6067, 255, 2055941)     32.583          0               0               1          1
          (7599, 249, 2055941)     32.583          0               0               1          1
          (5971, 127, 2055941)     32.583          0               0               1          1
          (5971, 127, 2055941)       34.5          0               0               1          1
          (8155, 191, 2055941)     32.583          0               0               1          1
          (6135, 123, 2055941)     32.583          0               0               1          1
          (7003, 251, 2055941)     32.583          0               0               1          1
          (6743, 251, 2055941)     32.583          0               0               1          1
          (6875, 249, 2055941)     32.583          0               0               1          1
          (5401, 185, 2055941)     32.583          0               0               1          1
          (6003, 127, 2055941)     32.667          0               0               1          1
          (8151, 251, 2055941)     32.667          0               0               1          1
          (6781, 253, 2055941)     32.667          0               0               1          1
          (7793, 251, 2055941)     32.667          0               0               1          1
          (7117, 191, 2055941)     32.667          0               0               1          1
          (6515, 127, 2055941)     32.667          0               0               1          1
          (6515, 127, 2055941)     34.667          0               0               1          1
          (8189, 123, 2055941)      32.75          0               0               1          1
          (8055, 219, 2055941)      32.75          0               0               1          1
          (4855, 123, 2055941)     32.833          0               0               0          1
          (7675, 251, 2055941)     32.917          0               0               1          1
          (4905, 219, 2055941)       34.0          0               0               0          1
           (6123, 91, 2055941)     34.167          0               0               0          1
          (6979, 127, 2055941)     34.167          0               0               1          1
          (4981, 255, 2055941)      34.25          0               0               1          1
          (4477, 223, 2055941)      34.25          0               0               0          1
          (7489, 121, 2055941)      34.25          0               0               1          1
          (5753, 251, 2055941)      34.25          0               0               1          1
          (8005, 119, 2055941)      34.25          0               0               0          1
          (5313, 235, 2055941)      34.25          0               0               0          1
           (5355, 59, 2055941)      34.25          0               0               1          1
          (4341, 255, 2055941)     34.333          0               0               1          1
          (7647, 255, 2055941)     34.333          0               0               1          1
          (7789, 255, 2055941)     34.333          0               0               0          1
          (5987, 127, 2055941)     34.333          0               0               1          1
          (5875, 255, 2055941)     34.333          0               0               0          1
          (7915, 123, 2055941)     34.333          0               0               1          1
          (7537, 123, 2055941)     34.333          0               0               1          1
          (8059, 111, 2055941)     34.333          0               0               1          1
          (4467, 127, 2055941)     34.417          0               0               1          1
          (7767, 127, 2055941)     34.417          0               0               1          1
          (8167, 251, 2055941)     34.417          0               0               1          1
          (5859, 127, 2055941)     34.417          0               0               1          1
          (8117, 123, 2055941)     34.417          0               0               1          1
          (7925, 127, 2055941)     34.417          0               0               0          1
          (6849, 251, 2055941)     34.417          0               0               1          1
          (7923, 251, 2055941)     34.417          0               0               1          1
          (7799, 123, 2055941)     34.417          0               0               1          1
          (5463, 121, 2055941)     34.417          0               0               1          1
          (6077, 223, 2055941)     34.417          0               0               1          1
          (4983, 255, 2055941)     34.417          0               0               1          1
          (4457, 107, 2055941)     34.417          0               0               0          1
          (5117, 255, 2055941)       34.5          0               0               1          1
          (5983, 251, 2055941)       34.5          0               0               1          1
          (7675, 235, 2055941)       34.5          0               0               1          1
          (7935, 123, 2055941)       34.5          0               0               1          1
          (4975, 123, 2055941)       34.5          0               0               1          1
          (8077, 127, 2055941)       34.5          0               0               1          1
          (4723, 115, 2055941)       34.5          0               0               0          1
          (7523, 109, 2055941)       34.5          0               0               1          1
          (5245, 123, 2055941)       34.5          0               0               1          1
           (4163, 79, 2055941)       34.5          0               0               0          1
           (5705, 91, 2055941)       34.5          0               0               0          1
          (5723, 127, 2055941)     34.583          0               0               1          1
          (6451, 255, 2055941)     34.583          0               0               1          1
          (8025, 237, 2055941)     34.583          0               0               1          1
          (7869, 109, 2055941)     34.583          0               0               1          1
          (5195, 111, 2055941)     34.583          0               0               1          1
          (7783, 127, 2055941)     34.667          0               0               1          1
          (6995, 127, 2055941)     34.667          0               0               0          1
          (5501, 255, 2055941)     34.667          0               0               1          1
          (4583, 251, 2055941)      34.75          0               0               1          1
          (7135, 255, 2055941)      34.75          0               0               1          1
          (8139, 123, 2055941)      34.75          0               0               1          1
          (8035, 223, 2055941)      34.75          0               0               0          1
          (5951, 255, 2055941)      34.75          0               0               1          1
          (6985, 153, 2055941)      34.75          0               0               1          1
          (5491, 255, 2055941)     34.833          0               0               1          1
          (7451, 241, 2055941)     36.167          0               0               1          1
          (4435, 123, 2055941)      36.25          0               0               0          1
          (5579, 127, 2055941)     36.333          0               0               0          1
          (7665, 127, 2055941)     36.333          0               0               1          1
          (7509, 127, 2055941)     36.333          0               0               1          1
           (7767, 79, 2055941)     36.333          0               0               0          1
          (5231, 107, 2055941)     36.333          0               0               1          1
          (7351, 255, 2055941)     36.417          0               0               1          1
           (7899, 95, 2055941)     36.417          0               0               1          1
          (7527, 127, 2055941)     36.417          0               0               1          1
          (6503, 219, 2055941)     36.417          0               0               0          1
          (7035, 123, 2055941)       36.5          0               0               1          1
          (5751, 127, 2055941)       36.5          0               0               1          1
          (5491, 126, 2055941)       36.5          0               0               1          1
          (8145, 243, 2055941)       36.5          0               0               1          1
          (7251, 247, 2055941)       36.5          0               0               0          1
          (5575, 251, 2055941)       36.5          0               0               1          1
          (7601, 255, 2055941)       36.5          0               0               0          1
          (7031, 251, 2055941)     36.583          0               0               1          1
          (4725, 255, 2055941)     36.583          0               0               0          1
          (5617, 251, 2055941)     36.583          0               0               1          1
          (7527, 123, 2055941)     36.583          0               0               1          1
          (6475, 251, 2055941)     36.583          0               0               1          1
          (5753, 123, 2055941)     36.667          0               0               1          1
          (4967, 239, 2055941)     36.667          0               0               1          1
          (8123, 251, 2055941)     36.667          0               0               1          1
          (6905, 123, 2055941)     36.667          0               0               1          1
          (7509, 187, 2055941)     36.667          0               0               1          1
          (6505, 219, 2055941)     36.667          0               0               1          1
          (7655, 127, 2055941)      36.75          0               0               1          1
          (6885, 255, 2055941)      36.75          0               0               1          1
          (7163, 227, 2055941)     36.833          0               0               1          1
          (8031, 243, 2055941)     36.833          0               0               1          1
          (4435, 125, 2055941)     36.917          0               0               1          1
          (5301, 237, 2055941)     36.917          0               0               0          1
          (1401, 127, 2055941)      38.25          0               0               0          1
          (8115, 123, 2055941)     38.333          0               0               1          1
          (5731, 127, 2055941)     38.333          0               0               0          1
          (5455, 235, 2055941)     38.333          0               0               1          1
          (5197, 221, 2055941)     38.333          0               0               1          1
          (8001, 219, 2055941)     38.333          0               0               0          1
          (4189, 253, 2055941)     38.333          0               0               0          1
          (4555, 215, 2055941)     38.333          0               0               0          1
          (4545, 235, 2055941)     38.333          0               0               0          1
          (4095, 123, 2055941)     38.417          0               0               0          1
          (7119, 127, 2055941)     38.417          0               0               1          1
          (6483, 123, 2055941)     38.417          0               0               1          1
           (6091, 59, 2055941)       38.5          0               0               0          1
          (5367, 255, 2055941)     38.583          0               0               0          1
          (6783, 247, 2055941)     38.583          0               0               1          1
          (7539, 121, 2055941)     38.583          0               0               1          1
          (7287, 255, 2055941)     38.583          0               0               1          1
          (4215, 115, 2055941)     38.583          0               0               0          1
          (7289, 251, 2055941)     38.583          0               0               1          1
          (8147, 251, 2055941)     38.667          0               0               1          1
          (8147, 223, 2055941)     38.833          0               0               1          1
          (6983, 251, 2055941)      40.25          0               0               0          1
          (6139, 127, 2055941)     40.417          0               0               1          1
          (6231, 251, 2055941)     40.417          0               0               1          1
          (7515, 127, 2055941)     40.417          0               0               1          1
          (5953, 115, 2055941)     40.417          0               0               1          1
          (7015, 127, 2055941)       40.5          0               0               0          1
          (6339, 127, 2055941)     40.833          0               0               1          1
          (6109, 185, 2055941)     40.917          0               0               1          1
          (7635, 121, 2055941)     42.333          0               0               1          1
          (6769, 251, 2055941)     42.333          0               0               1          1
          (5943, 127, 2055941)     42.333          0               0               1          1
          (6339, 233, 2055941)       42.5          0               0               0          1
           (5963, 91, 2055941)       42.5          0               0               0          1
          (5851, 233, 2055941)     44.417          0               0               0          1
          (6623, 239, 2055941)     44.417          0               0               0          1
          (6471, 123, 2055941)       44.5          0               0               0          1
          (6129, 251, 2055941)      44.75          0               0               1          1
          (4651, 123, 2055941)      44.75          0               0               1          1
          (5429, 123, 2055941)     46.667          0               0               1          1
          (6015, 255, 2055941)     46.833          0               0               1          1
