inputs: 2055941/1000 samples
                      [output]   [energy]  [A*B=out] [truth of cfas] [truth of chains]      [num]
          (7675, 255, 2055941)      8.333          0               0               1          1
          (7675, 255, 2055941)     10.333          0               0               1          1
          (7675, 255, 2055941)     26.333          0               0               1          1
          (8189, 127, 2055941)     10.083          0               0               1          1
          (8189, 127, 2055941)      22.25          0               0               1          1
          (8189, 127, 2055941)     22.333          0               0               1          1
          (8189, 127, 2055941)     24.167          0               0               1          1
          (8191, 123, 2055941)     10.167          0               0               1          1
          (8191, 123, 2055941)     14.083          0               0               1          1
          (8191, 123, 2055941)     14.333          0               0               1          1
          (8191, 123, 2055941)     16.167          0               0               1          1
          (8191, 123, 2055941)     18.167          0               0               1          1
          (8191, 123, 2055941)       18.5          0               0               1          1
          (8191, 123, 2055941)     24.167          0               0               1          1
          (8191, 123, 2055941)     24.667          0               0               1          1
          (8191, 123, 2055941)      28.25          0               0               1          1
          (8191, 123, 2055941)       28.5          0               0               1          1
          (8191, 123, 2055941)     30.333          0               0               1          1
          (8191, 123, 2055941)       36.5          0               0               1          1
          (8191, 123, 2055941)      38.75          0               0               1          1
          (5491, 251, 2055941)      12.25          0               0               1          1
          (5491, 251, 2055941)     32.667          0               0               0          1
          (7931, 127, 2055941)     14.083          0               0               1          1
          (7931, 127, 2055941)      14.25          0               0               1          1
          (7931, 127, 2055941)     18.167          0               0               1          1
          (7931, 127, 2055941)       34.5          0               0               1          1
          (6783, 255, 2055941)     14.167          0               0               1          1
          (8011, 127, 2055941)     14.167          0               0               1          1
          (7157, 255, 2055941)      14.25          0               0               1          1
          (6143, 123, 2055941)      14.25          0               0               1          1
          (6143, 123, 2055941)     22.167          0               0               1          1
          (6143, 123, 2055941)     24.417          0               0               1          1
          (6143, 123, 2055941)     30.583          0               0               1          1
          (7931, 255, 2055941)      14.25          0               0               1          1
          (7931, 255, 2055941)     16.083          0               0               1          1
          (7931, 255, 2055941)      20.25          0               0               1          1
          (7931, 255, 2055941)      24.25          0               0               1          1
          (8189, 255, 2055941)     14.333          0               0               1          1
          (8189, 255, 2055941)      22.25          0               0               1          1
          (8189, 255, 2055941)      24.25          0               0               1          1
          (8189, 255, 2055941)     26.333          0               0               1          1
          (8189, 255, 2055941)     26.417          0               0               1          1
          (8189, 255, 2055941)     34.417          0               0               1          1
          (5887, 127, 2055941)     14.417          0               0               1          1
          (5887, 127, 2055941)     22.333          0               0               1          1
          (5887, 127, 2055941)      24.25          0               0               1          1
          (7935, 123, 2055941)     14.417          0               0               1          1
          (7935, 123, 2055941)     20.333          0               0               1          1
          (7935, 123, 2055941)     24.333          0               0               1          1
          (7935, 123, 2055941)     28.417          0               0               1          1
          (8061, 255, 2055941)     16.083          0               0               1          1
          (8061, 255, 2055941)      16.25          0               0               1          1
          (8061, 255, 2055941)      32.25          0               0               1          1
          (7665, 255, 2055941)     16.083          0               0               1          1
          (5483, 255, 2055941)     16.083          0               0               1          1
          (8023, 251, 2055941)     16.083          0               0               1          1
          (8023, 251, 2055941)     38.417          0               0               1          1
          (8023, 251, 2055941)       38.5          0               0               1          1
          (8187, 255, 2055941)     16.083          0               0               1          1
          (8187, 255, 2055941)       16.5          0               0               1          1
          (8187, 255, 2055941)       22.5          0               0               1          1
          (8187, 255, 2055941)       42.5          0               0               1          1
          (7933, 127, 2055941)     16.083          0               0               1          1
          (7933, 127, 2055941)     18.167          0               0               1          1
          (7933, 127, 2055941)      20.25          0               0               1          1
          (7933, 127, 2055941)     20.333          0               0               1          1
          (7933, 127, 2055941)     24.333          0               0               1          1
          (8183, 255, 2055941)     16.167          0               0               1          1
          (8183, 255, 2055941)      30.25          0               0               1          1
          (8183, 255, 2055941)       36.5          0               0               1          1
          (7967, 123, 2055941)     16.167          0               0               1          1
          (7549, 255, 2055941)     16.333          0               0               1          1
          (7549, 255, 2055941)     22.083          0               0               0          1
          (6135, 123, 2055941)     16.333          0               0               1          1
          (6135, 123, 2055941)     28.417          0               0               1          1
          (6135, 123, 2055941)      32.25          0               0               1          1
          (7359, 123, 2055941)     16.333          0               0               1          1
          (7927, 127, 2055941)     16.333          0               0               1          1
          (7927, 127, 2055941)     22.083          0               0               1          1
          (7927, 127, 2055941)      22.25          0               0               1          1
          (7927, 127, 2055941)     28.417          0               0               1          1
          (7927, 127, 2055941)     30.417          0               0               1          1
          (6139, 127, 2055941)     16.417          0               0               1          1
          (6139, 127, 2055941)     24.333          0               0               1          1
          (6139, 127, 2055941)     26.167          0               0               1          1
          (6139, 127, 2055941)     36.667          0               0               1          1
          (8187, 127, 2055941)     18.083          0               0               1          1
          (8187, 127, 2055941)      18.25          0               0               1          1
          (8187, 127, 2055941)     18.333          0               0               1          1
          (8187, 127, 2055941)     20.167          0               0               1          1
          (8187, 127, 2055941)      20.25          0               0               1          1
          (8187, 127, 2055941)     22.167          0               0               1          1
          (8187, 127, 2055941)      22.25          0               0               1          2
          (8187, 127, 2055941)     22.417          0               0               1          1
          (8187, 127, 2055941)       24.5          0               0               1          1
          (8187, 127, 2055941)     26.333          0               0               1          1
          (8187, 127, 2055941)     28.333          0               0               1          1
          (6655, 123, 2055941)     18.083          0               0               1          1
          (6143, 127, 2055941)     18.167          0               0               1          1
          (6143, 127, 2055941)      20.25          0               0               1          1
          (6143, 127, 2055941)       28.5          0               0               1          1
          (8031, 251, 2055941)     18.167          0               0               1          1
          (8063, 251, 2055941)     18.167          0               0               1          1
          (8063, 251, 2055941)      26.25          0               0               1          1
          (8063, 251, 2055941)       28.5          0               0               1          1
          (7679, 123, 2055941)     18.167          0               0               1          1
          (7679, 123, 2055941)     20.583          0               0               1          1
          (7679, 123, 2055941)     22.167          0               0               1          1
          (7679, 123, 2055941)      22.25          0               0               0          1
          (7679, 123, 2055941)     24.583          0               0               1          1
          (7679, 123, 2055941)     26.333          0               0               1          1
          (7803, 255, 2055941)     18.167          0               0               1          1
          (7803, 255, 2055941)      18.25          0               0               1          1
          (7803, 255, 2055941)     28.333          0               0               1          1
          (7673, 251, 2055941)     18.167          0               0               0          1
          (7673, 251, 2055941)      24.25          0               0               1          1
          (5499, 127, 2055941)     18.167          0               0               1          1
          (8057, 123, 2055941)     18.167          0               0               1          1
          (8057, 123, 2055941)     24.333          0               0               1          1
          (7911, 127, 2055941)     18.167          0               0               1          1
          (8035, 243, 2055941)     18.167          0               0               1          1
          (8007, 123, 2055941)     18.167          0               0               1          1
          (5879, 127, 2055941)      18.25          0               0               1          1
          (5879, 127, 2055941)     32.167          0               0               1          1
          (5629, 127, 2055941)      18.25          0               0               1          1
          (7671, 255, 2055941)      18.25          0               0               1          1
          (7671, 255, 2055941)       28.5          0               0               1          1
          (7671, 255, 2055941)     28.583          0               0               1          1
          (7805, 127, 2055941)      18.25          0               0               0          1
          (6137, 123, 2055941)      18.25          0               0               1          1
          (5451, 251, 2055941)      18.25          0               0               1          1
          (7419, 127, 2055941)      18.25          0               0               1          1
          (7929, 127, 2055941)      18.25          0               0               1          1
          (7929, 127, 2055941)     22.333          0               0               1          1
          (7807, 253, 2055941)     18.333          0               0               1          1
          (7933, 255, 2055941)     18.333          0               0               1          1
          (7933, 255, 2055941)     30.583          0               0               1          1
          (8059, 127, 2055941)     18.333          0               0               1          1
          (8059, 127, 2055941)     20.167          0               0               1          1
          (8059, 127, 2055941)      24.25          0               0               1          1
          (8059, 127, 2055941)     24.583          0               0               1          1
          (8059, 127, 2055941)     26.167          0               0               1          1
          (8059, 127, 2055941)       26.5          0               0               1          1
          (5995, 255, 2055941)     18.333          0               0               1          1
          (5887, 123, 2055941)     18.333          0               0               1          1
          (8059, 255, 2055941)     18.417          0               0               1          1
          (8059, 255, 2055941)     22.333          0               0               1          1
          (7419, 255, 2055941)     18.417          0               0               1          1
          (7803, 127, 2055941)     18.417          0               0               1          1
          (7803, 127, 2055941)     22.333          0               0               1          1
          (7803, 127, 2055941)     26.417          0               0               1          1
          (5091, 243, 2055941)       20.0          0               0               0          1
          (7773, 255, 2055941)     20.083          0               0               1          1
          (7527, 251, 2055941)     20.083          0               0               0          1
          (7527, 251, 2055941)       40.5          0               0               1          1
          (5981, 255, 2055941)     20.167          0               0               1          1
          (7673, 127, 2055941)     20.167          0               0               1          1
          (7671, 127, 2055941)     20.167          0               0               1          1
          (7671, 127, 2055941)      20.25          0               0               1          1
          (7671, 127, 2055941)     22.417          0               0               1          1
          (7927, 123, 2055941)     20.167          0               0               1          1
          (7927, 123, 2055941)     24.417          0               0               1          1
          (8163, 123, 2055941)     20.167          0               0               1          1
          (4607, 243, 2055941)     20.167          0               0               1          1
          (7647, 123, 2055941)     20.167          0               0               1          1
          (6073, 123, 2055941)     20.167          0               0               1          1
          (5447, 243, 2055941)     20.167          0               0               0          1
          (6131, 123, 2055941)     20.167          0               0               1          1
          (7035, 111, 2055941)     20.167          0               0               1          1
          (7543, 243, 2055941)     20.167          0               0               0          1
          (5471, 255, 2055941)      20.25          0               0               1          1
          (8183, 123, 2055941)      20.25          0               0               0          1
          (8183, 123, 2055941)     22.333          0               0               0          1
          (8183, 123, 2055941)     22.583          0               0               1          1
          (8183, 123, 2055941)      28.25          0               0               1          1
          (6617, 187, 2055941)      20.25          0               0               1          1
          (8025, 251, 2055941)      20.25          0               0               1          1
          (7573, 255, 2055941)      20.25          0               0               1          1
          (5503, 251, 2055941)      20.25          0               0               1          1
          (5503, 251, 2055941)     28.583          0               0               0          1
          (5503, 251, 2055941)     34.333          0               0               1          1
          (7645, 255, 2055941)      20.25          0               0               1          1
          (7291, 255, 2055941)      20.25          0               0               0          1
          (6135, 127, 2055941)      20.25          0               0               1          1
          (6135, 127, 2055941)     26.167          0               0               1          1
          (6135, 127, 2055941)     26.417          0               0               1          1
          (6135, 127, 2055941)     30.417          0               0               1          1
          (6783, 123, 2055941)      20.25          0               0               1          1
          (6783, 123, 2055941)      26.25          0               0               0          1
          (8063, 123, 2055941)      20.25          0               0               1          1
          (8063, 123, 2055941)     24.333          0               0               1          1
          (8063, 123, 2055941)     24.667          0               0               1          1
          (8063, 123, 2055941)     28.667          0               0               1          1
          (8063, 123, 2055941)     30.333          0               0               1          1
          (8063, 123, 2055941)     30.667          0               0               1          1
          (7805, 255, 2055941)     20.333          0               0               1          1
          (8057, 255, 2055941)     20.333          0               0               1          1
          (5755, 255, 2055941)     20.333          0               0               1          1
          (5755, 255, 2055941)       40.5          0               0               1          1
          (7677, 255, 2055941)     20.333          0               0               1          1
          (8179, 255, 2055941)     20.333          0               0               1          1
          (8179, 255, 2055941)     30.667          0               0               1          1
          (8179, 255, 2055941)     34.333          0               0               0          1
          (8191, 127, 2055941)     20.333          0               0               1          1
          (8191, 127, 2055941)     26.333          0               0               1          1
          (5753, 251, 2055941)     20.333          0               0               1          1
          (5737, 251, 2055941)     20.333          0               0               1          1
          (7669, 251, 2055941)     20.333          0               0               1          1
          (7669, 251, 2055941)     26.417          0               0               1          1
          (5999, 123, 2055941)     20.333          0               0               1          1
          (5999, 123, 2055941)     40.667          0               0               1          1
          (6007, 127, 2055941)     20.333          0               0               1          1
          (6007, 127, 2055941)       34.5          0               0               1          1
          (5687, 123, 2055941)     20.333          0               0               1          1
          (7799, 123, 2055941)     20.333          0               0               1          1
           (8183, 63, 2055941)     20.333          0               0               1          1
          (4863, 123, 2055941)     20.333          0               0               1          1
          (6615, 123, 2055941)     20.333          0               0               1          1
          (7931, 111, 2055941)     20.333          0               0               1          1
          (6141, 255, 2055941)     20.417          0               0               1          1
          (6141, 255, 2055941)     26.417          0               0               1          1
          (6141, 255, 2055941)       26.5          0               0               1          1
          (8191, 251, 2055941)     20.417          1               0               1          1
          (8191, 251, 2055941)       26.5          1               0               1          1
          (8191, 251, 2055941)     26.667          1               0               1          1
          (8191, 251, 2055941)     28.583          1               0               1          1
          (6015, 123, 2055941)     20.417          0               0               1          1
          (6015, 123, 2055941)     24.417          0               0               1          1
          (8185, 255, 2055941)     20.417          0               0               1          1
          (8185, 255, 2055941)     32.417          0               0               1          1
          (8183, 127, 2055941)     20.417          0               0               1          1
          (8183, 127, 2055941)     22.333          0               0               1          1
          (8183, 127, 2055941)      24.25          0               0               1          1
          (8183, 127, 2055941)     26.333          0               0               1          1
          (8183, 127, 2055941)     26.417          0               0               1          1
          (8183, 127, 2055941)       32.5          0               0               1          1
          (7163, 127, 2055941)     20.417          0               0               1          1
          (7163, 127, 2055941)       28.5          0               0               1          1
          (7163, 127, 2055941)     32.333          0               0               1          1
          (7155, 127, 2055941)     20.417          0               0               1          1
          (7151, 127, 2055941)     20.417          0               0               1          1
          (5075, 123, 2055941)     20.417          0               0               1          1
          (7551, 251, 2055941)     20.417          0               0               1          1
          (7551, 251, 2055941)     22.417          0               0               1          1
          (7551, 251, 2055941)     28.333          0               0               1          1
          (7039, 251, 2055941)     20.417          0               0               1          1
          (6991, 123, 2055941)     20.417          0               0               1          1
          (7689, 105, 2055941)     20.417          0               0               1          1
          (7035, 227, 2055941)     20.417          0               0               1          1
          (7551, 119, 2055941)       20.5          0               0               1          1
          (5887, 251, 2055941)     20.583          0               0               1          1
          (5887, 251, 2055941)     22.333          0               0               1          1
          (5887, 251, 2055941)       28.5          0               0               1          1
          (4605, 249, 2055941)     20.583          0               0               1          1
          (5631, 123, 2055941)     22.083          0               0               1          1
          (5631, 123, 2055941)     24.333          0               0               1          1
          (7413, 255, 2055941)     22.167          0               0               1          1
          (7413, 255, 2055941)     26.333          0               0               1          1
          (8123, 255, 2055941)     22.167          0               0               1          1
          (5503, 123, 2055941)     22.167          0               0               1          1
          (5503, 123, 2055941)     26.417          0               0               1          1
          (5503, 123, 2055941)     30.583          0               0               1          1
          (7007, 251, 2055941)     22.167          0               0               1          1
          (7751, 123, 2055941)     22.167          0               0               1          1
          (7655, 123, 2055941)     22.167          0               0               1          1
          (7655, 123, 2055941)     24.333          0               0               1          1
          (7655, 123, 2055941)     28.417          0               0               0          1
          (7163, 255, 2055941)      22.25          0               0               1          1
          (8117, 251, 2055941)      22.25          0               0               1          1
          (8117, 251, 2055941)     26.167          0               0               1          1
          (7927, 255, 2055941)      22.25          0               0               0          1
          (5627, 127, 2055941)      22.25          0               0               1          2
          (5627, 127, 2055941)     24.417          0               0               1          1
          (7541, 127, 2055941)      22.25          0               0               1          1
          (6619, 255, 2055941)      22.25          0               0               1          1
          (8061, 123, 2055941)      22.25          0               0               1          1
          (8061, 123, 2055941)     32.333          0               0               1          1
          (8143, 123, 2055941)      22.25          0               0               1          1
          (8143, 123, 2055941)     22.333          0               0               1          1
          (8143, 123, 2055941)      28.25          0               0               1          1
          (5203, 251, 2055941)      22.25          0               0               1          1
          (7023, 115, 2055941)      22.25          0               0               1          1
          (7239, 251, 2055941)      22.25          0               0               1          1
          (7799, 255, 2055941)      22.25          0               0               1          1
          (7935, 127, 2055941)      22.25          0               0               1          1
          (7935, 127, 2055941)     22.417          0               0               1          1
          (7935, 127, 2055941)     26.333          0               0               1          1
          (8153, 251, 2055941)      22.25          0               0               1          1
          (8153, 251, 2055941)      28.25          0               0               0          1
          (7787, 239, 2055941)      22.25          0               0               1          1
          (6907, 127, 2055941)      22.25          0               0               1          1
          (7799, 127, 2055941)      22.25          0               0               1          1
          (7799, 127, 2055941)      26.25          0               0               1          1
          (7799, 127, 2055941)     26.333          0               0               1          1
          (7421, 127, 2055941)      22.25          0               0               1          1
          (7421, 127, 2055941)     22.417          0               0               0          1
          (7623, 123, 2055941)      22.25          0               0               1          1
           (8055, 63, 2055941)      22.25          0               0               1          1
          (8159, 123, 2055941)      22.25          0               0               1          1
          (8159, 123, 2055941)     30.333          0               0               1          1
          (7525, 241, 2055941)      22.25          0               0               1          1
          (8177, 255, 2055941)     22.333          0               0               1          1
          (7935, 125, 2055941)     22.333          0               0               1          1
          (5757, 127, 2055941)     22.333          0               0               1          1
          (5755, 127, 2055941)     22.333          0               0               1          1
          (5881, 251, 2055941)     22.333          0               0               1          1
          (7549, 127, 2055941)     22.333          0               0               1          1
          (7549, 127, 2055941)     30.083          0               0               1          1
          (5495, 127, 2055941)     22.333          0               0               1          1
          (5751, 255, 2055941)     22.333          0               0               1          1
          (5751, 255, 2055941)     40.167          0               0               1          1
          (6375, 123, 2055941)     22.333          0               0               1          1
          (5479, 251, 2055941)     22.333          0               0               1          1
          (7287, 127, 2055941)     22.333          0               0               1          1
          (8055, 127, 2055941)     22.333          0               0               1          1
          (8055, 127, 2055941)      28.25          0               0               1          1
          (8055, 127, 2055941)       38.5          0               0               0          1
          (7611, 247, 2055941)     22.333          0               0               1          1
          (7423, 123, 2055941)     22.333          0               0               1          1
          (7423, 123, 2055941)     28.583          0               0               1          1
          (6519, 127, 2055941)     22.333          0               0               1          1
          (7551, 111, 2055941)     22.333          0               0               1          1
          (7037, 121, 2055941)     22.333          0               0               1          1
          (6095, 123, 2055941)     22.333          0               0               1          1
          (8051, 123, 2055941)     22.333          0               0               1          1
          (7503, 123, 2055941)     22.333          0               0               1          1
          (5621, 255, 2055941)     22.417          0               0               1          1
          (8159, 127, 2055941)     22.417          0               0               1          1
          (8159, 127, 2055941)      28.75          0               0               1          1
          (8159, 127, 2055941)       30.5          0               0               1          1
          (6013, 127, 2055941)     22.417          0               0               1          1
          (6013, 127, 2055941)     26.333          0               0               1          1
          (6013, 127, 2055941)     28.333          0               0               1          1
          (6485, 253, 2055941)     22.417          0               0               1          1
          (7679, 127, 2055941)     22.417          0               0               1          1
          (7679, 127, 2055941)      28.25          0               0               1          1
          (7679, 127, 2055941)     38.333          0               0               0          1
          (8061, 249, 2055941)     22.417          0               0               1          1
          (5853, 127, 2055941)     22.417          0               0               1          1
          (7159, 127, 2055941)     22.417          0               0               1          1
          (7159, 127, 2055941)      24.25          0               0               1          1
          (5759, 219, 2055941)     22.417          0               0               1          1
          (6527, 123, 2055941)     22.417          0               0               1          1
          (7911, 123, 2055941)     22.417          0               0               0          1
          (7899, 119, 2055941)     22.417          0               0               1          1
          (8183, 251, 2055941)       22.5          0               0               1          1
          (5627, 255, 2055941)       22.5          0               0               1          1
          (5627, 255, 2055941)     24.417          0               0               1          1
          (5627, 255, 2055941)     26.333          0               0               1          1
          (7935, 251, 2055941)       22.5          0               0               1          1
          (7935, 251, 2055941)     24.417          0               0               1          1
          (5111, 123, 2055941)       22.5          0               0               1          1
          (8031, 123, 2055941)     22.583          0               0               1          1
          (6781, 255, 2055941)     24.083          0               0               1          1
          (8157, 127, 2055941)     24.083          0               0               1          1
          (8157, 127, 2055941)     34.083          0               0               1          1
          (6125, 127, 2055941)     24.167          0               0               1          1
          (6109, 127, 2055941)     24.167          0               0               0          1
          (7167, 127, 2055941)     24.167          0               0               1          1
          (5979, 255, 2055941)     24.167          0               0               0          1
          (7361, 243, 2055941)     24.167          0               0               1          1
          (7639, 115, 2055941)     24.167          0               0               1          1
          (6653, 255, 2055941)      24.25          0               0               1          1
          (8191, 255, 2055941)      24.25          0               0               1          1
          (8191, 255, 2055941)     34.167          0               0               0          1
          (6111, 123, 2055941)      24.25          0               0               1          1
          (6111, 123, 2055941)     34.667          0               0               1          1
          (8155, 127, 2055941)      24.25          0               0               1          1
          (7551, 255, 2055941)      24.25          0               0               1          1
          (6527, 255, 2055941)      24.25          0               0               1          1
          (8151, 127, 2055941)      24.25          0               0               1          1
          (6367, 123, 2055941)      24.25          0               0               1          1
          (4477, 251, 2055941)      24.25          0               0               1          1
          (4855, 251, 2055941)      24.25          0               0               1          1
          (6653, 127, 2055941)      24.25          0               0               1          1
          (7037, 127, 2055941)      24.25          0               0               1          1
          (6401, 115, 2055941)      24.25          0               0               1          1
           (8167, 91, 2055941)      24.25          0               0               0          1
          (6941, 121, 2055941)      24.25          0               0               1          1
          (7915, 123, 2055941)      24.25          0               0               1          1
          (7915, 123, 2055941)     32.583          0               0               1          1
          (5987, 121, 2055941)      24.25          0               0               1          1
          (6133, 255, 2055941)     24.333          0               0               1          1
          (8187, 191, 2055941)     24.333          0               0               1          1
          (7761, 251, 2055941)     24.333          0               0               1          1
          (7543, 255, 2055941)     24.333          0               0               1          1
          (7543, 255, 2055941)       28.5          0               0               1          1
          (6615, 127, 2055941)     24.333          0               0               1          1
          (6911, 123, 2055941)     24.333          0               0               1          1
          (6911, 123, 2055941)       26.5          0               0               1          1
          (7147, 127, 2055941)     24.333          0               0               1          1
          (7167, 255, 2055941)     24.333          0               0               1          1
          (7109, 251, 2055941)     24.333          0               0               1          1
          (6741, 249, 2055941)     24.333          0               0               1          1
           (6011, 63, 2055941)     24.333          0               0               1          1
          (7675, 127, 2055941)     24.333          0               0               1          1
          (7675, 127, 2055941)       24.5          0               0               1          1
          (7675, 127, 2055941)     28.083          0               0               1          1
          (8143, 121, 2055941)     24.333          0               0               1          1
          (5751, 123, 2055941)     24.333          0               0               1          1
          (7667, 123, 2055941)     24.333          0               0               1          1
          (7667, 123, 2055941)     24.417          0               0               1          1
          (7759, 123, 2055941)     24.333          0               0               1          1
          (7759, 123, 2055941)     36.667          0               0               1          1
          (5447, 123, 2055941)     24.333          0               0               1          1
          (5447, 123, 2055941)     30.417          0               0               1          1
           (5125, 89, 2055941)     24.333          0               0               0          1
          (4701, 255, 2055941)     24.417          0               0               1          1
          (7677, 127, 2055941)     24.417          0               0               1          1
          (6013, 255, 2055941)     24.417          0               0               1          1
          (6013, 255, 2055941)       26.5          0               0               1          1
          (5117, 251, 2055941)     24.417          0               0               1          1
          (5627, 123, 2055941)     24.417          0               0               1          1
          (7159, 251, 2055941)     24.417          0               0               1          1
          (6011, 127, 2055941)     24.417          0               0               1          1
          (7639, 255, 2055941)     24.417          0               0               1          1
          (7663, 127, 2055941)     24.417          0               0               1          1
          (7639, 127, 2055941)     24.417          0               0               1          1
          (7639, 127, 2055941)       24.5          0               0               1          1
          (5463, 123, 2055941)     24.417          0               0               1          1
          (7295, 251, 2055941)     24.417          0               0               1          1
          (7667, 251, 2055941)     24.417          0               0               1          1
          (6643, 119, 2055941)     24.417          0               0               1          1
          (7783, 123, 2055941)     24.417          0               0               1          1
          (7783, 123, 2055941)       28.5          0               0               1          1
           (4547, 59, 2055941)     24.417          0               0               1          1
          (7163, 119, 2055941)     24.417          0               0               1          1
          (5243, 251, 2055941)       24.5          0               0               1          1
          (4991, 123, 2055941)       24.5          0               0               1          1
          (4991, 123, 2055941)     38.667          0               0               1          1
          (5995, 127, 2055941)       24.5          0               0               1          1
          (7897, 127, 2055941)       24.5          0               0               1          1
          (8039, 127, 2055941)       24.5          0               0               1          1
           (5307, 95, 2055941)       24.5          0               0               1          1
          (7679, 255, 2055941)     24.583          0               0               1          1
          (6523, 127, 2055941)     24.583          0               0               1          1
          (6523, 127, 2055941)     30.667          0               0               1          1
          (7525, 123, 2055941)     24.667          0               0               1          1
          (7541, 255, 2055941)       26.0          0               0               1          1
          (6515, 255, 2055941)       26.0          0               0               1          1
          (8167, 123, 2055941)     26.083          0               0               1          1
          (8007, 251, 2055941)     26.167          0               0               1          1
          (7535, 251, 2055941)     26.167          0               0               0          1
          (7891, 127, 2055941)     26.167          0               0               1          1
          (4375, 115, 2055941)     26.167          0               0               0          1
          (7753, 245, 2055941)     26.167          0               0               1          1
          (5497, 251, 2055941)      26.25          0               0               1          1
          (7925, 247, 2055941)      26.25          0               0               1          1
          (7509, 255, 2055941)      26.25          0               0               1          1
          (7509, 255, 2055941)     28.083          0               0               1          1
          (4855, 123, 2055941)      26.25          0               0               1          1
          (6905, 127, 2055941)      26.25          0               0               1          1
           (8187, 63, 2055941)      26.25          0               0               1          1
          (5835, 119, 2055941)      26.25          0               0               1          1
          (7015, 123, 2055941)      26.25          0               0               1          1
          (7923, 123, 2055941)      26.25          0               0               1          1
          (6127, 123, 2055941)      26.25          0               0               1          1
          (4347, 255, 2055941)      26.25          0               0               1          1
          (3195, 123, 2055941)      26.25          0               0               1          1
          (7031, 127, 2055941)      26.25          0               0               1          1
          (7059, 127, 2055941)      26.25          0               0               1          1
           (7795, 63, 2055941)      26.25          0               0               1          1
          (5225, 235, 2055941)      26.25          0               0               0          1
          (7803, 235, 2055941)      26.25          0               0               0          1
          (7415, 123, 2055941)      26.25          0               0               1          1
          (7415, 123, 2055941)     32.417          0               0               1          1
          (7925, 255, 2055941)     26.333          0               0               1          1
          (7925, 255, 2055941)     26.583          0               0               1          1
          (7679, 251, 2055941)     26.333          0               0               1          1
          (5975, 127, 2055941)     26.333          0               0               1          1
          (4853, 255, 2055941)     26.333          0               0               1          1
          (7517, 127, 2055941)     26.333          0               0               0          1
          (8037, 127, 2055941)     26.333          0               0               1          1
          (7643, 127, 2055941)     26.333          0               0               1          2
          (7643, 127, 2055941)      28.25          0               0               1          1
          (6073, 251, 2055941)     26.333          0               0               1          1
          (7807, 123, 2055941)     26.333          0               0               1          1
          (7615, 127, 2055941)     26.333          0               0               1          1
          (7989, 251, 2055941)     26.333          0               0               1          1
          (7989, 251, 2055941)      28.25          0               0               1          1
          (5475, 255, 2055941)     26.333          0               0               0          1
          (4987, 127, 2055941)     26.333          0               0               1          1
          (4987, 127, 2055941)       26.5          0               0               1          1
          (6631, 127, 2055941)     26.333          0               0               1          1
          (7997, 127, 2055941)     26.333          0               0               1          1
          (8151, 123, 2055941)     26.333          0               0               1          1
          (8151, 123, 2055941)     30.333          0               0               1          1
          (8151, 123, 2055941)     38.417          0               0               1          1
          (5869, 121, 2055941)     26.333          0               0               1          1
          (6091, 123, 2055941)     26.333          0               0               1          1
          (7621, 175, 2055941)     26.333          0               0               1          1
          (7541, 119, 2055941)     26.333          0               0               1          1
          (5255, 123, 2055941)     26.333          0               0               1          1
          (7423, 251, 2055941)     26.417          0               0               1          1
          (5885, 255, 2055941)     26.417          0               0               1          1
          (7915, 127, 2055941)     26.417          0               0               1          1
          (5363, 123, 2055941)     26.417          0               0               1          1
          (5845, 253, 2055941)     26.417          0               0               1          1
          (7509, 251, 2055941)     26.417          0               0               1          1
          (7831, 251, 2055941)     26.417          0               0               1          1
          (7867, 127, 2055941)     26.417          0               0               1          1
          (5951, 127, 2055941)     26.417          0               0               1          1
          (6893, 127, 2055941)     26.417          0               0               1          1
          (6897, 251, 2055941)     26.417          0               0               1          1
          (5599, 251, 2055941)     26.417          0               0               1          1
          (7643, 251, 2055941)     26.417          0               0               1          1
          (7643, 251, 2055941)       28.5          0               0               1          1
          (7659, 255, 2055941)     26.417          0               0               1          1
          (8059, 123, 2055941)     26.417          0               0               1          1
          (7543, 127, 2055941)     26.417          0               0               1          1
          (6905, 251, 2055941)     26.417          0               0               1          1
          (6473, 251, 2055941)     26.417          0               0               1          1
           (6647, 91, 2055941)     26.417          0               0               0          1
          (8147, 123, 2055941)     26.417          0               0               1          1
          (5695, 251, 2055941)     26.417          0               0               1          1
          (6623, 235, 2055941)     26.417          0               0               1          1
          (7891, 115, 2055941)     26.417          0               0               1          1
          (7891, 111, 2055941)     26.417          0               0               1          1
          (7663, 123, 2055941)     26.417          0               0               1          1
          (7039, 123, 2055941)     26.417          0               0               1          1
          (7039, 123, 2055941)       30.5          0               0               1          1
          (7039, 123, 2055941)     32.333          0               0               1          1
          (6655, 251, 2055941)       26.5          0               0               1          1
          (6013, 123, 2055941)       26.5          0               0               1          1
          (5981, 249, 2055941)       26.5          0               0               1          1
          (7965, 255, 2055941)       26.5          0               0               1          1
          (5607, 123, 2055941)       26.5          0               0               1          1
          (8187, 121, 2055941)       26.5          0               0               1          1
          (8187, 121, 2055941)       34.5          0               0               1          1
           (6139, 95, 2055941)       26.5          0               0               1          1
          (8061, 121, 2055941)       26.5          0               0               1          1
          (7223, 123, 2055941)       26.5          0               0               1          1
          (5599, 123, 2055941)       26.5          0               0               1          1
          (5497, 107, 2055941)       26.5          0               0               1          1
          (5501, 127, 2055941)     26.583          0               0               1          1
          (7635, 235, 2055941)     26.583          0               0               1          1
          (7899, 251, 2055941)     26.583          0               0               1          1
          (5497, 127, 2055941)     26.583          0               0               1          1
          (5591, 123, 2055941)     26.583          0               0               1          1
          (7839, 127, 2055941)     26.583          0               0               1          1
          (5875, 123, 2055941)     26.583          0               0               1          1
          (6075, 127, 2055941)     26.583          0               0               1          1
          (6075, 127, 2055941)     34.333          0               0               0          1
          (7919, 123, 2055941)     26.583          0               0               1          1
          (6005, 255, 2055941)     26.667          0               0               1          1
          (8135, 123, 2055941)      26.75          0               0               1          1
          (7867, 251, 2055941)     28.083          0               0               1          1
          (5875, 127, 2055941)     28.167          0               0               1          1
          (4601, 251, 2055941)     28.167          0               0               1          1
          (5979, 127, 2055941)     28.167          0               0               0          1
          (5979, 127, 2055941)     34.667          0               0               1          1
          (7369, 233, 2055941)     28.167          0               0               1          1
          (5655, 123, 2055941)     28.167          0               0               1          1
          (6651, 127, 2055941)      28.25          0               0               1          1
          (5991, 127, 2055941)      28.25          0               0               1          1
          (7887, 123, 2055941)      28.25          0               0               1          1
          (5863, 123, 2055941)      28.25          0               0               0          1
          (7035, 127, 2055941)      28.25          0               0               1          1
          (7035, 127, 2055941)     28.333          0               0               1          1
          (6007, 123, 2055941)      28.25          0               0               1          1
          (4985, 123, 2055941)      28.25          0               0               1          1
          (7417, 115, 2055941)      28.25          0               0               0          1
          (7235, 243, 2055941)      28.25          0               0               0          1
          (5823, 123, 2055941)      28.25          0               0               1          1
          (5823, 123, 2055941)       30.5          0               0               1          1
          (8119, 123, 2055941)      28.25          0               0               1          1
          (8119, 123, 2055941)     36.417          0               0               1          1
          (7623, 255, 2055941)     28.333          0               0               1          1
          (7143, 255, 2055941)     28.333          0               0               1          1
          (4991, 127, 2055941)     28.333          0               0               1          1
          (4991, 127, 2055941)     28.417          0               0               1          1
          (7491, 251, 2055941)     28.333          0               0               1          1
          (7487, 107, 2055941)     28.333          0               0               0          1
          (8185, 123, 2055941)     28.333          0               0               1          1
           (6867, 95, 2055941)     28.333          0               0               1          1
          (7167, 251, 2055941)     28.333          0               0               1          1
          (7007, 127, 2055941)     28.333          0               0               1          1
          (5953, 251, 2055941)     28.333          0               0               0          1
          (6107, 123, 2055941)     28.333          0               0               1          1
          (7037, 251, 2055941)     28.333          0               0               1          1
          (7149, 127, 2055941)     28.333          0               0               1          1
          (7605, 251, 2055941)     28.333          0               0               1          1
          (7419, 239, 2055941)     28.333          0               0               0          1
          (6775, 251, 2055941)     28.333          0               0               0          1
          (7543, 123, 2055941)     28.333          0               0               1          2
          (7543, 123, 2055941)     32.417          0               0               1          1
          (8061, 127, 2055941)     28.333          0               0               1          1
          (5495, 123, 2055941)     28.333          0               0               1          1
          (5495, 123, 2055941)      30.25          0               0               1          1
          (6503, 119, 2055941)     28.333          0               0               1          1
          (5615, 239, 2055941)     28.333          0               0               1          1
          (5575, 123, 2055941)     28.333          0               0               1          1
          (4977, 255, 2055941)     28.417          0               0               1          1
          (5757, 235, 2055941)     28.417          0               0               1          1
          (8147, 251, 2055941)     28.417          0               0               0          1
          (6911, 127, 2055941)     28.417          0               0               1          1
          (6911, 127, 2055941)     32.417          0               0               1          1
          (5365, 123, 2055941)     28.417          0               0               1          1
          (7155, 255, 2055941)     28.417          0               0               1          1
          (7807, 251, 2055941)     28.417          0               0               1          1
          (7027, 111, 2055941)     28.417          0               0               1          1
          (5435, 127, 2055941)     28.417          0               0               0          1
          (7925, 251, 2055941)     28.417          0               0               1          1
          (8007, 187, 2055941)     28.417          0               0               1          1
          (8043, 123, 2055941)     28.417          0               0               1          1
           (7551, 93, 2055941)     28.417          0               0               1          1
          (7989, 123, 2055941)     28.417          0               0               1          1
          (6003, 251, 2055941)     28.417          0               0               1          1
          (6003, 251, 2055941)      36.75          0               0               1          1
          (4455, 111, 2055941)     28.417          0               0               0          1
          (7775, 123, 2055941)     28.417          0               0               1          1
          (5745, 231, 2055941)     28.417          0               0               1          1
          (5759, 123, 2055941)     28.417          0               0               1          1
          (5759, 123, 2055941)     30.417          0               0               1          1
          (7797, 255, 2055941)       28.5          0               0               1          1
          (6107, 223, 2055941)       28.5          0               0               1          1
          (6141, 251, 2055941)       28.5          0               0               1          1
          (6011, 255, 2055941)       28.5          0               0               1          1
          (5877, 253, 2055941)       28.5          0               0               1          1
          (8013, 255, 2055941)       28.5          0               0               1          1
          (5119, 123, 2055941)       28.5          0               0               1          1
          (6991, 251, 2055941)       28.5          0               0               1          1
          (5623, 127, 2055941)       28.5          0               0               1          1
          (7671, 123, 2055941)       28.5          0               0               1          1
           (6135, 95, 2055941)       28.5          0               0               1          1
          (8151, 115, 2055941)       28.5          0               0               1          1
          (7611, 251, 2055941)       28.5          0               0               1          1
          (8121, 255, 2055941)       28.5          0               0               1          1
          (5751, 115, 2055941)       28.5          0               0               1          1
          (7143, 243, 2055941)       28.5          0               0               0          1
          (7893, 249, 2055941)       28.5          0               0               1          1
          (7251, 179, 2055941)       28.5          0               0               1          1
          (8171, 255, 2055941)     28.583          0               0               1          1
          (5853, 255, 2055941)     28.583          0               0               1          1
          (5401, 251, 2055941)     28.583          0               0               0          1
          (5113, 243, 2055941)     28.583          0               0               1          1
          (6135, 243, 2055941)     28.583          0               0               1          1
          (7511, 251, 2055941)     28.583          0               0               1          1
          (7421, 123, 2055941)     28.583          0               0               1          1
           (8023, 87, 2055941)     28.667          0               0               0          1
          (7769, 187, 2055941)     28.667          0               0               1          1
          (5593, 251, 2055941)      28.75          0               0               1          1
          (7669, 255, 2055941)     30.167          0               0               1          1
          (7669, 255, 2055941)     30.417          0               0               1          1
          (7355, 255, 2055941)     30.167          0               0               1          1
          (5731, 123, 2055941)     30.167          0               0               1          1
          (5937, 255, 2055941)      30.25          0               0               1          1
          (7755, 127, 2055941)      30.25          0               0               1          1
          (5109, 251, 2055941)      30.25          0               0               1          1
          (5621, 127, 2055941)      30.25          0               0               1          1
          (5229, 249, 2055941)      30.25          0               0               1          1
          (7155, 123, 2055941)      30.25          0               0               1          1
          (7155, 123, 2055941)     30.333          0               0               1          1
          (7011, 119, 2055941)      30.25          0               0               1          1
          (7405, 121, 2055941)      30.25          0               0               1          1
          (8027, 123, 2055941)      30.25          0               0               1          1
          (8027, 123, 2055941)     32.167          0               0               1          1
          (7411, 123, 2055941)      30.25          0               0               1          1
          (8181, 251, 2055941)     30.333          0               0               1          1
          (6399, 125, 2055941)     30.333          0               0               1          1
          (5115, 255, 2055941)     30.333          0               0               1          1
          (6625, 243, 2055941)     30.333          0               0               1          1
          (6015, 251, 2055941)     30.333          0               0               1          1
          (6015, 251, 2055941)     36.417          0               0               0          1
          (6105, 239, 2055941)     30.333          0               0               1          1
          (7375, 251, 2055941)     30.333          0               0               1          1
          (8039, 111, 2055941)     30.333          0               0               1          1
          (7791, 127, 2055941)     30.333          0               0               1          1
          (8177, 251, 2055941)     30.333          0               0               1          1
          (7487, 127, 2055941)     30.333          0               0               1          1
          (4919, 127, 2055941)     30.333          0               0               1          1
          (8187, 123, 2055941)     30.333          0               0               1          1
          (6611, 123, 2055941)     30.333          0               0               1          1
          (7535, 127, 2055941)     30.333          0               0               1          1
          (4423, 115, 2055941)     30.333          0               0               1          1
          (5863, 127, 2055941)     30.333          0               0               1          1
          (5065, 243, 2055941)     30.333          0               0               1          1
          (6527, 127, 2055941)     30.333          0               0               1          1
          (6141, 127, 2055941)     30.417          0               0               1          1
          (6141, 127, 2055941)     32.333          0               0               0          1
          (8063, 255, 2055941)     30.417          0               0               1          1
          (8063, 255, 2055941)     38.667          0               0               1          1
          (8063, 255, 2055941)     46.417          0               0               0          1
          (6139, 111, 2055941)     30.417          0               0               0          1
          (6139, 111, 2055941)     32.333          0               0               1          1
          (5113, 251, 2055941)     30.417          0               0               1          1
          (6007, 255, 2055941)     30.417          0               0               1          1
          (6779, 123, 2055941)     30.417          0               0               1          1
          (7287, 251, 2055941)     30.417          0               0               1          1
          (8015, 127, 2055941)     30.417          0               0               0          1
          (7541, 123, 2055941)     30.417          0               0               1          1
          (7541, 123, 2055941)     40.917          0               0               1          1
          (7537, 123, 2055941)     30.417          0               0               1          1
          (6519, 123, 2055941)     30.417          0               0               1          1
          (7027, 127, 2055941)     30.417          0               0               1          1
          (5477, 241, 2055941)     30.417          0               0               1          1
          (6101, 247, 2055941)     30.417          0               0               0          1
           (8183, 59, 2055941)     30.417          0               0               1          1
          (8089, 123, 2055941)     30.417          0               0               0          1
          (4843, 127, 2055941)     30.417          0               0               1          1
          (8007, 107, 2055941)     30.417          0               0               1          1
          (8175, 255, 2055941)       30.5          0               0               1          1
          (7807, 127, 2055941)       30.5          0               0               1          1
          (7807, 127, 2055941)     34.583          0               0               1          1
          (8019, 251, 2055941)       30.5          0               0               1          1
          (6137, 101, 2055941)       30.5          0               0               1          1
          (7655, 127, 2055941)       30.5          0               0               1          1
          (7929, 255, 2055941)       30.5          0               0               1          1
          (7547, 251, 2055941)       30.5          0               0               1          1
          (7623, 127, 2055941)       30.5          0               0               1          1
          (8157, 255, 2055941)       30.5          0               0               1          1
          (5939, 123, 2055941)       30.5          0               0               1          1
           (7935, 59, 2055941)       30.5          0               0               1          1
          (6001, 111, 2055941)       30.5          0               0               1          1
          (7135, 123, 2055941)       30.5          0               0               1          1
          (6391, 123, 2055941)       30.5          0               0               0          1
          (5863, 251, 2055941)       30.5          0               0               1          1
          (7483, 111, 2055941)       30.5          0               0               0          1
          (6143, 255, 2055941)     30.583          0               0               1          1
          (4605, 127, 2055941)     30.583          0               0               1          1
          (7165, 243, 2055941)     30.583          0               0               1          1
          (7131, 255, 2055941)     30.583          0               0               0          1
          (7547, 107, 2055941)     30.583          0               0               1          1
          (7655, 251, 2055941)     30.583          0               0               1          1
          (8057, 251, 2055941)     30.583          0               0               1          1
          (7799, 251, 2055941)     30.583          0               0               1          1
          (7799, 251, 2055941)       34.5          0               0               1          1
          (5143, 123, 2055941)     30.583          0               0               1          1
          (8043, 255, 2055941)     30.667          0               0               1          1
          (8049, 251, 2055941)     30.667          0               0               1          1
          (8049, 251, 2055941)     40.583          0               0               0          1
          (8049, 251, 2055941)     40.583          0               0               1          1
           (8179, 79, 2055941)     30.667          0               0               1          1
          (7421, 255, 2055941)     30.833          0               0               1          1
          (6777, 251, 2055941)     30.917          0               0               1          1
          (5889, 251, 2055941)     32.083          0               0               1          1
          (7519, 249, 2055941)     32.167          0               0               1          1
          (4077, 255, 2055941)      32.25          0               0               1          1
          (6015, 255, 2055941)      32.25          0               0               1          1
          (6015, 255, 2055941)     32.417          0               0               1          1
          (7667, 255, 2055941)      32.25          0               0               1          1
          (7925, 127, 2055941)      32.25          0               0               1          1
          (8155, 123, 2055941)      32.25          0               0               1          1
          (8051, 127, 2055941)      32.25          0               0               1          1
          (7763, 123, 2055941)      32.25          0               0               1          1
          (5367, 127, 2055941)      32.25          0               0               1          1
          (7295, 123, 2055941)      32.25          0               0               1          1
          (7295, 123, 2055941)     32.583          0               0               1          1
          (7435, 121, 2055941)      32.25          0               0               1          1
          (7775, 119, 2055941)      32.25          0               0               1          1
          (5337, 255, 2055941)     32.333          0               0               0          1
          (5503, 255, 2055941)     32.333          0               0               1          1
          (8181, 127, 2055941)     32.333          0               0               1          1
          (5983, 127, 2055941)     32.333          0               0               1          1
          (4599, 127, 2055941)     32.333          0               0               0          1
          (5469, 251, 2055941)     32.333          0               0               1          1
          (4977, 239, 2055941)     32.333          0               0               1          1
          (5335, 251, 2055941)     32.333          0               0               1          1
          (4603, 251, 2055941)     32.333          0               0               1          1
          (5715, 123, 2055941)     32.333          0               0               1          1
          (7857, 187, 2055941)     32.333          0               0               1          1
          (7501, 121, 2055941)     32.333          0               0               1          1
          (5889, 255, 2055941)     32.417          0               0               1          1
          (8037, 255, 2055941)     32.417          0               0               1          1
          (8185, 127, 2055941)     32.417          0               0               1          1
          (5631, 127, 2055941)     32.417          0               0               1          1
          (4727, 187, 2055941)     32.417          0               0               1          1
          (5983, 255, 2055941)     32.417          0               0               1          1
          (8015, 123, 2055941)     32.417          0               0               1          1
          (5343, 127, 2055941)     32.417          0               0               0          1
          (7423, 127, 2055941)     32.417          0               0               1          1
          (7413, 123, 2055941)     32.417          0               0               1          1
          (7021, 253, 2055941)     32.417          0               0               1          1
          (5619, 249, 2055941)     32.417          0               0               1          1
          (7929, 251, 2055941)     32.417          0               0               1          1
          (6641, 127, 2055941)     32.417          0               0               1          1
           (8181, 63, 2055941)     32.417          0               0               1          1
          (7283, 243, 2055941)     32.417          0               0               1          1
          (5943, 241, 2055941)     32.417          0               0               1          1
          (5343, 119, 2055941)     32.417          0               0               1          1
          (5877, 187, 2055941)     32.417          0               0               1          1
          (7907, 251, 2055941)     32.417          0               0               1          1
          (5523, 251, 2055941)     32.417          0               0               1          1
           (5763, 39, 2055941)     32.417          0               0               1          1
          (5787, 123, 2055941)     32.417          0               0               1          1
          (8155, 255, 2055941)       32.5          0               0               1          1
          (7797, 251, 2055941)       32.5          0               0               1          1
          (6643, 123, 2055941)       32.5          0               0               1          1
          (6897, 121, 2055941)       32.5          0               0               1          1
          (4981, 255, 2055941)       32.5          0               0               1          1
          (5851, 251, 2055941)       32.5          0               0               1          1
          (8185, 251, 2055941)       32.5          0               0               1          1
          (7407, 123, 2055941)       32.5          0               0               1          1
          (8171, 123, 2055941)       32.5          0               0               1          1
          (7901, 249, 2055941)       32.5          0               0               0          1
          (7639, 125, 2055941)       32.5          0               0               1          1
          (7377, 121, 2055941)       32.5          0               0               1          1
          (5715, 251, 2055941)       32.5          0               0               1          1
          (4691, 123, 2055941)       32.5          0               0               1          1
           (6491, 91, 2055941)       32.5          0               0               1          1
          (5631, 255, 2055941)     32.583          0               0               1          1
          (6489, 255, 2055941)     32.583          0               0               1          1
          (6091, 251, 2055941)     32.583          0               0               1          1
          (5885, 127, 2055941)     32.583          0               0               1          1
          (5239, 251, 2055941)     32.583          0               0               0          1
          (6137, 127, 2055941)     32.667          0               0               1          1
          (8147, 255, 2055941)     32.667          0               0               1          1
          (7537, 107, 2055941)     32.667          0               0               1          1
          (5599, 127, 2055941)      32.75          0               0               1          1
          (5883, 251, 2055941)      32.75          0               0               1          1
          (8159, 251, 2055941)      32.75          0               0               1          1
          (7895, 255, 2055941)     34.083          0               0               1          1
          (6103, 123, 2055941)     34.083          0               0               1          1
          (6103, 123, 2055941)      34.25          0               0               1          1
          (6103, 123, 2055941)       36.5          0               0               1          1
          (4387, 127, 2055941)     34.167          0               0               1          1
          (4575, 123, 2055941)     34.167          0               0               0          1
          (7613, 127, 2055941)     34.167          0               0               1          1
          (7231, 251, 2055941)     34.167          0               0               0          1
          (4671, 123, 2055941)      34.25          0               0               1          1
          (5107, 119, 2055941)      34.25          0               0               0          1
          (8027, 115, 2055941)      34.25          0               0               1          1
          (4987, 123, 2055941)      34.25          0               0               1          1
          (5551, 123, 2055941)      34.25          0               0               0          1
           (4419, 55, 2055941)      34.25          0               0               0          1
          (5877, 255, 2055941)     34.333          0               0               0          1
          (5883, 127, 2055941)     34.333          0               0               0          1
          (8117, 123, 2055941)     34.333          0               0               1          1
          (5555, 127, 2055941)     34.333          0               0               1          1
          (5201, 251, 2055941)     34.333          0               0               1          1
          (1629, 255, 2055941)     34.333          0               0               0          1
          (6613, 247, 2055941)     34.333          0               0               1          1
           (5359, 91, 2055941)     34.333          0               0               1          1
          (4477, 255, 2055941)     34.417          0               0               1          1
          (5339, 127, 2055941)     34.417          0               0               1          1
          (5989, 255, 2055941)     34.417          0               0               1          1
          (1653, 251, 2055941)     34.417          0               0               0          1
          (6937, 251, 2055941)     34.417          0               0               0          1
          (5819, 255, 2055941)     34.417          0               0               0          1
          (6595, 123, 2055941)     34.417          0               0               1          1
          (7033, 251, 2055941)     34.417          0               0               1          1
          (4845, 253, 2055941)     34.417          0               0               1          1
          (7487, 123, 2055941)     34.417          0               0               0          1
          (6013, 253, 2055941)       34.5          0               0               1          1
          (6999, 251, 2055941)       34.5          0               0               0          1
          (6517, 123, 2055941)       34.5          0               0               1          1
          (4301, 127, 2055941)       34.5          0               0               1          1
          (5975, 253, 2055941)       34.5          0               0               1          1
          (7243, 251, 2055941)       34.5          0               0               1          1
          (7535, 235, 2055941)       34.5          0               0               1          1
          (7389, 127, 2055941)       34.5          0               0               1          1
          (4345, 249, 2055941)       34.5          0               0               1          1
          (5995, 251, 2055941)       34.5          0               0               0          1
          (8019, 127, 2055941)       34.5          0               0               1          1
          (7543, 251, 2055941)       34.5          0               0               1          1
           (4067, 63, 2055941)       34.5          0               0               0          1
          (5759, 115, 2055941)       34.5          0               0               0          1
          (6999, 123, 2055941)       34.5          0               0               1          1
           (7831, 51, 2055941)       34.5          0               0               1          1
          (5623, 123, 2055941)     34.583          0               0               1          1
          (7507, 123, 2055941)     34.583          0               0               1          1
          (5239, 255, 2055941)     34.583          0               0               0          1
          (5611, 253, 2055941)     34.583          0               0               1          1
          (4923, 127, 2055941)     34.583          0               0               1          1
          (6139, 255, 2055941)     34.583          0               0               1          1
          (4461, 249, 2055941)     34.583          0               0               1          1
          (4819, 107, 2055941)     34.583          0               0               1          1
          (6111, 251, 2055941)     34.667          0               0               1          1
          (8055, 123, 2055941)     34.667          0               0               1          1
          (7547, 255, 2055941)     34.667          0               0               0          1
           (5947, 63, 2055941)     34.667          0               0               1          1
          (8013, 239, 2055941)     34.667          0               0               1          1
          (4717, 123, 2055941)     34.667          0               0               0          1
          (6107, 255, 2055941)      34.75          0               0               1          1
           (7927, 59, 2055941)      34.75          0               0               1          1
          (6141, 123, 2055941)     34.833          0               0               1          1
          (8019, 247, 2055941)      36.25          0               0               1          1
          (6131, 227, 2055941)      36.25          0               0               0          1
          (7287, 113, 2055941)      36.25          0               0               1          1
          (8019, 123, 2055941)      36.25          0               0               1          1
           (6937, 91, 2055941)      36.25          0               0               1          1
          (6987, 123, 2055941)      36.25          0               0               1          1
          (6011, 123, 2055941)     36.333          0               0               1          1
          (7631, 123, 2055941)     36.333          0               0               1          1
          (7631, 123, 2055941)     40.417          0               0               1          1
          (5951, 125, 2055941)     36.333          0               0               1          1
          (3805, 255, 2055941)     36.333          0               0               0          1
          (6983, 219, 2055941)     36.333          0               0               1          1
          (8063, 253, 2055941)     36.417          0               0               1          1
          (4557, 191, 2055941)     36.417          0               0               0          1
          (6351, 255, 2055941)     36.417          0               0               1          1
          (7637, 251, 2055941)     36.417          0               0               1          1
          (7641, 243, 2055941)     36.417          0               0               1          1
          (8063, 127, 2055941)     36.417          0               0               0          1
          (4471, 255, 2055941)     36.417          0               0               1          1
          (4929, 243, 2055941)     36.417          0               0               1          1
          (7031, 255, 2055941)     36.417          0               0               1          1
          (5343, 251, 2055941)     36.417          0               0               1          1
          (5391, 123, 2055941)     36.417          0               0               0          1
            (4745, 3, 2055941)     36.417          0               0               1          1
          (5623, 115, 2055941)       36.5          0               0               1          1
          (8079, 255, 2055941)       36.5          0               0               1          1
          (6421, 249, 2055941)       36.5          0               0               1          1
          (5841, 115, 2055941)       36.5          0               0               1          1
          (6471, 251, 2055941)       36.5          0               0               1          1
          (6119, 123, 2055941)       36.5          0               0               0          1
          (7419, 123, 2055941)       36.5          0               0               1          1
          (6773, 223, 2055941)       36.5          0               0               1          1
          (7381, 127, 2055941)     36.583          0               0               1          1
          (8017, 255, 2055941)     36.583          0               0               1          1
           (6909, 63, 2055941)     36.583          0               0               1          1
          (7637, 123, 2055941)     36.583          0               0               1          1
          (7923, 251, 2055941)     36.583          0               0               1          1
          (6621, 117, 2055941)     36.583          0               0               1          1
          (5235, 255, 2055941)     36.583          0               0               1          1
          (5849, 251, 2055941)     36.583          0               0               1          1
          (7363, 175, 2055941)     36.583          0               0               1          1
          (7873, 227, 2055941)     36.583          0               0               1          1
          (5625, 123, 2055941)     36.583          0               0               1          1
          (7517, 253, 2055941)     36.667          0               0               1          1
          (5493, 249, 2055941)     36.667          0               0               1          1
           (7541, 83, 2055941)     36.667          0               0               1          1
          (7087, 251, 2055941)     36.667          0               0               1          1
          (8149, 123, 2055941)     36.667          0               0               1          1
          (4315, 251, 2055941)     36.667          0               0               0          1
          (7677, 125, 2055941)      36.75          0               0               1          1
          (4403, 123, 2055941)       37.0          0               0               1          1
          (4861, 127, 2055941)      38.25          0               0               0          1
          (7605, 127, 2055941)     38.333          0               0               1          1
          (7541, 251, 2055941)     38.333          0               0               0          1
           (6003, 95, 2055941)     38.333          0               0               1          1
          (5871, 255, 2055941)     38.417          0               0               1          1
          (5191, 255, 2055941)     38.417          0               0               1          1
          (4725, 123, 2055941)     38.417          0               0               1          1
          (4437, 255, 2055941)     38.417          0               0               0          1
          (7617, 251, 2055941)     38.417          0               0               1          1
          (5621, 123, 2055941)     38.417          0               0               1          1
          (5759, 255, 2055941)       38.5          0               0               1          1
          (5079, 123, 2055941)       38.5          0               0               1          1
          (8009, 217, 2055941)       38.5          0               0               1          1
          (6867, 123, 2055941)     38.583          0               0               1          1
          (5443, 123, 2055941)     38.583          0               0               1          1
          (5611, 123, 2055941)     38.667          0               0               0          1
          (5457, 235, 2055941)     38.667          0               0               1          1
          (6009, 123, 2055941)      38.75          0               0               1          1
          (7549, 253, 2055941)      38.75          0               0               1          1
          (6131, 251, 2055941)      38.75          0               0               0          1
          (8097, 249, 2055941)      38.75          0               0               1          1
          (6121, 107, 2055941)      38.75          0               0               1          1
          (4945, 123, 2055941)      40.25          0               0               1          1
          (5955, 115, 2055941)     40.333          0               0               1          1
          (5917, 251, 2055941)     40.417          0               0               1          1
          (7521, 123, 2055941)     40.417          0               0               1          1
          (7647, 255, 2055941)     40.417          0               0               1          1
          (7039, 127, 2055941)     40.417          0               0               0          1
          (4947, 107, 2055941)     40.417          0               0               0          1
          (6343, 123, 2055941)     40.417          0               0               1          1
          (7799, 107, 2055941)     40.417          0               0               1          1
          (6063, 127, 2055941)       40.5          0               0               0          1
          (6135, 251, 2055941)       40.5          0               0               1          1
          (7995, 127, 2055941)       40.5          0               0               1          1
          (5489, 251, 2055941)       40.5          0               0               1          1
          (7753, 123, 2055941)       40.5          0               0               1          1
          (5873, 251, 2055941)     40.583          0               0               1          1
          (6939, 255, 2055941)     40.583          0               0               0          1
          (6137, 251, 2055941)     40.667          0               0               0          1
          (7667, 127, 2055941)     40.667          0               0               0          1
          (7633, 251, 2055941)      40.75          0               0               1          1
          (7389, 121, 2055941)     40.833          0               0               1          1
          (7373, 187, 2055941)       41.0          0               0               0          1
           (4259, 83, 2055941)     42.333          0               0               0          1
          (5975, 121, 2055941)     42.417          0               0               1          1
          (7033, 249, 2055941)     42.417          0               0               1          1
          (6133, 251, 2055941)       42.5          0               0               1          1
          (4991, 251, 2055941)     42.583          0               0               0          1
          (5617, 243, 2055941)     42.583          0               0               1          1
          (7613, 119, 2055941)     42.583          0               0               1          1
          (4809, 235, 2055941)     42.583          0               0               1          1
          (5847, 219, 2055941)      42.75          0               0               1          1
          (5359, 123, 2055941)     42.833          0               0               1          1
          (5627, 251, 2055941)     42.833          0               0               0          1
          (6143, 251, 2055941)     42.917          0               0               0          1
          (5115, 123, 2055941)     42.917          0               0               1          1
          (6005, 235, 2055941)     42.917          0               0               1          1
          (4357, 123, 2055941)      44.25          0               0               1          1
          (7927, 251, 2055941)     44.333          0               0               1          1
          (8033, 121, 2055941)       44.5          0               0               1          1
          (5107, 115, 2055941)       44.5          0               0               1          1
          (4709, 251, 2055941)       44.5          0               0               1          1
          (7631, 255, 2055941)     44.917          0               0               1          1
          (5493, 251, 2055941)     46.583          0               0               1          1
          (7621, 239, 2055941)     46.583          0               0               1          1
          (7895, 251, 2055941)     46.917          0               0               0          1
          (5627, 111, 2055941)     48.583          0               0               0          1
          (5071, 247, 2055941)      50.75          0               0               0          1
          (7825, 123, 2055941)     54.667          0               0               1          1
