inputs: 2055941/1000 samples
                      [output]   [energy]  [A*B=out] [truth of cfas] [truth of chains]      [num]
          (8187, 255, 2055941)     12.083          0               0               1          1
          (8187, 255, 2055941)     26.417          0               0               1          1
          (8187, 255, 2055941)       26.5          0               0               1          1
          (8187, 255, 2055941)     28.333          0               0               1          1
          (8187, 255, 2055941)     32.667          0               0               1          1
          (8187, 255, 2055941)     34.583          0               0               0          1
          (8191, 123, 2055941)     14.167          0               0               1          1
          (8191, 123, 2055941)      16.25          0               0               1          1
          (8191, 123, 2055941)       16.5          0               0               1          1
          (8191, 123, 2055941)      18.25          0               0               1          1
          (8191, 123, 2055941)     20.417          0               0               1          1
          (8191, 123, 2055941)     22.417          0               0               1          1
          (8191, 123, 2055941)     24.333          0               0               1          2
          (8191, 123, 2055941)     24.417          0               0               1          3
          (8191, 123, 2055941)     26.333          0               0               1          1
          (8191, 123, 2055941)     26.417          0               0               1          3
          (8191, 123, 2055941)      28.75          0               0               1          1
          (8191, 123, 2055941)     30.167          0               0               1          1
          (8191, 123, 2055941)       30.5          0               0               1          1
          (8191, 123, 2055941)     32.333          0               0               1          1
          (8191, 123, 2055941)     32.417          0               0               1          1
          (8191, 123, 2055941)     32.667          0               0               1          1
          (8191, 123, 2055941)     38.417          0               0               1          1
          (8183, 123, 2055941)     14.167          0               0               1          1
          (8183, 123, 2055941)     20.167          0               0               1          1
          (8183, 123, 2055941)     26.333          0               0               1          1
          (8183, 123, 2055941)       26.5          0               0               1          1
          (8183, 123, 2055941)      38.25          0               0               1          1
          (8143, 123, 2055941)      14.25          0               0               1          1
          (7547, 127, 2055941)     14.333          0               0               1          1
          (7547, 127, 2055941)     22.167          0               0               1          1
          (7933, 127, 2055941)     16.083          0               0               1          1
          (7933, 127, 2055941)      20.25          0               0               1          1
          (8189, 127, 2055941)     16.167          0               0               1          1
          (8189, 127, 2055941)     22.417          0               0               1          1
          (8189, 127, 2055941)       26.5          0               0               1          1
          (8189, 127, 2055941)     28.083          0               0               1          1
          (8189, 127, 2055941)     28.167          0               0               1          1
          (8189, 127, 2055941)     28.417          0               0               1          1
          (8189, 127, 2055941)     32.333          0               0               1          1
          (8189, 127, 2055941)       34.5          0               0               0          1
          (8189, 127, 2055941)     34.583          0               0               1          1
          (8189, 127, 2055941)     36.333          0               0               1          1
          (8159, 127, 2055941)     16.167          0               0               1          1
          (8159, 127, 2055941)     30.333          0               0               1          2
          (8159, 127, 2055941)     30.417          0               0               1          1
          (7927, 127, 2055941)     16.167          0               0               1          2
          (7927, 127, 2055941)     24.167          0               0               1          1
          (7927, 127, 2055941)     24.417          0               0               1          1
          (7927, 123, 2055941)      16.25          0               0               1          1
          (7927, 123, 2055941)       49.0          0               0               1          1
          (6077, 127, 2055941)      16.25          0               0               1          1
          (8031, 127, 2055941)      16.25          0               0               1          1
          (8031, 127, 2055941)      18.25          0               0               1          1
          (8031, 127, 2055941)     30.167          0               0               1          1
          (8031, 127, 2055941)     36.417          0               0               1          1
          (8053, 127, 2055941)     16.417          0               0               1          1
          (8053, 127, 2055941)      38.75          0               0               1          1
          (7669, 255, 2055941)       16.5          0               0               1          1
          (7669, 255, 2055941)      30.25          0               0               1          1
          (7913, 123, 2055941)     18.083          0               0               1          1
          (7543, 255, 2055941)     18.167          0               0               1          1
          (7543, 255, 2055941)     26.417          0               0               1          1
          (7159, 127, 2055941)     18.167          0               0               1          1
          (7671, 123, 2055941)     18.167          0               0               1          1
          (7671, 123, 2055941)     24.583          0               0               1          1
          (6141, 255, 2055941)      18.25          0               0               1          1
          (8183, 127, 2055941)      18.25          0               0               1          1
          (8183, 127, 2055941)     22.083          0               0               0          1
          (8183, 127, 2055941)     22.333          0               0               1          1
          (8183, 127, 2055941)      24.25          0               0               1          2
          (8183, 127, 2055941)     24.333          0               0               1          1
          (8183, 127, 2055941)      28.25          0               0               1          1
          (8183, 127, 2055941)      30.75          0               0               1          1
          (8183, 127, 2055941)      32.25          0               0               1          1
          (8183, 127, 2055941)     34.167          0               0               1          1
          (8183, 127, 2055941)      34.25          0               0               0          1
          (8183, 127, 2055941)      36.25          0               0               1          1
          (8183, 127, 2055941)     36.833          0               0               1          1
          (6141, 127, 2055941)      18.25          0               0               1          1
          (6141, 127, 2055941)     30.333          0               0               0          1
          (5579, 255, 2055941)      18.25          0               0               0          1
          (7675, 255, 2055941)      18.25          0               0               1          1
          (7675, 255, 2055941)     28.583          0               0               1          1
          (8187, 127, 2055941)      18.25          0               0               1          1
          (8187, 127, 2055941)      22.25          0               0               1          1
          (8187, 127, 2055941)      24.25          0               0               1          1
          (8187, 127, 2055941)     24.333          0               0               1          1
          (8187, 127, 2055941)     30.167          0               0               1          1
          (6623, 123, 2055941)      18.25          0               0               1          1
          (6623, 123, 2055941)     26.417          0               0               1          1
          (7551, 107, 2055941)      18.25          0               0               1          1
          (8191, 251, 2055941)     18.333          1               0               1          1
          (8191, 251, 2055941)     20.333          1               0               1          1
          (8191, 251, 2055941)       28.5          1               0               0          1
          (8063, 127, 2055941)     18.333          0               0               1          1
          (8063, 127, 2055941)     24.417          0               0               1          1
          (8063, 127, 2055941)      26.25          0               0               1          1
          (8063, 127, 2055941)     34.667          0               0               0          1
          (8063, 127, 2055941)     36.417          0               0               1          1
          (8031, 123, 2055941)     18.333          0               0               1          1
          (8031, 123, 2055941)      22.25          0               0               1          1
          (7923, 123, 2055941)     18.333          0               0               1          1
          (7013, 121, 2055941)     18.333          0               0               1          1
          (8185, 123, 2055941)     18.417          0               0               0          1
          (8185, 123, 2055941)     24.333          0               0               1          1
          (8185, 123, 2055941)     26.333          0               0               1          1
          (8185, 123, 2055941)       26.5          0               0               1          1
          (8185, 123, 2055941)     42.583          0               0               1          1
          (8181, 121, 2055941)     18.417          0               0               1          1
          (7763, 251, 2055941)     18.417          0               0               1          1
          (8181, 255, 2055941)     20.083          0               0               1          1
          (8181, 255, 2055941)     24.417          0               0               1          1
          (8181, 255, 2055941)     28.333          0               0               1          1
          (8181, 255, 2055941)     28.583          0               0               1          1
          (8063, 251, 2055941)     20.083          0               0               0          1
          (8063, 251, 2055941)     26.417          0               0               0          1
          (8167, 123, 2055941)     20.167          0               0               1          1
          (8167, 123, 2055941)     22.333          0               0               1          1
          (7679, 123, 2055941)     20.167          0               0               1          1
          (7679, 123, 2055941)     20.417          0               0               1          1
          (7679, 123, 2055941)     22.167          0               0               1          1
          (7679, 123, 2055941)     22.333          0               0               1          1
          (7679, 123, 2055941)       28.5          0               0               1          1
          (7159, 255, 2055941)     20.167          0               0               1          1
          (7645, 127, 2055941)     20.167          0               0               1          1
          (7677, 127, 2055941)     20.167          0               0               1          1
          (6143, 123, 2055941)     20.167          0               0               1          1
          (6143, 123, 2055941)     22.333          0               0               1          1
          (6143, 123, 2055941)     26.417          0               0               0          1
          (6143, 123, 2055941)     28.333          0               0               0          1
          (7131, 127, 2055941)     20.167          0               0               1          1
          (7547, 111, 2055941)     20.167          0               0               1          1
          (7547, 111, 2055941)     26.333          0               0               1          1
          (7547, 111, 2055941)      30.25          0               0               1          1
          (7807, 123, 2055941)     20.167          0               0               1          1
          (8157, 121, 2055941)     20.167          0               0               1          1
          (6109, 127, 2055941)      20.25          0               0               1          1
          (6109, 127, 2055941)     28.333          0               0               1          1
          (7671, 127, 2055941)      20.25          0               0               1          1
          (7671, 127, 2055941)      24.25          0               0               1          1
          (7671, 127, 2055941)     24.583          0               0               1          1
          (7647, 127, 2055941)      20.25          0               0               1          1
          (7647, 127, 2055941)      36.25          0               0               1          1
          (7415, 127, 2055941)      20.25          0               0               1          1
          (4985, 123, 2055941)      20.25          0               0               1          1
          (7899, 239, 2055941)      20.25          0               0               0          1
          (5627, 127, 2055941)     20.333          0               0               1          1
          (8189, 255, 2055941)     20.333          0               0               1          1
          (8189, 255, 2055941)       34.5          0               0               1          1
          (7935, 127, 2055941)     20.333          0               0               1          1
          (7935, 127, 2055941)      24.25          0               0               1          1
          (7935, 127, 2055941)     30.667          0               0               1          1
          (6101, 127, 2055941)     20.333          0               0               1          1
          (7847, 127, 2055941)     20.333          0               0               1          1
          (7655, 123, 2055941)     20.333          0               0               1          1
          (7655, 123, 2055941)     26.417          0               0               1          1
          (7655, 123, 2055941)     32.583          0               0               1          1
          (5503, 107, 2055941)     20.333          0               0               1          1
          (8055, 123, 2055941)     20.333          0               0               1          1
          (8055, 123, 2055941)     20.417          0               0               1          1
          (7623, 115, 2055941)     20.333          0               0               1          1
          (6107, 127, 2055941)     20.417          0               0               1          1
          (8061, 255, 2055941)     20.417          0               0               1          1
          (7967, 123, 2055941)     20.417          0               0               1          1
          (7903, 127, 2055941)       20.5          0               0               1          1
           (7679, 91, 2055941)       20.5          0               0               1          1
          (7929, 251, 2055941)       20.5          0               0               1          1
          (8171, 127, 2055941)       22.0          0               0               1          1
          (7165, 127, 2055941)     22.083          0               0               1          1
          (7673, 127, 2055941)     22.083          0               0               1          1
          (7673, 127, 2055941)      32.25          0               0               1          1
          (7607, 123, 2055941)     22.083          0               0               1          1
          (5503, 109, 2055941)     22.083          0               0               1          1
          (8181, 239, 2055941)     22.167          0               0               1          1
          (6011, 127, 2055941)     22.167          0               0               1          1
          (7551, 127, 2055941)     22.167          0               0               1          1
          (7551, 127, 2055941)       24.5          0               0               1          1
          (7551, 127, 2055941)      30.25          0               0               1          1
          (5589, 127, 2055941)     22.167          0               0               1          1
          (7659, 127, 2055941)     22.167          0               0               1          1
          (8015, 123, 2055941)     22.167          0               0               1          1
          (3709, 123, 2055941)     22.167          0               0               0          1
          (7419, 127, 2055941)     22.167          0               0               1          1
          (7419, 127, 2055941)     26.333          0               0               1          1
          (8179, 111, 2055941)     22.167          0               0               1          1
          (8179, 111, 2055941)      26.25          0               0               1          1
          (8191, 127, 2055941)      22.25          0               0               1          1
          (7287, 127, 2055941)      22.25          0               0               1          1
          (7287, 127, 2055941)     38.333          0               0               1          1
          (8155, 239, 2055941)      22.25          0               0               1          1
          (6649, 127, 2055941)      22.25          0               0               0          1
          (7415, 123, 2055941)      22.25          0               0               1          1
          (7415, 123, 2055941)     32.583          0               0               1          1
          (8059, 255, 2055941)     22.333          0               0               0          1
          (8059, 255, 2055941)      34.75          0               0               1          1
          (8181, 127, 2055941)     22.333          0               0               1          1
          (8181, 127, 2055941)     22.417          0               0               1          1
          (8181, 127, 2055941)     24.417          0               0               1          1
          (8181, 127, 2055941)      30.25          0               0               1          1
          (8181, 127, 2055941)      32.75          0               0               1          1
          (7933, 255, 2055941)     22.333          0               0               1          1
          (7933, 255, 2055941)     26.417          0               0               1          1
          (7803, 123, 2055941)     22.333          0               0               1          1
          (7025, 127, 2055941)     22.333          0               0               1          1
          (7025, 127, 2055941)      32.25          0               0               1          1
          (8043, 255, 2055941)     22.333          0               0               1          1
          (8147, 111, 2055941)     22.333          0               0               1          1
          (7541, 127, 2055941)     22.333          0               0               1          1
          (8055, 127, 2055941)     22.333          0               0               1          1
          (8055, 127, 2055941)     24.333          0               0               1          2
          (8055, 127, 2055941)     26.333          0               0               1          1
          (8055, 127, 2055941)     30.167          0               0               1          1
          (8055, 127, 2055941)     44.917          0               0               0          1
          (7671, 255, 2055941)     22.417          0               0               1          1
          (7669, 127, 2055941)     22.417          0               0               1          1
          (5497, 251, 2055941)     22.417          0               0               1          1
          (5497, 251, 2055941)     32.583          0               0               1          1
          (8029, 127, 2055941)     22.417          0               0               1          1
          (8029, 127, 2055941)     32.167          0               0               1          2
          (8139, 127, 2055941)     22.417          0               0               0          1
          (8139, 127, 2055941)     28.333          0               0               1          1
          (6911, 123, 2055941)     22.417          0               0               1          1
          (6911, 123, 2055941)     32.667          0               0               1          1
          (6911, 123, 2055941)      40.25          0               0               1          1
          (7391, 123, 2055941)     22.417          0               0               1          1
          (5959, 123, 2055941)     22.417          0               0               1          1
          (7929, 123, 2055941)     22.417          0               0               1          1
          (7647, 123, 2055941)     22.417          0               0               1          1
          (7647, 123, 2055941)     28.417          0               0               1          1
          (7647, 123, 2055941)     38.583          0               0               1          1
          (8181, 253, 2055941)       22.5          0               0               1          1
          (8191, 255, 2055941)       22.5          0               0               1          1
          (8191, 255, 2055941)     36.333          0               0               1          1
          (8055, 243, 2055941)       22.5          0               0               1          1
          (7653, 239, 2055941)       22.5          0               0               1          1
          (7803, 127, 2055941)       22.5          0               0               0          1
          (7803, 127, 2055941)     32.417          0               0               1          1
          (6903, 123, 2055941)       22.5          0               0               1          1
           (7795, 99, 2055941)       22.5          0               0               1          1
          (8051, 127, 2055941)       24.0          0               0               1          1
          (7671, 111, 2055941)     24.083          0               0               1          1
          (8035, 123, 2055941)     24.083          0               0               1          1
          (7903, 123, 2055941)     24.083          0               0               1          1
          (8121, 127, 2055941)     24.083          0               0               1          1
          (7635, 119, 2055941)     24.083          0               0               1          1
          (7999, 127, 2055941)     24.167          0               0               0          1
          (6135, 127, 2055941)     24.167          0               0               1          1
          (6135, 127, 2055941)     26.417          0               0               0          1
          (7780, 255, 2055941)     24.167          0               0               0          1
          (7644, 125, 2055941)     24.167          0               0               0          1
          (8163, 123, 2055941)     24.167          0               0               1          1
          (8163, 123, 2055941)     32.083          0               0               1          1
          (5543, 251, 2055941)     24.167          0               0               1          1
          (7651, 123, 2055941)     24.167          0               0               1          1
          (7651, 123, 2055941)      30.25          0               0               1          1
          (4665, 123, 2055941)     24.167          0               0               1          1
          (7977, 127, 2055941)     24.167          0               0               1          1
          (7671, 251, 2055941)     24.167          0               0               0          1
          (7675, 127, 2055941)      24.25          0               0               0          1
          (7675, 127, 2055941)     24.417          0               0               1          1
          (7675, 127, 2055941)     34.417          0               0               1          1
          (4855, 127, 2055941)      24.25          0               0               1          1
          (2047, 123, 2055941)      24.25          0               0               0          1
          (7935, 123, 2055941)      24.25          0               0               1          1
          (6095, 123, 2055941)      24.25          0               0               1          1
          (5591, 123, 2055941)      24.25          0               0               1          1
          (7113, 121, 2055941)      24.25          0               0               1          1
          (7155, 255, 2055941)      24.25          0               0               1          1
          (8131, 251, 2055941)      24.25          0               0               1          1
          (8187, 125, 2055941)      24.25          0               0               1          1
          (7631, 107, 2055941)      24.25          0               0               1          1
          (7631, 107, 2055941)      30.75          0               0               1          1
          (7545, 219, 2055941)      24.25          0               0               1          1
          (7545, 219, 2055941)       32.5          0               0               1          1
          (7657, 107, 2055941)      24.25          0               0               1          1
          (7657, 107, 2055941)      38.25          0               0               1          1
          (6143, 255, 2055941)     24.333          0               0               1          1
          (8185, 255, 2055941)     24.333          0               0               1          1
          (8185, 255, 2055941)     34.667          0               0               1          1
          (8185, 255, 2055941)     38.667          0               0               1          1
          (7677, 239, 2055941)     24.333          0               0               1          1
          (8191, 111, 2055941)     24.333          0               0               1          1
          (8127, 127, 2055941)     24.333          0               0               1          1
          (8059, 127, 2055941)     24.333          0               0               1          1
          (8059, 127, 2055941)     26.417          0               0               1          1
          (8059, 127, 2055941)     28.167          0               0               1          1
          (8059, 127, 2055941)     30.417          0               0               1          1
          (8179, 251, 2055941)     24.333          0               0               1          1
          (7881, 123, 2055941)     24.333          0               0               1          1
          (7021, 255, 2055941)     24.333          0               0               1          1
          (7501, 127, 2055941)     24.333          0               0               1          1
          (8149, 123, 2055941)     24.333          0               0               1          1
          (8149, 123, 2055941)     28.333          0               0               1          1
          (8149, 123, 2055941)       28.5          0               0               1          1
          (7419, 121, 2055941)     24.333          0               0               1          1
          (6479, 107, 2055941)     24.333          0               0               1          1
          (6131, 255, 2055941)     24.417          0               0               1          1
          (7423, 127, 2055941)     24.417          0               0               1          1
          (7423, 127, 2055941)     40.667          0               0               1          1
          (7679, 127, 2055941)     24.417          0               0               1          1
          (7679, 127, 2055941)       30.5          0               0               1          1
          (7679, 127, 2055941)     30.667          0               0               1          1
          (7669, 251, 2055941)     24.417          0               0               1          1
          (7669, 251, 2055941)      28.25          0               0               1          1
          (6645, 127, 2055941)     24.417          0               0               1          1
          (7637, 255, 2055941)     24.417          0               0               1          1
          (7167, 123, 2055941)     24.417          0               0               1          1
          (7167, 123, 2055941)     26.333          0               0               1          1
          (7151, 127, 2055941)     24.417          0               0               1          1
          (7151, 127, 2055941)     36.667          0               0               1          1
          (7899, 255, 2055941)     24.417          0               0               1          1
          (7897, 123, 2055941)     24.417          0               0               1          1
          (8181, 251, 2055941)     24.417          0               0               1          1
          (7799, 127, 2055941)     24.417          0               0               1          1
          (7799, 127, 2055941)     28.333          0               0               1          1
          (6133, 121, 2055941)     24.417          0               0               1          1
          (8117, 255, 2055941)     24.417          0               0               1          1
          (6091, 251, 2055941)     24.417          0               0               1          1
          (8149, 235, 2055941)     24.417          0               0               0          1
          (7623, 107, 2055941)     24.417          0               0               1          1
          (8061, 253, 2055941)       24.5          0               0               1          1
          (8061, 125, 2055941)       24.5          0               0               1          1
          (8061, 125, 2055941)     44.833          0               0               1          1
          (6139, 127, 2055941)       24.5          0               0               1          1
          (6139, 127, 2055941)     26.333          0               0               1          1
          (6139, 127, 2055941)     30.333          0               0               1          1
          (6139, 127, 2055941)       32.5          0               0               1          1
           (7411, 99, 2055941)       24.5          0               0               1          1
          (7623, 123, 2055941)       24.5          0               0               1          1
          (7623, 123, 2055941)      28.25          0               0               1          1
          (8183, 251, 2055941)     24.583          0               0               1          1
          (8183, 251, 2055941)     34.667          0               0               1          1
          (7641, 251, 2055941)     24.583          0               0               1          1
          (7641, 251, 2055941)     32.583          0               0               1          1
          (6117, 255, 2055941)     24.667          0               0               1          1
          (7119, 251, 2055941)     24.667          0               0               1          1
          (6133, 127, 2055941)     26.083          0               0               1          1
          (6133, 127, 2055941)     36.417          0               0               1          1
          (8051, 251, 2055941)     26.083          0               0               0          1
           (8177, 95, 2055941)     26.167          0               0               1          1
          (7551, 123, 2055941)     26.167          0               0               1          1
          (6887, 123, 2055941)     26.167          0               0               1          1
           (7249, 95, 2055941)     26.167          0               0               1          1
          (5853, 255, 2055941)      26.25          0               0               1          1
          (8035, 251, 2055941)      26.25          0               0               1          1
          (8035, 251, 2055941)       38.5          0               0               1          1
          (8177, 251, 2055941)      26.25          0               0               0          1
          (7545, 255, 2055941)      26.25          0               0               1          1
          (7545, 255, 2055941)      30.25          0               0               1          1
          (7545, 255, 2055941)       38.5          0               0               0          1
          (7925, 123, 2055941)      26.25          0               0               1          1
          (6655, 123, 2055941)      26.25          0               0               1          1
          (5605, 251, 2055941)      26.25          0               0               1          1
          (7539, 119, 2055941)      26.25          0               0               1          1
          (8017, 125, 2055941)      26.25          0               0               1          1
          (5113, 123, 2055941)      26.25          0               0               1          1
          (6865, 105, 2055941)      26.25          0               0               1          1
          (3583, 123, 2055941)     26.333          0               0               0          1
          (6143, 125, 2055941)     26.333          0               0               1          1
          (5883, 255, 2055941)     26.333          0               0               1          1
          (8179, 255, 2055941)     26.333          0               0               1          1
          (7671, 243, 2055941)     26.333          0               0               1          1
          (8039, 127, 2055941)     26.333          0               0               1          1
          (8117, 123, 2055941)     26.333          0               0               1          1
          (7273, 251, 2055941)     26.333          0               0               1          1
          (7153, 123, 2055941)     26.333          0               0               1          1
          (7935, 251, 2055941)     26.333          0               0               0          1
          (8179, 127, 2055941)     26.333          0               0               1          1
          (8179, 127, 2055941)     30.083          0               0               1          1
          (8179, 127, 2055941)     32.417          0               0               1          1
          (8179, 127, 2055941)       36.5          0               0               0          1
          (7933, 223, 2055941)     26.333          0               0               1          1
           (7167, 63, 2055941)     26.333          0               0               1          1
          (7653, 249, 2055941)     26.333          0               0               1          1
          (7925, 127, 2055941)     26.333          0               0               1          1
          (5611, 123, 2055941)     26.333          0               0               1          1
          (4909, 123, 2055941)     26.333          0               0               1          1
          (6375, 123, 2055941)     26.333          0               0               1          1
          (7931, 111, 2055941)     26.333          0               0               1          1
          (5247, 123, 2055941)     26.333          0               0               1          1
          (5503, 123, 2055941)     26.417          0               0               1          1
          (4089, 253, 2055941)     26.417          0               0               1          1
          (5629, 127, 2055941)     26.417          0               0               1          1
          (6095, 251, 2055941)     26.417          0               0               1          1
          (4551, 255, 2055941)     26.417          0               0               1          1
          (7761, 247, 2055941)     26.417          0               0               1          1
          (7027, 255, 2055941)     26.417          0               0               1          1
          (8183, 243, 2055941)     26.417          0               0               1          1
          (5875, 127, 2055941)     26.417          0               0               1          1
          (7895, 127, 2055941)     26.417          0               0               1          1
          (7679, 251, 2055941)     26.417          0               0               1          1
          (5567, 123, 2055941)     26.417          0               0               1          1
          (7915, 255, 2055941)     26.417          0               0               1          1
          (8167, 127, 2055941)     26.417          0               0               1          1
          (7035, 125, 2055941)     26.417          0               0               0          1
          (6107, 111, 2055941)     26.417          0               0               1          1
          (8157, 111, 2055941)     26.417          0               0               1          1
          (5439, 123, 2055941)     26.417          0               0               1          1
          (7507, 123, 2055941)     26.417          0               0               1          1
          (7507, 123, 2055941)     28.667          0               0               1          1
          (6015, 123, 2055941)     26.417          0               0               1          1
          (6015, 123, 2055941)     30.333          0               0               1          1
          (6015, 123, 2055941)     30.583          0               0               1          1
          (6015, 123, 2055941)       32.5          0               0               1          1
          (7531, 127, 2055941)     26.417          0               0               1          1
          (8039, 123, 2055941)     26.417          0               0               1          1
          (7005, 111, 2055941)     26.417          0               0               1          1
          (4087, 255, 2055941)       26.5          0               0               1          1
          (4087, 255, 2055941)       32.5          0               0               0          1
          (7925, 255, 2055941)       26.5          0               0               1          1
          (8159, 255, 2055941)       26.5          0               0               1          1
          (8153, 255, 2055941)       26.5          0               0               1          1
          (7637, 251, 2055941)       26.5          0               0               1          1
          (3581, 249, 2055941)       26.5          0               0               0          1
          (7423, 123, 2055941)       26.5          0               0               1          1
           (7765, 63, 2055941)       26.5          0               0               1          1
          (5653, 241, 2055941)       26.5          0               0               1          1
          (8171, 255, 2055941)       26.5          0               0               1          1
          (7639, 123, 2055941)       26.5          0               0               1          1
          (7639, 123, 2055941)     32.333          0               0               1          1
          (8155, 127, 2055941)       26.5          0               0               1          1
          (7775, 123, 2055941)       26.5          0               0               1          1
           (6113, 91, 2055941)       26.5          0               0               1          1
          (8185, 251, 2055941)     26.583          0               0               1          1
          (8185, 251, 2055941)       28.5          0               0               1          1
          (8185, 251, 2055941)     30.167          0               0               1          1
          (8185, 251, 2055941)     30.333          0               0               1          1
          (8185, 251, 2055941)     36.417          0               0               1          1
          (8001, 251, 2055941)     26.583          0               0               1          1
          (7989, 249, 2055941)     26.667          0               0               1          1
          (6559, 251, 2055941)     26.667          0               0               1          1
          (6397, 121, 2055941)     26.667          0               0               1          1
          (7383, 239, 2055941)     26.667          0               0               1          1
          (7383, 239, 2055941)     34.583          0               0               1          1
          (7673, 123, 2055941)     28.083          0               0               1          1
          (7673, 123, 2055941)     34.417          0               0               1          1
          (4547, 123, 2055941)     28.083          0               0               1          1
          (6163, 113, 2055941)     28.083          0               0               1          1
          (7665, 251, 2055941)     28.167          0               0               0          1
          (7665, 251, 2055941)      28.25          0               0               1          1
          (8053, 255, 2055941)     28.167          0               0               1          1
          (7277, 127, 2055941)     28.167          0               0               1          1
          (8019, 251, 2055941)     28.167          0               0               1          1
          (8019, 251, 2055941)     30.333          0               0               1          1
          (8179, 125, 2055941)     28.167          0               0               1          1
          (7585, 123, 2055941)     28.167          0               0               1          1
          (4607, 253, 2055941)      28.25          0               0               1          1
          (4095, 111, 2055941)      28.25          0               0               0          1
          (6009, 251, 2055941)      28.25          0               0               1          1
          (6005, 255, 2055941)      28.25          0               0               1          1
          (7135, 122, 2055941)      28.25          0               0               0          1
          (6753, 243, 2055941)      28.25          0               0               1          1
          (8169, 123, 2055941)      28.25          0               0               1          1
          (8169, 123, 2055941)      32.25          0               0               1          1
          (7667, 123, 2055941)      28.25          0               0               1          1
          (7877, 111, 2055941)      28.25          0               0               1          1
          (4469, 105, 2055941)      28.25          0               0               0          1
          (8119, 251, 2055941)      28.25          0               0               1          1
          (8181, 235, 2055941)      28.25          0               0               1          1
          (7663, 123, 2055941)      28.25          0               0               1          1
          (7407, 123, 2055941)      28.25          0               0               0          1
          (5699, 111, 2055941)      28.25          0               0               1          1
          (8021, 255, 2055941)     28.333          0               0               1          1
          (8021, 255, 2055941)     34.917          0               0               1          1
           (7679, 79, 2055941)     28.333          0               0               1          1
          (7167, 127, 2055941)     28.333          0               0               1          1
          (7167, 127, 2055941)      32.25          0               0               1          1
          (7167, 127, 2055941)      32.75          0               0               1          1
          (8063, 123, 2055941)     28.333          0               0               1          2
          (8063, 123, 2055941)     32.583          0               0               1          1
          (7741, 127, 2055941)     28.333          0               0               0          1
          (7993, 123, 2055941)     28.333          0               0               1          1
          (6007, 127, 2055941)     28.333          0               0               1          1
          (6007, 127, 2055941)     28.417          0               0               1          1
          (8173, 255, 2055941)     28.333          0               0               1          1
          (8173, 251, 2055941)     28.333          0               0               1          1
          (7145, 253, 2055941)     28.333          0               0               1          1
           (8145, 63, 2055941)     28.333          0               0               1          1
          (7367, 123, 2055941)     28.333          0               0               1          1
          (7289, 123, 2055941)     28.333          0               0               1          1
          (7035, 255, 2055941)     28.333          0               0               1          1
          (7417, 219, 2055941)     28.333          0               0               1          1
          (3561, 123, 2055941)     28.333          0               0               0          1
          (7999, 111, 2055941)     28.333          0               0               0          1
          (8027, 255, 2055941)     28.333          0               0               1          1
          (8057, 123, 2055941)     28.333          0               0               1          1
          (8057, 123, 2055941)       34.5          0               0               0          1
          (8057, 123, 2055941)     36.583          0               0               1          1
          (6253, 121, 2055941)     28.333          0               0               1          1
          (8031, 107, 2055941)     28.333          0               0               0          1
          (4347, 107, 2055941)     28.333          0               0               1          1
          (8057, 127, 2055941)     28.417          0               0               1          1
          (8057, 127, 2055941)     30.333          0               0               1          1
          (6771, 255, 2055941)     28.417          0               0               1          1
          (3967, 251, 2055941)     28.417          0               0               0          1
          (5971, 127, 2055941)     28.417          0               0               1          1
          (8145, 235, 2055941)     28.417          0               0               1          1
          (8145, 235, 2055941)     30.583          0               0               1          1
          (6099, 123, 2055941)     28.417          0               0               1          1
          (7867, 127, 2055941)     28.417          0               0               1          1
          (7867, 127, 2055941)      30.25          0               0               1          1
          (7933, 239, 2055941)     28.417          0               0               1          1
          (7517, 127, 2055941)     28.417          0               0               1          1
          (7517, 127, 2055941)     40.667          0               0               1          1
          (7517, 127, 2055941)      40.75          0               0               1          1
          (8175, 123, 2055941)     28.417          0               0               1          1
          (8175, 123, 2055941)     30.417          0               0               1          1
          (5885, 239, 2055941)     28.417          0               0               1          1
          (7911, 123, 2055941)     28.417          0               0               1          1
          (7661, 251, 2055941)     28.417          0               0               1          1
          (7897, 251, 2055941)     28.417          0               0               1          1
           (8155, 95, 2055941)     28.417          0               0               1          1
          (6631, 123, 2055941)     28.417          0               0               1          1
          (6011, 123, 2055941)     28.417          0               0               1          1
          (7421, 111, 2055941)     28.417          0               0               1          1
          (5335, 127, 2055941)     28.417          0               0               1          1
          (7493, 107, 2055941)     28.417          0               0               1          1
          (8189, 239, 2055941)       28.5          0               0               1          1
          (8121, 249, 2055941)       28.5          0               0               1          1
          (8187, 123, 2055941)       28.5          0               0               1          1
          (8187, 123, 2055941)     30.417          0               0               1          1
          (8187, 123, 2055941)     32.417          0               0               1          1
          (8187, 123, 2055941)     32.583          0               0               1          1
          (8061, 127, 2055941)       28.5          0               0               1          1
          (8061, 127, 2055941)     32.417          0               0               1          1
          (8061, 127, 2055941)     34.417          0               0               1          1
          (8061, 127, 2055941)       34.5          0               0               1          1
          (8061, 127, 2055941)     36.417          0               0               1          1
          (7513, 247, 2055941)       28.5          0               0               1          1
          (8017, 127, 2055941)       28.5          0               0               1          1
          (8017, 127, 2055941)     30.417          0               0               1          1
          (6643, 123, 2055941)       28.5          0               0               1          1
          (8153, 159, 2055941)       28.5          0               0               1          1
          (6879, 123, 2055941)       28.5          0               0               1          1
          (8151, 125, 2055941)       28.5          0               0               1          1
          (7769, 255, 2055941)     28.583          0               0               1          1
          (8039, 255, 2055941)     28.583          0               0               1          1
          (6399, 115, 2055941)     28.583          0               0               1          1
          (7437, 123, 2055941)     28.583          0               0               1          1
          (8169, 107, 2055941)     28.583          0               0               1          1
          (8049, 235, 2055941)     28.583          0               0               1          1
          (8177, 123, 2055941)     28.667          0               0               1          1
          (6507, 127, 2055941)     28.667          0               0               1          1
          (7801, 123, 2055941)     28.667          0               0               1          1
          (8025, 251, 2055941)     28.667          0               0               1          1
          (8025, 251, 2055941)     38.583          0               0               1          1
          (5867, 115, 2055941)     28.667          0               0               1          1
          (7665, 243, 2055941)      28.75          0               0               1          1
          (7987, 107, 2055941)      28.75          0               0               1          1
          (7771, 123, 2055941)     30.083          0               0               1          1
          (5111, 127, 2055941)     30.083          0               0               1          1
          (5111, 127, 2055941)       30.5          0               0               0          1
          (5101, 127, 2055941)     30.167          0               0               1          1
          (8049, 123, 2055941)     30.167          0               0               1          1
          (8119, 123, 2055941)     30.167          0               0               1          1
          (5975, 127, 2055941)     30.167          0               0               1          1
          (8143, 127, 2055941)     30.167          0               0               1          1
          (7583, 127, 2055941)     30.167          0               0               1          1
          (7747, 127, 2055941)     30.167          0               0               0          1
          (8179, 123, 2055941)     30.167          0               0               1          1
          (7135, 123, 2055941)     30.167          0               0               1          1
          (7135, 123, 2055941)     30.417          0               0               1          1
          (7769, 239, 2055941)      30.25          0               0               1          1
          (6101, 123, 2055941)      30.25          0               0               1          1
          (7605, 127, 2055941)      30.25          0               0               1          1
          (7385, 105, 2055941)      30.25          0               0               1          1
          (7677, 121, 2055941)      30.25          0               0               1          1
          (8047, 125, 2055941)      30.25          0               0               1          1
          (8095, 123, 2055941)      30.25          0               0               1          1
          (6867, 187, 2055941)      30.25          0               0               1          1
          (8151, 123, 2055941)      30.25          0               0               1          1
          (8151, 123, 2055941)     36.417          0               0               1          1
          (7927, 115, 2055941)      30.25          0               0               1          1
           (3051, 59, 2055941)      30.25          0               0               1          1
           (7431, 95, 2055941)      30.25          0               0               1          1
          (7539, 105, 2055941)      30.25          0               0               1          1
          (5565, 255, 2055941)     30.333          0               0               1          1
          (5065, 255, 2055941)     30.333          0               0               1          1
          (5065, 255, 2055941)       30.5          0               0               1          1
          (8055, 251, 2055941)     30.333          0               0               1          1
           (8147, 59, 2055941)     30.333          0               0               1          1
          (6653, 127, 2055941)     30.333          0               0               1          1
          (8025, 123, 2055941)     30.333          0               0               1          1
          (8175, 127, 2055941)     30.333          0               0               1          1
          (8175, 127, 2055941)     34.583          0               0               1          1
          (7673, 121, 2055941)     30.333          0               0               1          1
          (4091, 255, 2055941)     30.333          0               0               0          1
          (5493, 123, 2055941)     30.333          0               0               1          1
          (5493, 123, 2055941)      34.25          0               0               0          1
           (7919, 95, 2055941)     30.333          0               0               0          1
          (7157, 123, 2055941)     30.333          0               0               1          1
          (7523, 123, 2055941)     30.333          0               0               1          1
          (7861, 255, 2055941)     30.417          0               0               1          1
          (6773, 255, 2055941)     30.417          0               0               1          1
          (7027, 251, 2055941)     30.417          0               0               1          1
          (8183, 107, 2055941)     30.417          0               0               1          1
          (3563, 255, 2055941)     30.417          0               0               0          1
          (7551, 255, 2055941)     30.417          0               0               1          1
          (8043, 127, 2055941)     30.417          0               0               1          1
          (8043, 127, 2055941)       30.5          0               0               1          1
          (7541, 111, 2055941)     30.417          0               0               1          1
          (7627, 111, 2055941)     30.417          0               0               1          1
          (8155, 251, 2055941)     30.417          0               0               1          1
           (7663, 95, 2055941)     30.417          0               0               1          1
          (5885, 125, 2055941)     30.417          0               0               1          1
          (7271, 123, 2055941)     30.417          0               0               1          1
          (8157, 127, 2055941)     30.417          0               0               1          1
          (8157, 127, 2055941)     34.583          0               0               1          1
          (7295, 123, 2055941)     30.417          0               0               1          1
          (6105, 243, 2055941)     30.417          0               0               1          1
          (8153, 121, 2055941)     30.417          0               0               1          1
           (6099, 63, 2055941)     30.417          0               0               1          1
          (7665, 123, 2055941)     30.417          0               0               1          1
           (7643, 95, 2055941)     30.417          0               0               1          1
          (8003, 217, 2055941)     30.417          0               0               1          1
          (5495, 235, 2055941)     30.417          0               0               1          1
          (7821, 123, 2055941)     30.417          0               0               1          1
          (5625, 251, 2055941)       30.5          0               0               1          1
          (7417, 255, 2055941)       30.5          0               0               1          1
          (8153, 123, 2055941)       30.5          0               0               1          1
          (7275, 123, 2055941)       30.5          0               0               1          1
          (5821, 255, 2055941)       30.5          0               0               1          1
          (7917, 127, 2055941)       30.5          0               0               1          1
          (8153, 251, 2055941)       30.5          0               0               1          1
          (6493, 205, 2055941)       30.5          0               0               1          1
          (7163, 255, 2055941)       30.5          0               0               0          1
          (7163, 255, 2055941)       32.5          0               0               1          1
          (8023, 255, 2055941)       30.5          0               0               1          1
          (8023, 255, 2055941)       34.5          0               0               1          1
          (8187, 187, 2055941)       30.5          0               0               0          1
          (7535, 123, 2055941)       30.5          0               0               1          1
          (5581, 111, 2055941)       30.5          0               0               1          1
           (7899, 95, 2055941)       30.5          0               0               0          1
          (7725, 251, 2055941)       30.5          0               0               0          1
          (7417, 251, 2055941)       30.5          0               0               1          1
          (5571, 255, 2055941)       30.5          0               0               0          1
          (7659, 123, 2055941)       30.5          0               0               1          1
          (4095, 127, 2055941)     30.583          0               0               1          1
          (7149, 255, 2055941)     30.583          0               0               1          1
          (5979, 127, 2055941)     30.583          0               0               1          1
          (8187, 111, 2055941)     30.583          0               0               1          1
          (8187, 111, 2055941)     32.417          0               0               1          1
          (8187, 111, 2055941)       32.5          0               0               1          1
          (8159, 123, 2055941)     30.583          0               0               1          1
          (7411, 123, 2055941)     30.583          0               0               1          1
          (6645, 125, 2055941)     30.667          0               0               1          1
          (5981, 255, 2055941)     30.667          0               0               0          1
          (8031, 255, 2055941)     30.667          0               0               1          1
          (8151, 255, 2055941)     30.667          0               0               1          1
          (5503, 239, 2055941)     30.667          0               0               1          1
          (7915, 121, 2055941)     30.667          0               0               1          1
          (7679, 255, 2055941)      30.75          0               0               1          1
          (6143, 127, 2055941)      30.75          0               0               1          1
          (6143, 127, 2055941)      36.25          0               0               1          1
          (7801, 251, 2055941)     30.833          0               0               1          1
          (5081, 123, 2055941)     32.083          0               0               1          1
          (5879, 127, 2055941)     32.083          0               0               1          1
          (5951, 127, 2055941)     32.167          0               0               1          1
          (7931, 123, 2055941)     32.167          0               0               1          1
          (7533, 125, 2055941)     32.167          0               0               1          1
          (5749, 255, 2055941)      32.25          0               0               1          1
          (7665, 121, 2055941)      32.25          0               0               1          1
          (5949, 127, 2055941)      32.25          0               0               1          1
          (8109, 255, 2055941)      32.25          0               0               1          1
          (7537, 235, 2055941)      32.25          0               0               1          1
          (5971, 123, 2055941)      32.25          0               0               0          1
          (8021, 125, 2055941)      32.25          0               0               1          1
          (8107, 239, 2055941)      32.25          0               0               1          1
          (8155, 123, 2055941)      32.25          0               0               1          1
          (7781, 111, 2055941)      32.25          0               0               1          1
          (5111, 107, 2055941)      32.25          0               0               0          1
           (4355, 35, 2055941)      32.25          0               0               0          1
          (7797, 251, 2055941)     32.333          0               0               1          1
          (8181, 123, 2055941)     32.333          0               0               1          1
          (7675, 239, 2055941)     32.333          0               0               1          1
          (7161, 123, 2055941)     32.333          0               0               1          1
          (8027, 127, 2055941)     32.333          0               0               1          1
          (7163, 127, 2055941)     32.333          0               0               0          1
          (5595, 223, 2055941)     32.333          0               0               1          1
          (7147, 251, 2055941)     32.333          0               0               1          1
          (6639, 125, 2055941)     32.333          0               0               1          1
          (7663, 251, 2055941)     32.333          0               0               1          1
          (4979, 123, 2055941)     32.333          0               0               1          1
          (7621, 119, 2055941)     32.333          0               0               1          1
          (6049, 251, 2055941)     32.333          0               0               1          1
          (5117, 235, 2055941)     32.333          0               0               1          1
          (7153, 187, 2055941)     32.333          0               0               0          1
          (8177, 127, 2055941)     32.333          0               0               1          1
          (8177, 127, 2055941)     38.917          0               0               1          1
          (6389, 127, 2055941)     32.333          0               0               1          1
          (5363, 127, 2055941)     32.333          0               0               1          1
          (7385, 251, 2055941)     32.333          0               0               1          1
          (7385, 251, 2055941)       34.5          0               0               0          1
          (7109, 121, 2055941)     32.333          0               0               1          1
           (6865, 91, 2055941)     32.333          0               0               1          1
           (4933, 73, 2055941)     32.333          0               0               0          1
          (7921, 255, 2055941)     32.417          0               0               1          1
          (7921, 255, 2055941)      36.75          0               0               1          1
          (6111, 127, 2055941)     32.417          0               0               1          1
          (6111, 127, 2055941)     40.667          0               0               1          1
          (3807, 123, 2055941)     32.417          0               0               0          1
          (5973, 235, 2055941)     32.417          0               0               1          1
          (6779, 127, 2055941)     32.417          0               0               1          1
          (6645, 251, 2055941)     32.417          0               0               0          1
          (8047, 123, 2055941)     32.417          0               0               1          1
          (5105, 243, 2055941)     32.417          0               0               1          1
          (8061, 111, 2055941)     32.417          0               0               1          1
          (7395, 111, 2055941)     32.417          0               0               1          1
          (8135, 107, 2055941)     32.417          0               0               1          1
           (7907, 87, 2055941)     32.417          0               0               1          1
          (7497, 203, 2055941)     32.417          0               0               1          1
           (5085, 95, 2055941)     32.417          0               0               1          1
           (7095, 63, 2055941)     32.417          0               0               1          1
          (4723, 119, 2055941)     32.417          0               0               0          1
          (7421, 125, 2055941)       32.5          0               0               1          1
          (6261, 251, 2055941)       32.5          0               0               1          1
          (8147, 123, 2055941)       32.5          0               0               1          1
          (8157, 255, 2055941)       32.5          0               0               1          1
          (5469, 255, 2055941)       32.5          0               0               1          1
          (7773, 127, 2055941)       32.5          0               0               1          1
           (6651, 59, 2055941)       32.5          0               0               1          1
          (6035, 123, 2055941)       32.5          0               0               0          1
          (6139, 109, 2055941)       32.5          0               0               1          1
          (7141, 123, 2055941)       32.5          0               0               1          1
           (8139, 57, 2055941)       32.5          0               0               1          1
          (8065, 105, 2055941)       32.5          0               0               1          1
          (7541, 125, 2055941)     32.583          0               0               1          1
          (7409, 255, 2055941)     32.583          0               0               1          1
          (8187, 239, 2055941)     32.583          0               0               1          1
          (8191, 239, 2055941)     32.583          0               0               1          1
          (5587, 251, 2055941)     32.583          0               0               1          1
          (6521, 219, 2055941)     32.583          0               0               1          1
          (7645, 105, 2055941)     32.583          0               0               1          1
          (7119, 239, 2055941)     32.583          0               0               1          1
          (7421, 239, 2055941)     32.583          0               0               1          1
          (7931, 125, 2055941)     32.583          0               0               1          1
          (8155, 115, 2055941)     32.583          0               0               1          1
          (6077, 255, 2055941)     32.667          0               0               1          1
          (8167, 251, 2055941)     32.667          0               0               1          1
          (8191, 107, 2055941)      32.75          0               0               1          1
          (7157, 251, 2055941)     32.833          0               0               1          1
          (7889, 219, 2055941)     32.833          0               0               1          1
          (3547, 127, 2055941)     34.083          0               0               0          1
          (5579, 127, 2055941)     34.167          0               0               1          1
          (7641, 123, 2055941)     34.167          0               0               1          1
          (6137, 127, 2055941)      34.25          0               0               1          1
          (2535, 127, 2055941)      34.25          0               0               0          1
          (4705, 243, 2055941)      34.25          0               0               1          1
          (7391, 127, 2055941)      34.25          0               0               1          1
          (5623, 127, 2055941)      34.25          0               0               1          1
          (6899, 121, 2055941)      34.25          0               0               1          1
           (2787, 91, 2055941)      34.25          0               0               0          1
          (6653, 255, 2055941)     34.333          0               0               1          1
          (8021, 127, 2055941)     34.333          0               0               1          1
          (8092, 123, 2055941)     34.333          0               0               1          1
          (8053, 251, 2055941)     34.333          0               0               1          1
          (6899, 127, 2055941)     34.333          0               0               1          1
          (8119, 239, 2055941)     34.333          0               0               1          1
          (6965, 127, 2055941)     34.333          0               0               1          1
          (8025, 115, 2055941)     34.333          0               0               0          1
          (4047, 107, 2055941)     34.333          0               0               0          1
          (6357, 121, 2055941)     34.333          0               0               1          1
           (7667, 75, 2055941)     34.333          0               0               1          1
          (6389, 115, 2055941)     34.333          0               0               1          1
           (7529, 59, 2055941)     34.333          0               0               1          1
          (8157, 123, 2055941)     34.417          0               0               1          1
          (5081, 255, 2055941)     34.417          0               0               1          1
          (4553, 123, 2055941)     34.417          0               0               0          1
          (4985, 247, 2055941)     34.417          0               0               1          1
          (7125, 253, 2055941)     34.417          0               0               1          1
          (8021, 123, 2055941)     34.417          0               0               1          1
          (7101, 121, 2055941)     34.417          0               0               1          1
          (7637, 121, 2055941)     34.417          0               0               1          1
          (5481, 255, 2055941)     34.417          0               0               1          1
          (7887, 239, 2055941)     34.417          0               0               1          1
          (8015, 251, 2055941)     34.417          0               0               1          1
          (7803, 239, 2055941)     34.417          0               0               1          1
          (6101, 237, 2055941)     34.417          0               0               1          1
          (5625, 253, 2055941)     34.417          0               0               1          1
          (7893, 127, 2055941)     34.417          0               0               0          1
          (8079, 251, 2055941)     34.417          0               0               1          1
          (7527, 123, 2055941)       34.5          0               0               1          1
          (7523, 111, 2055941)       34.5          0               0               1          1
          (8185, 127, 2055941)       34.5          0               0               1          1
          (6615, 127, 2055941)       34.5          0               0               1          1
          (5455, 251, 2055941)       34.5          0               0               0          1
          (7551, 243, 2055941)       34.5          0               0               1          1
          (7133, 113, 2055941)       34.5          0               0               1          1
           (7073, 93, 2055941)       34.5          0               0               1          1
          (5083, 255, 2055941)     34.583          0               0               1          1
          (7785, 255, 2055941)     34.583          0               0               1          1
          (6655, 127, 2055941)     34.583          0               0               1          1
          (7611, 127, 2055941)     34.583          0               0               1          1
          (7859, 127, 2055941)     34.583          0               0               1          1
          (7927, 111, 2055941)     34.583          0               0               1          1
          (6091, 127, 2055941)     34.583          0               0               1          1
          (6535, 123, 2055941)     34.583          0               0               1          1
           (6765, 89, 2055941)     34.583          0               0               1          1
          (7019, 123, 2055941)     34.667          0               0               1          1
          (4991, 115, 2055941)     34.667          0               0               1          1
          (7507, 191, 2055941)     34.667          0               0               1          1
           (7799, 99, 2055941)     34.667          0               0               0          1
          (8173, 127, 2055941)     34.667          0               0               1          1
          (6651, 111, 2055941)      34.75          0               0               1          1
          (5455, 123, 2055941)      34.75          0               0               1          1
          (7891, 191, 2055941)     34.833          0               0               1          1
          (8027, 223, 2055941)     34.833          0               0               1          1
          (6135, 255, 2055941)     34.917          0               0               1          1
          (7323, 127, 2055941)     36.167          0               0               1          1
          (7669, 121, 2055941)      36.25          0               0               1          1
          (7793, 255, 2055941)      36.25          0               0               1          1
          (7069, 253, 2055941)      36.25          0               0               0          1
          (7545, 123, 2055941)      36.25          0               0               1          1
          (7545, 123, 2055941)      42.25          0               0               1          1
          (7661, 127, 2055941)      36.25          0               0               1          1
          (5415, 123, 2055941)      36.25          0               0               1          1
           (7249, 73, 2055941)      36.25          0               0               1          1
          (7651, 121, 2055941)     36.333          0               0               1          1
          (6011, 175, 2055941)     36.333          0               0               1          1
          (8131, 123, 2055941)     36.333          0               0               1          1
          (8131, 123, 2055941)     36.583          0               0               1          1
          (7737, 251, 2055941)     36.333          0               0               1          1
          (3673, 127, 2055941)     36.333          0               0               0          1
          (5991, 127, 2055941)     36.417          0               0               1          1
          (6009, 127, 2055941)     36.417          0               0               0          1
          (7891, 125, 2055941)     36.417          0               0               1          1
          (7793, 123, 2055941)     36.417          0               0               1          1
          (7137, 109, 2055941)     36.417          0               0               1          1
          (4705, 121, 2055941)     36.417          0               0               1          1
           (7093, 91, 2055941)     36.417          0               0               1          1
          (7633, 255, 2055941)       36.5          0               0               1          1
          (7651, 127, 2055941)       36.5          0               0               1          1
          (8117, 127, 2055941)       36.5          0               0               1          1
          (5883, 251, 2055941)       36.5          0               0               1          1
          (5757, 251, 2055941)       36.5          0               0               1          1
          (6867, 127, 2055941)       36.5          0               0               1          1
          (6783, 123, 2055941)       36.5          0               0               1          1
          (5587, 123, 2055941)       36.5          0               0               0          1
          (5967, 251, 2055941)       36.5          0               0               1          1
          (8039, 251, 2055941)       36.5          0               0               0          1
          (6111, 119, 2055941)       36.5          0               0               1          1
          (7643, 107, 2055941)       36.5          0               0               1          1
          (8027, 239, 2055941)       36.5          0               0               1          1
          (5239, 219, 2055941)       36.5          0               0               0          1
           (7319, 43, 2055941)       36.5          0               0               1          1
          (7677, 223, 2055941)     36.583          0               0               1          1
          (7613, 127, 2055941)     36.583          0               0               0          1
          (7913, 253, 2055941)     36.583          0               0               1          1
          (8019, 119, 2055941)     36.583          0               0               1          1
          (7155, 111, 2055941)     36.583          0               0               1          1
           (7443, 55, 2055941)     36.583          0               0               1          1
          (7999, 123, 2055941)     36.583          0               0               1          1
          (7901, 255, 2055941)     36.667          0               0               1          1
          (7673, 251, 2055941)     36.667          0               0               1          1
          (7159, 105, 2055941)     36.667          0               0               1          1
          (7233, 219, 2055941)     36.667          0               0               1          1
          (3917, 251, 2055941)      36.75          0               0               0          1
           (5625, 91, 2055941)      36.75          0               0               1          1
          (6111, 255, 2055941)       37.0          0               0               1          1
          (3959, 119, 2055941)     38.167          0               0               0          1
          (5617, 123, 2055941)      38.25          0               0               1          1
          (7665, 107, 2055941)      38.25          0               0               0          1
          (6113, 233, 2055941)      38.25          0               0               1          1
          (3711, 123, 2055941)     38.333          0               0               0          1
          (7899, 251, 2055941)     38.333          0               0               1          1
          (7281, 127, 2055941)     38.333          0               0               1          1
          (7769, 123, 2055941)     38.333          0               0               1          1
          (4983, 123, 2055941)     38.333          0               0               1          1
          (5793, 115, 2055941)     38.333          0               0               0          1
          (6353, 221, 2055941)     38.417          0               0               1          1
          (8133, 251, 2055941)     38.417          0               0               1          1
          (5361, 239, 2055941)       38.5          0               0               1          1
          (7795, 127, 2055941)       38.5          0               0               0          1
          (8177, 119, 2055941)       38.5          0               0               1          1
          (8159, 251, 2055941)       38.5          0               0               0          1
          (8189, 251, 2055941)       38.5          0               0               1          1
          (7473, 219, 2055941)       38.5          0               0               1          1
          (6471, 251, 2055941)       38.5          0               0               0          1
          (6905, 239, 2055941)       38.5          0               0               1          1
          (8033, 115, 2055941)       38.5          0               0               0          1
           (5363, 59, 2055941)       38.5          0               0               1          1
          (6115, 243, 2055941)       38.5          0               0               0          1
          (7133, 107, 2055941)       38.5          0               0               1          1
           (4633, 59, 2055941)       38.5          0               0               0          1
          (8149, 255, 2055941)     38.583          0               0               1          1
          (7645, 121, 2055941)     38.583          0               0               1          1
          (8053, 249, 2055941)     38.583          0               0               1          1
          (7643, 123, 2055941)     38.583          0               0               1          1
          (7631, 123, 2055941)     38.583          0               0               1          1
          (4569, 249, 2055941)     38.583          0               0               1          1
          (6621, 127, 2055941)     38.583          0               0               1          1
           (8149, 59, 2055941)     38.583          0               0               1          1
          (5617, 251, 2055941)     38.583          0               0               1          1
           (6745, 91, 2055941)     38.583          0               0               1          1
          (5621, 253, 2055941)     38.667          0               0               0          1
          (7375, 127, 2055941)     38.667          0               0               1          1
          (7921, 251, 2055941)     38.667          0               0               1          1
          (5981, 191, 2055941)     38.667          0               0               1          1
          (6493, 127, 2055941)     38.667          0               0               1          1
          (5343, 239, 2055941)     38.667          0               0               1          1
          (5701, 249, 2055941)     38.667          0               0               1          1
          (8061, 251, 2055941)      38.75          0               0               1          1
          (3541, 251, 2055941)      38.75          0               0               0          1
          (7001, 235, 2055941)      38.75          0               0               1          1
          (7519, 255, 2055941)      38.75          0               0               1          1
          (5099, 235, 2055941)      38.75          0               0               1          1
          (4473, 121, 2055941)      38.75          0               0               0          1
          (6651, 247, 2055941)      38.75          0               0               1          1
           (8147, 95, 2055941)     38.833          0               0               1          1
          (5499, 251, 2055941)     38.833          0               0               1          1
          (8143, 251, 2055941)     38.833          0               0               0          1
          (8143, 251, 2055941)      42.75          0               0               0          1
          (5621, 255, 2055941)     38.833          0               0               1          1
          (7549, 191, 2055941)     38.917          0               0               1          1
          (8021, 251, 2055941)     38.917          0               0               1          1
          (8043, 107, 2055941)     40.083          0               0               1          1
          (5989, 251, 2055941)     40.167          0               0               1          1
          (4565, 123, 2055941)     40.333          0               0               1          1
          (2935, 127, 2055941)     40.333          0               0               0          1
          (4183, 123, 2055941)     40.333          0               0               1          1
           (5187, 11, 2055941)     40.333          0               0               0          1
          (6761, 115, 2055941)     40.417          0               0               1          1
          (5083, 127, 2055941)     40.417          0               0               1          1
           (6259, 81, 2055941)     40.417          0               0               1          1
          (7073, 235, 2055941)     40.417          0               0               1          1
          (7649, 233, 2055941)     40.417          0               0               1          1
          (3567, 123, 2055941)       40.5          0               0               1          1
          (7753, 243, 2055941)       40.5          0               0               1          1
          (7129, 123, 2055941)       40.5          0               0               0          1
          (7513, 241, 2055941)     40.583          0               0               0          1
          (8165, 243, 2055941)     40.583          0               0               1          1
          (5501, 125, 2055941)     40.583          0               0               1          1
          (6143, 109, 2055941)     40.583          0               0               1          1
          (5453, 127, 2055941)     40.583          0               0               1          1
          (5865, 123, 2055941)     40.583          0               0               1          1
          (6147, 123, 2055941)     40.583          0               0               1          1
          (7041, 187, 2055941)     40.583          0               0               1          1
          (5623, 123, 2055941)     40.667          0               0               1          1
          (5483, 251, 2055941)     40.667          0               0               1          1
          (7875, 163, 2055941)     40.667          0               0               1          1
          (7893, 249, 2055941)     40.833          0               0               1          1
          (7873, 223, 2055941)     40.833          0               0               1          1
          (7359, 107, 2055941)     42.333          0               0               0          1
           (4205, 91, 2055941)     42.333          0               0               0          1
          (5463, 249, 2055941)     42.417          0               0               1          1
          (6403, 127, 2055941)       42.5          0               0               1          1
          (6047, 123, 2055941)       42.5          0               0               1          1
          (7893, 247, 2055941)       42.5          0               0               1          1
          (5091, 123, 2055941)       42.5          0               0               1          1
           (5535, 91, 2055941)       42.5          0               0               0          1
          (7579, 127, 2055941)     42.583          0               0               1          1
          (7505, 249, 2055941)     42.583          0               0               1          1
          (6609, 249, 2055941)     42.583          0               0               1          1
           (8003, 73, 2055941)     42.583          0               0               1          1
           (8163, 75, 2055941)     42.583          0               0               1          1
          (7673, 255, 2055941)     42.667          0               0               1          1
          (6129, 175, 2055941)     42.667          0               0               0          1
          (4305, 251, 2055941)     42.667          0               0               1          1
           (6403, 95, 2055941)     42.667          0               0               1          1
          (8095, 255, 2055941)     42.667          0               0               0          1
          (5955, 127, 2055941)     42.667          0               0               1          1
          (7541, 253, 2055941)      42.75          0               0               1          1
          (4055, 251, 2055941)      42.75          0               0               0          1
          (7375, 235, 2055941)     42.833          0               0               0          1
          (6489, 251, 2055941)     42.917          0               0               0          1
          (8035, 211, 2055941)     42.917          0               0               1          1
          (5953, 123, 2055941)       43.0          0               0               1          1
          (7629, 127, 2055941)     44.333          0               0               0          1
          (6461, 127, 2055941)     44.333          0               0               1          1
          (4351, 107, 2055941)     44.417          0               0               0          1
          (2929, 253, 2055941)       44.5          0               0               0          1
          (5585, 249, 2055941)       44.5          0               0               1          1
          (6711, 123, 2055941)       44.5          0               0               1          1
          (6209, 107, 2055941)       44.5          0               0               0          1
          (7013, 239, 2055941)     44.583          0               0               1          1
          (7137, 175, 2055941)     44.583          0               0               0          1
          (7897, 105, 2055941)     44.667          0               0               0          1
          (7773, 123, 2055941)      44.75          0               0               1          1
          (8129, 251, 2055941)     44.833          0               0               1          1
          (7647, 255, 2055941)     44.917          0               0               1          1
          (4531, 123, 2055941)     46.417          0               0               1          1
          (4555, 121, 2055941)     46.417          0               0               1          1
          (8153, 187, 2055941)       46.5          0               0               1          1
          (4947, 251, 2055941)     46.583          0               0               0          1
          (7663, 111, 2055941)     46.583          0               0               0          1
          (8177, 255, 2055941)     47.083          0               0               1          1
          (6367, 255, 2055941)     48.833          0               0               1          1
           (8179, 91, 2055941)     50.583          0               0               1          1
