inputs: 2055941/1000 samples
                      [output]   [energy]  [A*B=out] [truth of cfas] [truth of chains]      [num]
          (8191, 123, 2055941)     12.167          0               0               1          1
          (8191, 123, 2055941)     26.167          0               0               1          1
          (7931, 127, 2055941)     12.167          0               0               1          1
          (7931, 127, 2055941)     18.083          0               0               1          1
          (7931, 127, 2055941)      20.25          0               0               1          2
          (7931, 127, 2055941)     20.333          0               0               1          1
          (7931, 127, 2055941)     28.417          0               0               1          1
          (7011, 247, 2055941)     12.167          0               0               1          1
          (7935, 251, 2055941)      12.25          0               0               1          1
          (7935, 251, 2055941)     30.333          0               0               1          1
          (7805, 127, 2055941)     12.333          0               0               1          1
          (4983, 127, 2055941)     12.333          0               0               1          1
          (8059, 255, 2055941)     14.083          0               0               1          1
          (8059, 255, 2055941)      18.25          0               0               1          1
          (8059, 255, 2055941)     38.583          0               0               0          1
          (8059, 127, 2055941)     14.167          0               0               1          1
          (8059, 127, 2055941)     38.417          0               0               1          1
          (7919, 127, 2055941)     14.167          0               0               1          1
          (7919, 127, 2055941)     28.417          0               0               1          1
          (7901, 127, 2055941)     14.333          0               0               1          1
          (8055, 251, 2055941)     16.083          0               0               1          1
          (8191, 115, 2055941)     16.083          0               0               1          1
          (8191, 115, 2055941)       24.5          0               0               1          1
          (7127, 127, 2055941)     16.083          0               0               1          1
          (7639, 127, 2055941)     16.083          0               0               1          1
          (7639, 127, 2055941)     32.417          0               0               1          1
          (7531, 247, 2055941)     16.083          0               0               1          1
          (8183, 127, 2055941)     16.167          0               0               1          1
          (6143, 123, 2055941)     16.167          0               0               1          1
          (6143, 123, 2055941)     28.667          0               0               1          1
          (8061, 255, 2055941)     16.167          0               0               1          1
          (8061, 255, 2055941)     34.333          0               0               1          1
          (5883, 127, 2055941)     16.167          0               0               1          1
          (5883, 127, 2055941)     18.333          0               0               1          1
          (7995, 127, 2055941)     16.167          0               0               1          1
          (7995, 127, 2055941)       26.5          0               0               1          1
          (7279, 251, 2055941)     16.167          0               0               1          1
          (7673, 251, 2055941)     16.167          0               0               1          1
          (7673, 251, 2055941)     34.417          0               0               1          1
          (7291, 127, 2055941)     16.167          0               0               1          1
          (7675, 127, 2055941)      16.25          0               0               1          1
          (7675, 127, 2055941)     16.417          0               0               1          1
          (7675, 127, 2055941)       20.0          0               0               1          1
          (7675, 127, 2055941)     22.167          0               0               1          1
          (7675, 127, 2055941)     22.583          0               0               1          1
          (7675, 127, 2055941)       26.5          0               0               0          1
          (7675, 127, 2055941)     28.333          0               0               0          1
          (7675, 127, 2055941)     32.667          0               0               1          1
          (7899, 255, 2055941)      16.25          0               0               1          1
          (7543, 127, 2055941)      16.25          0               0               1          1
          (7543, 127, 2055941)       26.5          0               0               1          1
          (6007, 127, 2055941)      16.25          0               0               1          1
          (5759, 123, 2055941)      16.25          0               0               1          1
          (8151, 127, 2055941)     16.333          0               0               1          1
          (8151, 127, 2055941)      18.25          0               0               1          1
          (8151, 127, 2055941)     28.417          0               0               1          1
          (5499, 255, 2055941)     18.083          0               0               1          1
          (5499, 255, 2055941)     18.167          0               0               1          1
          (5297, 253, 2055941)     18.083          0               0               1          1
          (8091, 127, 2055941)     18.083          0               0               1          1
          (8091, 127, 2055941)     36.333          0               0               1          1
          (7415, 255, 2055941)     18.083          0               0               1          1
          (7415, 255, 2055941)     30.417          0               0               1          1
          (8055, 123, 2055941)     18.083          0               0               1          1
          (7991, 251, 2055941)     18.167          0               0               1          1
          (8055, 127, 2055941)     18.167          0               0               1          1
          (8055, 127, 2055941)       24.5          0               0               1          1
          (8055, 127, 2055941)     28.167          0               0               0          1
          (7999, 123, 2055941)     18.167          0               0               1          1
          (8189, 127, 2055941)      18.25          0               0               1          1
          (8189, 127, 2055941)     20.333          0               0               0          1
          (8187, 127, 2055941)      18.25          0               0               1          1
          (8187, 127, 2055941)     20.333          0               0               1          1
          (8187, 127, 2055941)     24.417          0               0               1          1
          (8187, 127, 2055941)     30.417          0               0               1          1
          (8187, 127, 2055941)      32.75          0               0               1          1
          (8187, 127, 2055941)      36.25          0               0               1          1
          (7935, 123, 2055941)      18.25          0               0               1          1
          (7935, 123, 2055941)     24.333          0               0               0          1
          (7935, 123, 2055941)       28.5          0               0               1          1
          (7935, 123, 2055941)     32.417          0               0               1          1
          (7421, 127, 2055941)     18.333          0               0               1          1
          (7511, 251, 2055941)     18.333          0               0               1          1
          (7511, 251, 2055941)     32.167          0               0               0          1
          (7511, 251, 2055941)     34.583          0               0               1          1
          (7807, 123, 2055941)     18.333          0               0               1          1
          (7807, 123, 2055941)     18.583          0               0               1          1
          (7807, 123, 2055941)       22.5          0               0               1          1
          (7807, 123, 2055941)     24.167          0               0               1          1
          (7807, 123, 2055941)       24.5          0               0               1          1
          (7807, 123, 2055941)      26.25          0               0               1          1
          (7807, 123, 2055941)     30.667          0               0               1          1
          (7807, 123, 2055941)     36.417          0               0               1          1
          (7403, 127, 2055941)     18.333          0               0               1          1
          (7403, 127, 2055941)     34.667          0               0               1          1
          (6907, 127, 2055941)     18.333          0               0               1          1
          (6907, 127, 2055941)     22.417          0               0               1          1
          (6907, 127, 2055941)     24.167          0               0               1          1
          (4863, 123, 2055941)     18.333          0               0               1          1
          (8051, 123, 2055941)     18.333          0               0               1          1
          (8051, 123, 2055941)     38.333          0               0               1          1
          (7739, 127, 2055941)     18.333          0               0               1          1
          (7739, 127, 2055941)      20.25          0               0               1          1
          (7295, 123, 2055941)     18.417          0               0               1          1
          (7295, 123, 2055941)     20.083          0               0               0          1
          (7295, 123, 2055941)     24.667          0               0               1          1
          (7295, 123, 2055941)     28.333          0               0               1          1
          (7295, 123, 2055941)       28.5          0               0               1          1
          (7387, 255, 2055941)     18.417          0               0               1          1
          (8167, 123, 2055941)     18.417          0               0               1          1
          (7423, 123, 2055941)       18.5          0               0               1          1
          (7423, 123, 2055941)      20.25          0               0               1          1
          (7423, 123, 2055941)       22.5          0               0               1          1
          (7423, 123, 2055941)     26.417          0               0               1          2
          (7967, 123, 2055941)     20.083          0               0               1          1
          (7967, 123, 2055941)      26.25          0               0               1          1
          (6031, 255, 2055941)     20.167          0               0               1          1
          (7253, 253, 2055941)     20.167          0               0               1          1
          (7663, 255, 2055941)     20.167          0               0               1          1
          (8007, 253, 2055941)     20.167          0               0               1          1
          (7631, 123, 2055941)     20.167          0               0               1          1
          (5491, 123, 2055941)     20.167          0               0               1          1
          (5491, 123, 2055941)       44.5          0               0               1          1
          (7287, 127, 2055941)     20.167          0               0               1          1
          (7287, 127, 2055941)     36.583          0               0               1          1
          (7287, 127, 2055941)     38.917          0               0               0          1
          (8189, 255, 2055941)      20.25          0               0               1          1
          (7679, 127, 2055941)      20.25          0               0               1          1
          (7679, 127, 2055941)       30.5          0               0               1          1
          (7679, 127, 2055941)       32.5          0               0               1          1
          (7677, 255, 2055941)      20.25          0               0               0          1
          (7677, 255, 2055941)     24.333          0               0               0          1
          (7677, 255, 2055941)     36.583          0               0               1          1
          (5487, 123, 2055941)      20.25          0               0               1          1
          (6263, 127, 2055941)      20.25          0               0               1          1
          (7099, 127, 2055941)      20.25          0               0               1          1
          (7099, 127, 2055941)     24.333          0               0               1          1
          (7099, 255, 2055941)     20.333          0               0               1          1
          (7891, 123, 2055941)     20.333          0               0               1          1
          (7891, 123, 2055941)      32.25          0               0               1          1
          (7871, 123, 2055941)     20.333          0               0               1          1
          (7871, 123, 2055941)     28.333          0               0               1          1
          (7871, 123, 2055941)     30.167          0               0               1          1
          (7803, 239, 2055941)     20.333          0               0               1          1
          (7371, 127, 2055941)     20.333          0               0               1          1
          (7551, 123, 2055941)     20.333          0               0               1          1
          (7551, 123, 2055941)     32.417          0               0               0          1
           (5087, 91, 2055941)     20.333          0               0               1          1
           (7543, 91, 2055941)     20.333          0               0               1          1
          (8093, 113, 2055941)     20.333          0               0               1          1
          (5887, 127, 2055941)     20.417          0               0               1          1
          (8179, 251, 2055941)     20.417          0               0               1          1
          (8179, 251, 2055941)     32.333          0               0               1          1
          (8113, 241, 2055941)     20.417          0               0               1          1
          (6907, 255, 2055941)     20.417          0               0               1          1
          (7547, 121, 2055941)     20.417          0               0               1          1
          (7799, 123, 2055941)     20.417          0               0               1          1
           (7543, 99, 2055941)     20.417          0               0               1          1
          (7515, 223, 2055941)     20.417          0               0               1          1
          (7659, 255, 2055941)       20.5          0               0               1          1
          (7659, 255, 2055941)     32.583          0               0               1          1
          (7927, 115, 2055941)       20.5          0               0               1          1
          (7513, 251, 2055941)     20.583          0               0               1          1
          (7571, 127, 2055941)     22.083          0               0               0          1
          (4955, 127, 2055941)     22.083          0               0               1          1
          (7749, 223, 2055941)     22.083          0               0               1          1
          (7399, 207, 2055941)     22.083          0               0               1          1
          (8183, 255, 2055941)     22.167          0               0               1          1
          (8043, 255, 2055941)     22.167          0               0               1          1
          (7163, 127, 2055941)     22.167          0               0               1          1
          (7799, 255, 2055941)     22.167          0               0               1          1
          (7799, 255, 2055941)       36.5          0               0               1          1
          (7223, 127, 2055941)     22.167          0               0               1          1
          (7223, 127, 2055941)     26.167          0               0               1          1
          (7731, 251, 2055941)     22.167          0               0               1          1
          (7803, 127, 2055941)     22.167          0               0               1          1
          (6107, 127, 2055941)     22.167          0               0               1          1
          (7927, 127, 2055941)     22.167          0               0               1          1
          (7927, 127, 2055941)     28.417          0               0               1          1
          (7927, 127, 2055941)     30.333          0               0               1          1
          (5459, 251, 2055941)     22.167          0               0               1          1
          (7239, 115, 2055941)     22.167          0               0               1          1
          (7239, 115, 2055941)     40.167          0               0               0          1
          (8153, 251, 2055941)      22.25          0               0               1          1
          (6139, 127, 2055941)      22.25          0               0               1          1
          (6139, 127, 2055941)     26.583          0               0               1          1
          (6139, 127, 2055941)       34.5          0               0               1          1
          (7511, 243, 2055941)      22.25          0               0               1          1
          (7323, 107, 2055941)      22.25          0               0               1          1
          (7391, 107, 2055941)      22.25          0               0               1          1
          (7391, 107, 2055941)     28.667          0               0               1          1
          (8185, 251, 2055941)     22.333          0               0               1          1
          (7659, 127, 2055941)     22.333          0               0               1          1
          (5627, 127, 2055941)     22.333          0               0               1          1
          (5627, 127, 2055941)     24.333          0               0               1          1
          (5627, 127, 2055941)     26.417          0               0               1          1
          (7359, 123, 2055941)     22.333          0               0               1          1
          (7679, 123, 2055941)     22.333          0               0               0          1
          (7679, 123, 2055941)       24.5          0               0               1          1
          (7679, 123, 2055941)      26.25          0               0               0          1
          (7679, 123, 2055941)     26.667          0               0               1          1
          (7667, 123, 2055941)     22.333          0               0               1          1
          (7667, 123, 2055941)     26.417          0               0               1          1
          (7667, 123, 2055941)       28.5          0               0               1          1
          (7279, 123, 2055941)     22.333          0               0               1          1
          (7279, 123, 2055941)      28.25          0               0               0          1
          (8191, 251, 2055941)     22.417          1               0               1          1
          (6523, 255, 2055941)     22.417          0               0               1          1
          (6523, 255, 2055941)       22.5          0               0               1          1
          (7547, 255, 2055941)     22.417          0               0               1          1
          (7547, 255, 2055941)     24.417          0               0               1          1
          (7547, 255, 2055941)       28.5          0               0               0          1
          (8063, 251, 2055941)     22.417          0               0               1          1
          (7161, 247, 2055941)     22.417          0               0               1          1
          (7899, 127, 2055941)     22.417          0               0               1          1
          (7899, 127, 2055941)     28.333          0               0               1          1
          (7899, 127, 2055941)      32.25          0               0               1          1
          (7677, 247, 2055941)     22.417          0               0               1          1
          (5727, 123, 2055941)     22.417          0               0               1          1
           (7935, 91, 2055941)     22.417          0               0               1          1
          (7743, 127, 2055941)     22.417          0               0               1          1
          (6227, 123, 2055941)     22.417          0               0               1          1
          (5503, 115, 2055941)     22.417          0               0               1          1
          (7911, 123, 2055941)     22.417          0               0               1          1
          (7663, 123, 2055941)     22.417          0               0               1          1
          (7663, 123, 2055941)     30.417          0               0               1          1
          (7663, 123, 2055941)     30.583          0               0               1          1
          (7663, 123, 2055941)       32.5          0               0               1          1
          (7295, 119, 2055941)       22.5          0               0               1          1
          (6011, 127, 2055941)       22.5          0               0               1          1
          (6011, 127, 2055941)     24.167          0               0               1          1
          (7403, 191, 2055941)     22.583          0               0               1          1
          (7267, 255, 2055941)     24.083          0               0               1          1
           (6009, 93, 2055941)     24.167          0               0               1          1
          (5375, 251, 2055941)     24.167          0               0               0          1
          (7159, 251, 2055941)     24.167          0               0               1          1
          (8059, 223, 2055941)     24.167          0               0               0          1
          (8059, 223, 2055941)       34.5          0               0               1          1
          (8147, 123, 2055941)     24.167          0               0               1          1
          (8147, 123, 2055941)      28.25          0               0               1          1
          (8147, 123, 2055941)     28.417          0               0               1          1
          (8147, 123, 2055941)      30.25          0               0               1          1
          (6836, 125, 2055941)     24.167          0               0               1          1
          (4985, 251, 2055941)     24.167          0               0               1          1
          (4985, 251, 2055941)     40.583          0               0               1          1
          (7417, 235, 2055941)     24.167          0               0               0          1
          (7671, 115, 2055941)     24.167          0               0               1          1
          (7671, 115, 2055941)     24.333          0               0               1          1
          (7671, 115, 2055941)     34.583          0               0               1          1
          (4349, 127, 2055941)      24.25          0               0               1          1
          (8027, 255, 2055941)      24.25          0               0               1          1
          (8177, 123, 2055941)      24.25          0               0               1          1
          (7411, 123, 2055941)      24.25          0               0               1          1
          (7411, 123, 2055941)     24.333          0               0               1          1
          (7411, 123, 2055941)       34.5          0               0               1          1
          (5629, 111, 2055941)      24.25          0               0               1          1
          (6007, 255, 2055941)      24.25          0               0               1          1
          (7539, 255, 2055941)      24.25          0               0               1          1
          (7539, 255, 2055941)       36.5          0               0               0          1
          (5883, 255, 2055941)      24.25          0               0               1          1
          (5883, 255, 2055941)     26.333          0               0               1          1
          (5883, 255, 2055941)     30.333          0               0               1          1
          (5985, 251, 2055941)      24.25          0               0               1          1
          (5831, 123, 2055941)      24.25          0               0               0          1
          (6779, 109, 2055941)      24.25          0               0               1          1
          (7275, 247, 2055941)      24.25          0               0               1          1
          (7277, 127, 2055941)      24.25          0               0               1          1
          (7349, 239, 2055941)      24.25          0               0               1          1
          (7647, 127, 2055941)      24.25          0               0               1          1
          (7647, 127, 2055941)     30.667          0               0               1          1
          (7647, 127, 2055941)     34.167          0               0               1          1
          (8171, 123, 2055941)      24.25          0               0               1          1
          (8171, 123, 2055941)     32.333          0               0               1          1
          (7543, 123, 2055941)      24.25          0               0               1          1
          (7015, 115, 2055941)      24.25          0               0               1          1
          (5863, 107, 2055941)      24.25          0               0               1          1
          (5619, 127, 2055941)     24.333          0               0               1          1
          (6133, 127, 2055941)     24.333          0               0               1          1
          (6133, 127, 2055941)       42.5          0               0               1          1
          (7673, 255, 2055941)     24.333          0               0               1          1
          (7089, 255, 2055941)     24.333          0               0               1          1
          (7931, 255, 2055941)     24.333          0               0               1          1
          (6905, 219, 2055941)     24.333          0               0               1          1
          (7915, 127, 2055941)     24.333          0               0               1          1
          (5907, 123, 2055941)     24.333          0               0               1          1
          (5223, 251, 2055941)     24.333          0               0               1          1
          (5999, 107, 2055941)     24.333          0               0               1          1
          (7209, 117, 2055941)     24.333          0               0               1          1
          (6731, 111, 2055941)     24.333          0               0               1          1
          (7229, 121, 2055941)     24.333          0               0               1          1
          (7635, 111, 2055941)     24.333          0               0               1          1
          (6235, 107, 2055941)     24.333          0               0               1          1
          (7547, 127, 2055941)     24.333          0               0               1          1
          (7547, 127, 2055941)     24.417          0               0               1          1
          (7547, 127, 2055941)     32.333          0               0               1          1
          (7547, 127, 2055941)     34.583          0               0               1          1
          (5609, 251, 2055941)     24.417          0               0               1          1
          (6239, 255, 2055941)     24.417          0               0               1          1
          (5503, 127, 2055941)     24.417          0               0               1          1
          (5503, 127, 2055941)     28.417          0               0               1          1
          (6015, 123, 2055941)     24.417          0               0               1          1
          (5499, 127, 2055941)     24.417          0               0               1          1
          (5499, 127, 2055941)       40.5          0               0               1          1
          (7291, 255, 2055941)     24.417          0               0               1          1
          (7423, 107, 2055941)     24.417          0               0               1          1
          (7255, 251, 2055941)     24.417          0               0               1          1
          (7677, 235, 2055941)     24.417          0               0               1          1
          (7415, 127, 2055941)     24.417          0               0               1          1
          (7415, 127, 2055941)     28.083          0               0               1          1
          (5875, 127, 2055941)     24.417          0               0               1          1
          (5861, 121, 2055941)     24.417          0               0               1          1
          (7111, 127, 2055941)     24.417          0               0               1          1
          (6079, 123, 2055941)       24.5          0               0               1          1
          (6079, 123, 2055941)     36.667          0               0               1          1
          (7167, 123, 2055941)       24.5          0               0               1          1
          (7167, 123, 2055941)     34.583          0               0               0          1
          (6639, 123, 2055941)       24.5          0               0               1          1
          (7541, 255, 2055941)       24.5          0               0               0          1
          (5887, 123, 2055941)       24.5          0               0               1          1
          (5887, 123, 2055941)       32.5          0               0               1          1
          (8127, 123, 2055941)       24.5          0               0               1          1
          (7923, 123, 2055941)       24.5          0               0               1          1
          (7923, 123, 2055941)     26.583          0               0               1          1
          (7923, 123, 2055941)       34.5          0               0               1          1
          (5247, 251, 2055941)       24.5          0               0               1          1
           (7287, 43, 2055941)       24.5          0               0               1          1
          (7647, 255, 2055941)     24.583          0               0               1          1
          (7665, 253, 2055941)     24.583          0               0               1          1
          (6759, 111, 2055941)     24.583          0               0               1          1
          (7679, 251, 2055941)     24.667          0               0               1          1
          (7679, 251, 2055941)     26.583          0               0               0          1
          (7679, 251, 2055941)     32.333          0               0               1          1
          (7623, 123, 2055941)     26.083          0               0               1          1
          (6651, 127, 2055941)     26.083          0               0               1          1
          (6651, 127, 2055941)      40.75          0               0               1          1
          (5607, 255, 2055941)     26.167          0               0               0          1
          (7413, 127, 2055941)     26.167          0               0               1          1
          (7995, 123, 2055941)     26.167          0               0               1          1
          (7521, 123, 2055941)     26.167          0               0               1          1
          (7759, 127, 2055941)     26.167          0               0               1          1
          (4267, 127, 2055941)     26.167          0               0               0          1
          (7663, 127, 2055941)      26.25          0               0               1          1
          (7663, 127, 2055941)     34.583          0               0               1          1
          (7647, 251, 2055941)      26.25          0               0               0          1
          (7199, 251, 2055941)      26.25          0               0               0          1
          (7671, 111, 2055941)      26.25          0               0               1          1
          (7671, 111, 2055941)     30.333          0               0               1          1
          (7877, 127, 2055941)      26.25          0               0               1          1
          (7891, 107, 2055941)      26.25          0               0               1          1
          (5371, 127, 2055941)     26.333          0               0               1          1
          (3187, 255, 2055941)     26.333          0               0               0          1
          (8179, 127, 2055941)     26.333          0               0               1          1
          (8179, 127, 2055941)       30.5          0               0               1          1
          (7671, 127, 2055941)     26.333          0               0               1          1
          (7671, 127, 2055941)     30.333          0               0               1          1
          (8061, 127, 2055941)     26.333          0               0               1          1
          (6651, 219, 2055941)     26.333          0               0               1          1
          (7797, 255, 2055941)     26.333          0               0               1          1
           (8181, 63, 2055941)     26.333          0               0               1          1
          (4567, 127, 2055941)     26.333          0               0               1          1
          (7881, 123, 2055941)     26.333          0               0               1          1
          (7759, 251, 2055941)     26.333          0               0               1          1
          (7283, 127, 2055941)     26.333          0               0               1          1
          (7283, 127, 2055941)     36.417          0               0               1          1
          (7415, 123, 2055941)     26.333          0               0               1          1
           (7135, 63, 2055941)     26.333          0               0               1          1
          (7157, 251, 2055941)     26.333          0               0               1          1
          (8011, 127, 2055941)     26.333          0               0               1          1
          (5391, 251, 2055941)     26.333          0               0               0          1
          (8143, 123, 2055941)     26.333          0               0               1          1
          (7511, 255, 2055941)     26.333          0               0               1          1
          (5499, 253, 2055941)     26.333          0               0               1          1
          (6079, 119, 2055941)     26.333          0               0               1          1
          (6779, 111, 2055941)     26.333          0               0               1          1
          (7791, 119, 2055941)     26.333          0               0               1          1
          (5199, 115, 2055941)     26.333          0               0               1          1
          (7517, 121, 2055941)     26.333          0               0               1          1
          (7929, 253, 2055941)     26.417          0               0               1          1
          (8017, 251, 2055941)     26.417          0               0               1          1
          (8023, 251, 2055941)     26.417          0               0               1          1
          (7933, 127, 2055941)     26.417          0               0               1          1
          (7933, 127, 2055941)     28.417          0               0               1          1
          (7933, 127, 2055941)     32.583          0               0               1          1
          (8115, 255, 2055941)     26.417          0               0               1          1
          (7931, 123, 2055941)     26.417          0               0               1          1
          (8063, 123, 2055941)     26.417          0               0               1          1
          (8063, 123, 2055941)       30.5          0               0               1          1
          (8063, 123, 2055941)     32.583          0               0               1          1
          (7411, 255, 2055941)     26.417          0               0               1          1
          (7411, 255, 2055941)     32.417          0               0               1          1
          (7411, 255, 2055941)     40.667          0               0               1          1
          (7927, 123, 2055941)     26.417          0               0               1          1
          (7927, 123, 2055941)     26.583          0               0               1          1
          (7927, 123, 2055941)     26.667          0               0               1          1
          (7927, 123, 2055941)     36.083          0               0               0          1
          (5501, 249, 2055941)     26.417          0               0               1          1
           (6143, 59, 2055941)     26.417          0               0               1          1
          (7963, 127, 2055941)     26.417          0               0               1          1
          (7931, 125, 2055941)     26.417          0               0               1          1
          (7407, 107, 2055941)     26.417          0               0               1          1
          (4851, 109, 2055941)     26.417          0               0               0          1
          (8061, 123, 2055941)       26.5          0               0               1          1
          (7909, 255, 2055941)       26.5          0               0               1          1
          (6135, 123, 2055941)       26.5          0               0               1          1
          (7679, 243, 2055941)       26.5          0               0               1          1
          (7295, 127, 2055941)       26.5          0               0               1          1
          (6107, 255, 2055941)       26.5          0               0               1          1
          (6107, 255, 2055941)     36.667          0               0               1          1
          (6965, 255, 2055941)       26.5          0               0               1          1
          (6995, 123, 2055941)       26.5          0               0               1          1
          (7711, 123, 2055941)       26.5          0               0               1          1
          (7539, 191, 2055941)       26.5          0               0               1          1
          (6999, 251, 2055941)       26.5          0               0               0          1
          (7131, 127, 2055941)       26.5          0               0               1          1
          (7131, 127, 2055941)     28.583          0               0               1          1
          (7131, 127, 2055941)     30.417          0               0               1          1
           (6775, 91, 2055941)       26.5          0               0               1          1
           (8059, 89, 2055941)       26.5          0               0               1          1
          (6467, 107, 2055941)       26.5          0               0               1          1
           (5233, 83, 2055941)       26.5          0               0               1          1
          (7927, 251, 2055941)     26.583          0               0               1          1
          (6515, 123, 2055941)     26.583          0               0               1          1
           (6631, 79, 2055941)     26.583          0               0               1          1
          (6589, 127, 2055941)     26.667          0               0               1          1
          (8087, 123, 2055941)     26.667          0               0               1          1
          (7919, 235, 2055941)       28.0          0               0               1          1
          (8039, 123, 2055941)     28.167          0               0               1          1
          (8039, 123, 2055941)       32.5          0               0               1          1
          (8039, 123, 2055941)     36.333          0               0               1          1
          (5367, 127, 2055941)     28.167          0               0               1          1
          (5369, 251, 2055941)     28.167          0               0               0          1
          (7535, 127, 2055941)     28.167          0               0               1          1
          (6491, 255, 2055941)     28.167          0               0               1          1
          (7159, 127, 2055941)     28.167          0               0               1          1
          (7159, 127, 2055941)     32.583          0               0               1          1
           (7515, 63, 2055941)     28.167          0               0               1          1
          (8131, 115, 2055941)     28.167          0               0               1          1
          (4577, 215, 2055941)     28.167          0               0               1          1
          (7729, 203, 2055941)     28.167          0               0               1          1
          (4423, 115, 2055941)     28.167          0               0               0          1
          (6723, 247, 2055941)      28.25          0               0               1          1
          (7933, 255, 2055941)      28.25          0               0               1          1
          (6135, 127, 2055941)      28.25          0               0               1          1
          (6135, 127, 2055941)     36.167          0               0               1          1
          (6439, 251, 2055941)      28.25          0               0               1          1
          (8167, 127, 2055941)      28.25          0               0               1          1
          (8167, 127, 2055941)     40.583          0               0               1          1
          (8151, 123, 2055941)      28.25          0               0               1          1
          (8151, 123, 2055941)     28.333          0               0               1          1
          (7259, 127, 2055941)      28.25          0               0               1          1
          (5783, 127, 2055941)      28.25          0               0               1          1
          (5371, 123, 2055941)      28.25          0               0               1          1
          (7865, 115, 2055941)      28.25          0               0               1          1
          (8115, 123, 2055941)      28.25          0               0               0          1
          (7283, 119, 2055941)      28.25          0               0               0          1
          (6011, 123, 2055941)      28.25          0               0               1          1
          (5869, 119, 2055941)      28.25          0               0               1          1
          (7979, 123, 2055941)      28.25          0               0               0          1
          (5631, 123, 2055941)     28.333          0               0               1          1
          (7665, 255, 2055941)     28.333          0               0               1          1
          (5491, 235, 2055941)     28.333          0               0               1          1
          (5755, 191, 2055941)     28.333          0               0               1          1
          (5887, 251, 2055941)     28.333          0               0               1          1
          (6519, 223, 2055941)     28.333          0               0               1          1
          (7463, 251, 2055941)     28.333          0               0               1          1
          (8147, 127, 2055941)     28.333          0               0               1          1
          (8147, 127, 2055941)     30.333          0               0               1          1
          (8147, 127, 2055941)       36.5          0               0               1          1
           (6519, 95, 2055941)     28.333          0               0               0          1
          (7759, 107, 2055941)     28.333          0               0               1          1
          (7895, 111, 2055941)     28.333          0               0               1          1
          (7669, 115, 2055941)     28.333          0               0               1          1
          (7727, 115, 2055941)     28.333          0               0               1          1
           (7927, 91, 2055941)     28.333          0               0               1          1
           (7235, 83, 2055941)     28.333          0               0               0          1
          (4327, 107, 2055941)     28.333          0               0               0          1
           (6231, 99, 2055941)     28.333          0               0               1          1
          (6391, 127, 2055941)     28.417          0               0               1          1
          (5559, 255, 2055941)     28.417          0               0               1          1
          (5879, 123, 2055941)     28.417          0               0               1          1
          (5879, 123, 2055941)     30.417          0               0               1          1
          (7977, 255, 2055941)     28.417          0               0               1          1
          (8055, 111, 2055941)     28.417          0               0               1          1
          (7923, 255, 2055941)     28.417          0               0               1          1
          (7923, 255, 2055941)     36.667          0               0               1          1
          (7975, 123, 2055941)     28.417          0               0               1          1
          (7919, 255, 2055941)     28.417          0               0               1          1
          (7967, 251, 2055941)     28.417          0               0               1          1
          (5473, 249, 2055941)     28.417          0               0               1          1
          (7503, 123, 2055941)     28.417          0               0               1          1
          (5881, 123, 2055941)     28.417          0               0               1          1
          (7395, 127, 2055941)     28.417          0               0               0          1
          (5751, 127, 2055941)     28.417          0               0               1          1
          (7693, 241, 2055941)     28.417          0               0               1          1
          (7731, 127, 2055941)     28.417          0               0               0          1
          (6903, 123, 2055941)     28.417          0               0               1          1
          (6911, 123, 2055941)     28.417          0               0               1          1
          (6911, 123, 2055941)     36.667          0               0               1          1
          (7671, 255, 2055941)     28.417          0               0               0          1
          (8187, 255, 2055941)     28.417          0               0               1          1
          (5875, 251, 2055941)     28.417          0               0               1          1
           (8059, 91, 2055941)     28.417          0               0               1          1
          (7387, 127, 2055941)     28.417          0               0               1          1
          (7387, 127, 2055941)     32.583          0               0               1          1
          (7383, 123, 2055941)     28.417          0               0               1          1
          (6631, 127, 2055941)     28.417          0               0               1          1
          (7389, 121, 2055941)     28.417          0               0               1          1
          (7603, 121, 2055941)     28.417          0               0               1          1
          (5563, 123, 2055941)     28.417          0               0               1          1
           (8007, 79, 2055941)     28.417          0               0               1          1
          (7871, 115, 2055941)     28.417          0               0               1          1
          (5631, 127, 2055941)       28.5          0               0               1          1
          (5375, 235, 2055941)       28.5          0               0               1          1
          (7897, 221, 2055941)       28.5          0               0               1          1
          (7639, 255, 2055941)       28.5          0               0               0          1
          (7651, 255, 2055941)       28.5          0               0               1          1
          (7547, 191, 2055941)       28.5          0               0               1          1
          (7655, 127, 2055941)       28.5          0               0               1          1
          (5487, 121, 2055941)       28.5          0               0               1          1
          (6347, 127, 2055941)       28.5          0               0               1          1
          (6623, 123, 2055941)       28.5          0               0               1          1
          (7887, 123, 2055941)       28.5          0               0               1          1
          (7511, 127, 2055941)       28.5          0               0               1          1
          (7511, 127, 2055941)     30.417          0               0               1          1
          (7779, 111, 2055941)       28.5          0               0               1          1
          (7763, 115, 2055941)       28.5          0               0               1          1
           (7247, 59, 2055941)       28.5          0               0               0          1
          (6773, 127, 2055941)     28.583          0               0               1          1
          (4603, 123, 2055941)     28.583          0               0               1          1
          (4603, 123, 2055941)      34.25          0               0               1          1
          (6013, 251, 2055941)     28.583          0               0               1          1
          (5971, 239, 2055941)     28.583          0               0               1          1
          (7807, 127, 2055941)     28.583          0               0               1          1
          (7807, 127, 2055941)     34.333          0               0               1          1
          (8139, 127, 2055941)     28.583          0               0               1          1
          (7911, 251, 2055941)     28.583          0               0               1          1
          (7333, 249, 2055941)     28.583          0               0               1          1
          (8155, 123, 2055941)     28.583          0               0               1          1
          (8155, 123, 2055941)     32.583          0               0               1          1
          (7667, 113, 2055941)     28.583          0               0               1          1
          (7997, 127, 2055941)     28.583          0               0               1          1
          (8159, 123, 2055941)     28.667          0               0               1          1
          (7775, 123, 2055941)     28.667          0               0               1          1
           (6859, 79, 2055941)     28.667          0               0               0          1
          (6091, 251, 2055941)      28.75          0               0               1          1
           (7523, 91, 2055941)      28.75          0               0               1          1
          (7843, 123, 2055941)     30.167          0               0               1          1
          (7761, 127, 2055941)     30.167          0               0               1          1
          (7159, 255, 2055941)      30.25          0               0               1          1
          (6519, 127, 2055941)      30.25          0               0               1          1
          (5955, 123, 2055941)      30.25          0               0               1          1
          (7409, 249, 2055941)      30.25          0               0               1          1
          (6003, 127, 2055941)      30.25          0               0               1          1
          (6903, 127, 2055941)      30.25          0               0               1          1
           (5359, 95, 2055941)      30.25          0               0               1          1
          (7797, 123, 2055941)      30.25          0               0               1          1
          (7797, 123, 2055941)     40.583          0               0               1          1
          (7883, 105, 2055941)      30.25          0               0               1          1
          (5751, 255, 2055941)     30.333          0               0               0          1
          (7245, 255, 2055941)     30.333          0               0               0          1
          (6103, 127, 2055941)     30.333          0               0               1          1
          (6103, 127, 2055941)     32.417          0               0               1          1
          (7671, 123, 2055941)     30.333          0               0               1          1
          (7671, 123, 2055941)     30.333          0               0               0          1
          (7671, 123, 2055941)     36.667          0               0               1          1
          (7803, 123, 2055941)     30.333          0               0               1          1
          (7803, 123, 2055941)     34.667          0               0               1          1
           (7503, 59, 2055941)     30.333          0               0               1          1
          (8051, 251, 2055941)     30.333          0               0               1          1
          (6615, 111, 2055941)     30.333          0               0               0          1
           (7571, 63, 2055941)     30.333          0               0               1          1
          (8155, 255, 2055941)     30.333          0               0               1          1
          (7235, 251, 2055941)     30.333          0               0               1          1
          (7739, 123, 2055941)     30.333          0               0               1          1
          (7665, 127, 2055941)     30.333          0               0               1          1
          (5503, 219, 2055941)     30.333          0               0               1          1
          (7283, 247, 2055941)     30.333          0               0               1          1
           (8007, 63, 2055941)     30.333          0               0               1          1
          (7929, 123, 2055941)     30.333          0               0               1          1
          (7929, 123, 2055941)     30.583          0               0               1          1
          (6903, 251, 2055941)     30.333          0               0               1          1
          (5977, 123, 2055941)     30.333          0               0               0          1
          (5499, 121, 2055941)     30.333          0               0               1          1
          (5871, 123, 2055941)     30.333          0               0               1          1
          (5625, 255, 2055941)     30.417          0               0               1          1
          (7505, 255, 2055941)     30.417          0               0               1          1
          (8157, 127, 2055941)     30.417          0               0               1          1
          (7509, 255, 2055941)     30.417          0               0               1          1
          (7935, 127, 2055941)     30.417          0               0               1          1
          (7935, 127, 2055941)       32.5          0               0               1          1
          (7935, 127, 2055941)     36.417          0               0               1          1
          (7635, 127, 2055941)     30.417          0               0               1          1
          (8057, 123, 2055941)     30.417          0               0               1          1
          (7925, 219, 2055941)     30.417          0               0               1          1
          (6003, 123, 2055941)     30.417          0               0               1          1
           (8191, 87, 2055941)     30.417          0               0               1          1
          (5229, 223, 2055941)     30.417          0               0               1          1
          (8019, 123, 2055941)     30.417          0               0               1          1
          (8019, 123, 2055941)     32.333          0               0               0          1
          (8019, 123, 2055941)       40.5          0               0               1          1
          (7023, 125, 2055941)     30.417          0               0               1          1
          (7933, 239, 2055941)     30.417          0               0               1          1
          (7931, 251, 2055941)     30.417          0               0               0          1
          (7795, 121, 2055941)     30.417          0               0               1          1
           (6823, 99, 2055941)     30.417          0               0               1          1
           (6759, 59, 2055941)     30.417          0               0               1          1
          (8047, 123, 2055941)     30.417          0               0               1          1
          (4351, 123, 2055941)     30.417          0               0               0          1
          (7495, 123, 2055941)     30.417          0               0               1          1
          (4211, 235, 2055941)     30.417          0               0               0          1
          (7151, 127, 2055941)       30.5          0               0               1          1
          (8055, 255, 2055941)       30.5          0               0               1          1
          (8057, 251, 2055941)       30.5          0               0               1          1
          (5605, 127, 2055941)       30.5          0               0               1          1
          (7289, 249, 2055941)       30.5          0               0               1          1
          (8051, 127, 2055941)       30.5          0               0               1          1
          (7931, 239, 2055941)       30.5          0               0               1          1
           (8103, 59, 2055941)       30.5          0               0               1          1
          (7801, 253, 2055941)       30.5          0               0               1          1
          (7381, 219, 2055941)       30.5          0               0               1          1
          (4607, 107, 2055941)       30.5          0               0               1          1
          (5919, 251, 2055941)       30.5          0               0               1          1
          (7423, 111, 2055941)       30.5          0               0               1          1
          (7423, 111, 2055941)     34.333          0               0               1          1
          (6867, 187, 2055941)       30.5          0               0               1          1
           (7287, 51, 2055941)       30.5          0               0               1          1
           (7431, 91, 2055941)       30.5          0               0               1          1
          (7161, 123, 2055941)     30.583          0               0               1          1
          (5623, 251, 2055941)     30.583          0               0               1          1
          (7801, 251, 2055941)     30.583          0               0               1          1
           (7673, 95, 2055941)     30.583          0               0               1          1
           (6771, 95, 2055941)     30.583          0               0               1          1
          (7801, 123, 2055941)     30.583          0               0               1          1
          (6131, 127, 2055941)     30.583          0               0               1          1
          (6131, 127, 2055941)     34.417          0               0               1          1
          (7895, 251, 2055941)     30.583          0               0               1          1
          (7531, 125, 2055941)     30.583          0               0               1          1
          (6911, 115, 2055941)     30.583          0               0               1          1
          (7667, 127, 2055941)     30.667          0               0               1          1
          (8031, 255, 2055941)     30.667          0               0               1          1
          (7663, 251, 2055941)     30.667          0               0               1          1
          (7663, 251, 2055941)      34.25          0               0               1          1
          (6387, 239, 2055941)     30.667          0               0               1          1
          (6137, 253, 2055941)      30.75          0               0               1          1
          (6267, 255, 2055941)     30.833          0               0               1          1
          (7737, 251, 2055941)     30.833          0               0               1          1
          (8079, 123, 2055941)     30.917          0               0               1          1
          (6647, 251, 2055941)     32.167          0               0               1          1
          (5363, 123, 2055941)     32.167          0               0               1          1
          (5619, 123, 2055941)     32.167          0               0               1          1
          (7179, 255, 2055941)     32.167          0               0               1          1
          (5349, 127, 2055941)      32.25          0               0               1          1
          (7643, 123, 2055941)      32.25          0               0               0          1
          (7415, 107, 2055941)      32.25          0               0               0          1
           (6115, 95, 2055941)      32.25          0               0               1          1
           (4739, 11, 2055941)      32.25          0               0               0          1
          (6099, 251, 2055941)     32.333          0               0               1          1
          (7487, 251, 2055941)     32.333          0               0               1          1
          (8043, 127, 2055941)     32.333          0               0               1          1
          (7375, 123, 2055941)     32.333          0               0               1          1
          (6003, 247, 2055941)     32.333          0               0               1          1
          (5459, 123, 2055941)     32.333          0               0               0          1
          (8021, 123, 2055941)     32.333          0               0               1          1
          (7385, 123, 2055941)     32.333          0               0               1          1
          (6627, 111, 2055941)     32.333          0               0               1          1
          (7985, 251, 2055941)     32.333          0               0               1          1
          (7935, 247, 2055941)     32.333          0               0               1          1
          (4575, 251, 2055941)     32.333          0               0               0          1
           (4715, 95, 2055941)     32.333          0               0               1          1
           (7165, 59, 2055941)     32.333          0               0               1          1
          (7607, 127, 2055941)     32.417          0               0               1          1
          (7607, 127, 2055941)       34.5          0               0               1          1
          (6779, 239, 2055941)     32.417          0               0               1          1
          (5975, 255, 2055941)     32.417          0               0               1          1
          (8147, 239, 2055941)     32.417          0               0               1          1
          (7543, 115, 2055941)     32.417          0               0               1          1
          (6131, 251, 2055941)     32.417          0               0               0          1
          (5955, 127, 2055941)     32.417          0               0               1          1
          (7623, 127, 2055941)     32.417          0               0               1          1
          (6095, 251, 2055941)     32.417          0               0               0          1
          (8055, 125, 2055941)     32.417          0               0               1          1
          (7399, 107, 2055941)     32.417          0               0               1          1
          (7399, 107, 2055941)     34.333          0               0               1          1
           (5963, 59, 2055941)     32.417          0               0               1          1
          (5465, 121, 2055941)     32.417          0               0               1          1
          (6967, 123, 2055941)     32.417          0               0               1          1
          (7751, 211, 2055941)     32.417          0               0               1          1
          (7287, 125, 2055941)     32.417          0               0               1          1
           (5455, 93, 2055941)     32.417          0               0               1          1
          (7801, 235, 2055941)     32.417          0               0               1          1
          (7051, 255, 2055941)       32.5          0               0               1          1
          (8029, 127, 2055941)       32.5          0               0               1          1
          (6139, 255, 2055941)       32.5          0               0               1          1
          (7543, 191, 2055941)       32.5          0               0               1          1
          (7635, 251, 2055941)       32.5          0               0               1          1
          (7635, 251, 2055941)     36.333          0               0               1          1
          (6635, 255, 2055941)       32.5          0               0               1          1
          (8189, 191, 2055941)       32.5          0               0               1          1
          (5719, 123, 2055941)       32.5          0               0               1          1
          (7267, 103, 2055941)       32.5          0               0               1          1
          (8056, 223, 2055941)       32.5          0               0               0          1
          (5705, 251, 2055941)       32.5          0               0               1          1
          (7791, 123, 2055941)       32.5          0               0               1          1
          (7891, 125, 2055941)       32.5          0               0               1          1
           (6167, 91, 2055941)       32.5          0               0               0          1
          (5731, 249, 2055941)       32.5          0               0               1          1
          (7807, 115, 2055941)       32.5          0               0               1          1
          (5559, 251, 2055941)     32.583          0               0               1          1
          (7531, 127, 2055941)     32.583          0               0               1          1
          (5627, 255, 2055941)     32.583          0               0               1          1
          (7799, 247, 2055941)     32.583          0               0               1          1
          (5231, 123, 2055941)     32.583          0               0               1          1
          (5483, 243, 2055941)     32.583          0               0               1          1
          (7737, 255, 2055941)     32.583          0               0               1          1
          (7505, 185, 2055941)     32.583          0               0               1          1
          (8051, 235, 2055941)     32.583          0               0               1          1
           (7179, 31, 2055941)     32.583          0               0               0          1
          (7551, 107, 2055941)     32.583          0               0               1          1
          (7295, 235, 2055941)     32.583          0               0               1          1
          (5959, 123, 2055941)     32.667          0               0               1          1
          (5327, 255, 2055941)     32.667          0               0               1          1
          (5229, 121, 2055941)     32.667          0               0               0          1
          (7763, 127, 2055941)     32.667          0               0               1          1
          (8121, 251, 2055941)     32.667          0               0               1          1
          (8105, 107, 2055941)     32.667          0               0               1          1
          (7069, 121, 2055941)     32.667          0               0               1          1
          (7215, 107, 2055941)     32.667          0               0               1          1
          (7655, 255, 2055941)      32.75          0               0               1          1
          (7867, 243, 2055941)      32.75          0               0               1          1
          (5407, 123, 2055941)     34.083          0               0               1          1
          (7543, 223, 2055941)     34.167          0               0               1          1
          (7219, 255, 2055941)     34.167          0               0               1          1
          (8043, 119, 2055941)     34.167          0               0               1          1
          (5495, 123, 2055941)     34.167          0               0               1          1
          (7857, 107, 2055941)     34.167          0               0               1          1
          (7031, 127, 2055941)      34.25          0               0               0          1
          (5589, 189, 2055941)      34.25          0               0               1          1
          (5239, 123, 2055941)      34.25          0               0               0          1
          (6775, 127, 2055941)      34.25          0               0               1          1
          (6775, 127, 2055941)     46.583          0               0               1          1
          (6335, 127, 2055941)      34.25          0               0               1          1
          (8173, 127, 2055941)     34.333          0               0               1          1
          (2311, 251, 2055941)     34.333          0               0               0          1
          (7691, 123, 2055941)     34.333          0               0               1          1
          (5815, 127, 2055941)     34.333          0               0               1          1
           (8179, 95, 2055941)     34.333          0               0               1          1
          (5487, 115, 2055941)     34.333          0               0               1          1
          (7647, 123, 2055941)     34.333          0               0               1          1
          (8005, 175, 2055941)     34.333          0               0               1          1
          (7635, 123, 2055941)     34.333          0               0               1          1
           (5831, 95, 2055941)     34.333          0               0               1          1
          (7899, 107, 2055941)     34.333          0               0               0          1
          (7369, 187, 2055941)     34.333          0               0               1          1
          (6131, 255, 2055941)     34.417          0               0               1          1
          (7803, 251, 2055941)     34.417          0               0               1          1
          (4273, 253, 2055941)     34.417          0               0               1          1
          (7919, 107, 2055941)     34.417          0               0               0          1
          (7559, 107, 2055941)     34.417          0               0               1          1
          (4299, 127, 2055941)     34.417          0               0               1          1
          (7771, 127, 2055941)     34.417          0               0               1          1
          (7201, 235, 2055941)     34.417          0               0               1          1
          (7675, 119, 2055941)     34.417          0               0               1          1
          (7807, 231, 2055941)     34.417          0               0               1          1
          (7035, 247, 2055941)     34.417          0               0               1          1
          (8135, 107, 2055941)     34.417          0               0               0          1
          (5087, 107, 2055941)     34.417          0               0               1          1
          (5875, 107, 2055941)     34.417          0               0               1          1
          (7751, 123, 2055941)     34.417          0               0               1          1
           (6219, 13, 2055941)     34.417          0               0               1          1
          (6485, 123, 2055941)       34.5          0               0               1          1
          (7575, 127, 2055941)       34.5          0               0               1          1
          (6735, 247, 2055941)       34.5          0               0               0          1
          (7763, 109, 2055941)       34.5          0               0               1          1
          (7641, 255, 2055941)       34.5          0               0               1          1
          (7867, 123, 2055941)       34.5          0               0               0          1
          (8047, 127, 2055941)       34.5          0               0               1          1
          (7833, 121, 2055941)       34.5          0               0               1          1
           (6899, 85, 2055941)       34.5          0               0               1          1
           (8023, 59, 2055941)       34.5          0               0               1          1
          (5595, 119, 2055941)       34.5          0               0               1          1
          (7371, 115, 2055941)       34.5          0               0               1          1
          (7879, 255, 2055941)     34.583          0               0               1          1
          (5877, 255, 2055941)     34.583          0               0               1          1
          (7165, 127, 2055941)     34.583          0               0               1          1
          (6623, 251, 2055941)     34.583          0               0               0          1
          (7287, 255, 2055941)     34.583          0               0               1          1
          (7277, 123, 2055941)     34.583          0               0               1          1
          (7257, 255, 2055941)     34.583          0               0               1          1
          (4603, 119, 2055941)     34.583          0               0               1          1
           (8131, 79, 2055941)     34.583          0               0               1          1
          (7551, 119, 2055941)     34.583          0               0               1          1
          (7551, 119, 2055941)       40.5          0               0               1          1
          (6611, 251, 2055941)     34.583          0               0               1          1
          (6499, 127, 2055941)     34.583          0               0               1          1
          (5787, 191, 2055941)     34.583          0               0               1          1
          (7107, 127, 2055941)     34.583          0               0               1          1
           (7367, 63, 2055941)     34.583          0               0               1          1
          (6359, 115, 2055941)     34.583          0               0               1          1
          (7983, 123, 2055941)     34.583          0               0               1          1
           (7799, 83, 2055941)     34.583          0               0               1          1
          (5759, 251, 2055941)     34.667          0               0               0          1
          (6773, 251, 2055941)     34.667          0               0               1          1
          (8171, 255, 2055941)     34.667          0               0               1          1
          (6871, 251, 2055941)     34.667          0               0               1          1
          (7835, 111, 2055941)     34.667          0               0               1          1
          (5575, 187, 2055941)     34.667          0               0               1          1
          (7409, 123, 2055941)     34.667          0               0               1          1
          (7511, 111, 2055941)     34.667          0               0               1          1
          (7433, 235, 2055941)     34.667          0               0               1          1
           (8019, 59, 2055941)      34.75          0               0               1          1
          (5359, 251, 2055941)      34.75          0               0               1          1
          (5747, 121, 2055941)      34.75          0               0               1          1
          (8027, 243, 2055941)      34.75          0               0               0          1
          (7541, 251, 2055941)     34.833          0               0               1          1
          (8063, 121, 2055941)     34.833          0               0               1          1
          (5741, 127, 2055941)      36.25          0               0               1          1
          (5927, 251, 2055941)      36.25          0               0               1          1
          (7163, 255, 2055941)      36.25          0               0               1          1
          (6179, 123, 2055941)      36.25          0               0               1          1
          (7263, 123, 2055941)      36.25          0               0               1          1
           (7507, 67, 2055941)      36.25          0               0               1          1
          (7207, 107, 2055941)      36.25          0               0               1          1
          (4239, 115, 2055941)      36.25          0               0               0          1
          (5295, 251, 2055941)     36.333          0               0               1          1
          (7801, 127, 2055941)     36.333          0               0               1          1
          (7283, 123, 2055941)     36.333          0               0               1          1
          (6267, 123, 2055941)     36.333          0               0               1          1
          (7495, 107, 2055941)     36.333          0               0               1          1
          (5859, 123, 2055941)     36.333          0               0               0          1
          (7687, 111, 2055941)     36.333          0               0               1          1
           (6213, 33, 2055941)     36.333          0               0               1          1
          (7253, 251, 2055941)     36.417          0               0               1          1
          (7379, 123, 2055941)     36.417          0               0               0          1
          (7379, 251, 2055941)     36.417          0               0               1          1
          (7291, 123, 2055941)     36.417          0               0               1          1
          (7407, 127, 2055941)     36.417          0               0               1          1
          (5483, 123, 2055941)     36.417          0               0               1          1
           (5983, 63, 2055941)     36.417          0               0               1          1
          (4903, 123, 2055941)     36.417          0               0               0          1
          (7397, 123, 2055941)     36.417          0               0               1          1
          (5867, 123, 2055941)     36.417          0               0               1          1
           (7379, 59, 2055941)     36.417          0               0               1          1
          (7761, 123, 2055941)     36.417          0               0               0          1
          (7913, 123, 2055941)     36.417          0               0               1          1
          (5831, 111, 2055941)     36.417          0               0               1          1
          (7417, 121, 2055941)       36.5          0               0               0          1
          (5439, 123, 2055941)       36.5          0               0               0          1
          (4587, 247, 2055941)       36.5          0               0               0          1
          (7071, 255, 2055941)       36.5          0               0               1          1
          (7455, 251, 2055941)       36.5          0               0               1          1
          (6007, 123, 2055941)       36.5          0               0               0          1
          (5089, 123, 2055941)       36.5          0               0               1          1
          (5447, 123, 2055941)       36.5          0               0               1          1
          (7665, 185, 2055941)       36.5          0               0               1          1
          (6013, 121, 2055941)       36.5          0               0               1          1
          (7811, 107, 2055941)       36.5          0               0               1          1
           (7239, 75, 2055941)       36.5          0               0               1          1
           (4615, 67, 2055941)       36.5          0               0               0          1
          (7385, 127, 2055941)     36.583          0               0               1          1
          (6857, 121, 2055941)     36.583          0               0               1          1
          (6459, 251, 2055941)     36.583          0               0               1          1
          (7239, 255, 2055941)     36.583          0               0               1          1
          (7759, 111, 2055941)     36.583          0               0               1          1
          (7753, 123, 2055941)     36.583          0               0               1          1
          (7537, 251, 2055941)     36.583          0               0               1          1
          (7549, 219, 2055941)     36.583          0               0               1          1
          (8017, 123, 2055941)     36.583          0               0               1          1
          (7783, 111, 2055941)     36.667          0               0               1          1
          (7433, 123, 2055941)     36.667          0               0               1          1
           (5607, 59, 2055941)     36.667          0               0               1          1
           (5583, 43, 2055941)     36.667          0               0               0          1
          (7527, 123, 2055941)      36.75          0               0               1          1
          (8039, 127, 2055941)      36.75          0               0               1          1
           (7673, 91, 2055941)      36.75          0               0               1          1
           (7571, 51, 2055941)      36.75          0               0               1          1
           (8115, 91, 2055941)      36.75          0               0               1          1
          (7517, 255, 2055941)     38.083          0               0               1          1
          (8155, 111, 2055941)     38.167          0               0               1          1
          (8065, 217, 2055941)      38.25          0               0               1          1
          (6203, 125, 2055941)      38.25          0               0               1          1
          (4981, 251, 2055941)     38.333          0               0               0          1
          (6091, 255, 2055941)     38.333          0               0               0          1
          (7387, 251, 2055941)     38.333          0               0               1          1
          (7675, 247, 2055941)     38.333          0               0               1          1
          (6385, 251, 2055941)     38.333          0               0               1          1
          (6135, 107, 2055941)     38.333          0               0               1          1
          (8019, 255, 2055941)     38.417          0               0               0          1
          (4857, 123, 2055941)     38.417          0               0               1          1
          (6639, 115, 2055941)     38.417          0               0               1          1
          (7245, 121, 2055941)     38.417          0               0               1          1
           (6239, 75, 2055941)     38.417          0               0               1          1
          (7411, 127, 2055941)       38.5          0               0               0          1
          (7507, 127, 2055941)       38.5          0               0               1          1
           (5503, 59, 2055941)       38.5          0               0               1          1
           (5229, 59, 2055941)       38.5          0               0               1          1
          (3141, 209, 2055941)       38.5          0               0               0          1
          (4403, 187, 2055941)       38.5          0               0               0          1
          (7159, 111, 2055941)     38.583          0               0               1          1
          (8143, 251, 2055941)     38.583          0               0               1          1
          (5665, 121, 2055941)     38.583          0               0               1          1
          (5991, 247, 2055941)     38.583          0               0               1          1
          (5463, 125, 2055941)     38.583          0               0               1          1
          (4231, 115, 2055941)     38.583          0               0               0          1
          (7259, 123, 2055941)     38.583          0               0               1          1
           (7241, 51, 2055941)     38.583          0               0               1          1
          (7527, 255, 2055941)     38.667          0               0               1          1
          (8061, 219, 2055941)     38.667          0               0               1          1
          (7875, 251, 2055941)     38.667          0               0               1          1
           (8187, 95, 2055941)     38.667          0               0               1          1
          (7143, 123, 2055941)     38.667          0               0               1          1
          (4343, 123, 2055941)     38.667          0               0               0          1
          (5727, 251, 2055941)     38.667          0               0               1          1
          (8185, 123, 2055941)      38.75          0               0               1          1
          (5971, 251, 2055941)      38.75          0               0               0          1
          (8129, 123, 2055941)      38.75          0               0               1          1
          (8129, 123, 2055941)     40.583          0               0               1          1
          (6767, 123, 2055941)      38.75          0               0               1          1
          (7799, 107, 2055941)      38.75          0               0               1          1
          (7033, 251, 2055941)     38.833          0               0               1          1
          (7447, 123, 2055941)     38.917          0               0               1          1
          (7883, 251, 2055941)     38.917          0               0               1          1
           (7531, 59, 2055941)       39.0          0               0               1          1
          (7765, 255, 2055941)     39.083          0               0               1          1
          (5609, 239, 2055941)      40.25          0               0               1          1
          (7925, 127, 2055941)     40.333          0               0               1          1
           (8147, 95, 2055941)     40.333          0               0               1          1
          (8187, 123, 2055941)     40.333          0               0               0          1
          (5957, 127, 2055941)     40.333          0               0               1          1
          (6551, 123, 2055941)     40.417          0               0               0          1
          (5681, 123, 2055941)     40.417          0               0               1          1
          (4223, 123, 2055941)     40.417          0               0               0          1
          (7181, 233, 2055941)     40.417          0               0               0          1
          (6127, 127, 2055941)       40.5          0               0               1          1
          (7219, 251, 2055941)       40.5          0               0               1          1
          (7031, 111, 2055941)       40.5          0               0               1          1
          (8037, 235, 2055941)       40.5          0               0               0          1
          (5523, 107, 2055941)       40.5          0               0               0          1
           (6427, 27, 2055941)       40.5          0               0               0          1
          (6895, 251, 2055941)     40.583          0               0               1          1
          (7783, 121, 2055941)     40.583          0               0               1          1
          (6759, 251, 2055941)     40.583          0               0               0          1
          (6769, 187, 2055941)     40.583          0               0               1          1
          (7921, 249, 2055941)     40.667          0               0               1          1
          (6391, 187, 2055941)     40.667          0               0               1          1
          (3571, 107, 2055941)     40.667          0               0               1          1
          (7263, 233, 2055941)     40.667          0               0               1          1
           (5449, 81, 2055941)     40.667          0               0               1          1
          (5875, 255, 2055941)      40.75          0               0               1          1
          (5599, 123, 2055941)      40.75          0               0               1          1
          (7859, 255, 2055941)      40.75          0               0               0          1
          (7487, 127, 2055941)      40.75          0               0               1          1
          (5515, 123, 2055941)      40.75          0               0               0          1
          (7291, 107, 2055941)      40.75          0               0               1          1
          (5559, 119, 2055941)      40.75          0               0               1          1
          (5173, 255, 2055941)     40.833          0               0               1          1
          (5777, 219, 2055941)     40.917          0               0               1          1
          (6015, 251, 2055941)     40.917          0               0               1          1
          (5987, 119, 2055941)     40.917          0               0               1          1
          (6303, 255, 2055941)      42.25          0               0               0          1
          (5843, 123, 2055941)      42.25          0               0               1          1
          (5351, 127, 2055941)     42.333          0               0               1          1
          (4953, 107, 2055941)     42.333          0               0               1          1
          (7289, 127, 2055941)     42.417          0               0               1          1
          (4163, 251, 2055941)     42.417          0               0               0          1
          (6035, 255, 2055941)     42.417          0               0               1          1
          (6615, 123, 2055941)       42.5          0               0               0          1
          (7247, 250, 2055941)     42.583          0               0               1          1
           (8187, 91, 2055941)     42.583          0               0               1          1
          (5329, 107, 2055941)     42.583          0               0               1          1
          (6977, 233, 2055941)     42.667          0               0               1          1
           (8099, 73, 2055941)     42.667          0               0               1          1
          (5753, 251, 2055941)      42.75          0               0               1          1
          (8147, 111, 2055941)      42.75          0               0               1          1
          (7767, 113, 2055941)      42.75          0               0               1          1
          (7395, 251, 2055941)     42.833          0               0               1          1
          (5283, 123, 2055941)     42.833          0               0               0          1
          (8173, 239, 2055941)     42.917          0               0               1          1
          (6899, 127, 2055941)     42.917          0               0               1          1
          (5127, 251, 2055941)     44.417          0               0               0          1
          (6379, 123, 2055941)     44.417          0               0               0          1
          (5107, 127, 2055941)       44.5          0               0               0          1
          (7379, 235, 2055941)       44.5          0               0               0          1
          (7423, 127, 2055941)     44.583          0               0               1          1
          (6487, 111, 2055941)     44.583          0               0               0          1
          (7523, 255, 2055941)     44.667          0               0               1          1
          (5589, 255, 2055941)     44.667          0               0               1          1
          (6623, 127, 2055941)     44.667          0               0               0          1
          (7611, 123, 2055941)     44.667          0               0               0          1
          (7733, 191, 2055941)     44.667          0               0               1          1
          (5823, 115, 2055941)      44.75          0               0               1          1
          (7639, 123, 2055941)      44.75          0               0               1          1
          (4865, 169, 2055941)      46.75          0               0               0          1
          (6907, 249, 2055941)     46.917          0               0               1          1
          (7879, 107, 2055941)       48.5          0               0               0          1
          (5267, 123, 2055941)     48.583          0               0               0          1
          (5703, 253, 2055941)     48.667          0               0               0          1
          (6067, 123, 2055941)     48.667          0               0               1          1
          (7219, 123, 2055941)     52.583          0               0               0          1
