inputs: 3721/1000 samples
                      [output]   [energy]  [A*B=out] [truth of cfas] [truth of chains]      [num]
                (61, 61, 3721)       -0.0          1               1               1          1
                (61, 61, 3721)      2.125          1               0               1          1
                (61, 61, 3721)      3.083          1               0               1          1
                (61, 61, 3721)        5.0          1               0               1          1
                (61, 61, 3721)      5.125          1               0               1          1
                (61, 61, 3721)      7.125          1               0               1          1
                (61, 61, 3721)      7.542          1               0               1          1
                (61, 61, 3721)      9.208          1               0               1          1
                (61, 61, 3721)      9.625          1               0               1          1
                (61, 61, 3721)      10.25          1               0               1          1
                (61, 61, 3721)       10.5          1               0               1          1
                (61, 61, 3721)      10.75          1               0               1          1
                (61, 61, 3721)       12.0          1               0               1          1
                (61, 61, 3721)     12.375          1               0               0          1
                (61, 61, 3721)      13.25          1               0               1          1
                (61, 61, 3721)     13.625          1               0               1          1
                (61, 61, 3721)       14.0          1               0               1          1
                (61, 61, 3721)     15.125          1               0               1          1
                (61, 61, 3721)       15.5          1               0               1          1
                (61, 61, 3721)      15.75          1               0               1          1
                (61, 61, 3721)     17.125          1               0               1          1
                (61, 61, 3721)      19.25          1               0               0          1
                (61, 61, 3721)     20.333          1               0               1          1
                (61, 61, 3721)     22.208          1               0               0          1
                (61, 61, 3721)     23.375          1               0               0          1
                (61, 61, 3721)     25.083          1               0               1          1
                (59, 63, 3721)      2.125          0               0               1          1
                (59, 63, 3721)        6.5          0               0               1          1
                (59, 63, 3721)       7.75          0               0               1          1
                (59, 63, 3721)        8.0          0               0               1          1
                (59, 63, 3721)      10.25          0               0               1          1
                (59, 63, 3721)     12.208          0               0               1          1
                (59, 63, 3721)     13.542          0               0               1          1
                (59, 63, 3721)     15.917          0               0               1          1
                (59, 63, 3721)       16.0          0               0               0          1
                (59, 63, 3721)     18.042          0               0               0          1
                (63, 55, 3721)      2.125          0               0               1          1
                (63, 55, 3721)       11.0          0               0               0          1
                (63, 55, 3721)       12.0          0               0               1          1
                (63, 55, 3721)      14.25          0               0               1          1
                (63, 55, 3721)     14.417          0               0               1          1
                (63, 55, 3721)       17.0          0               0               1          1
                (63, 55, 3721)      17.25          0               0               0          1
                (63, 55, 3721)     25.833          0               0               1          1
                (55, 63, 3721)      2.625          0               0               1          1
                (55, 63, 3721)      4.125          0               0               1          1
                (55, 63, 3721)      4.375          0               0               1          1
                (55, 63, 3721)      4.708          0               0               1          1
                (55, 63, 3721)      7.375          0               0               1          1
                (55, 63, 3721)      8.625          0               0               1          1
                (55, 63, 3721)      9.125          0               0               1          1
                (55, 63, 3721)      10.75          0               0               1          1
                (55, 63, 3721)     13.042          0               0               1          1
                (55, 63, 3721)     13.167          0               0               1          1
                (55, 63, 3721)      14.25          0               0               1          1
                (55, 63, 3721)     15.125          0               0               1          1
                (55, 63, 3721)      15.75          0               0               1          1
                (55, 63, 3721)     17.208          0               0               1          1
                (55, 63, 3721)     18.208          0               0               0          1
                (55, 63, 3721)     23.167          0               0               1          1
                (57, 63, 3721)      5.208          0               0               1          1
                (57, 63, 3721)        8.5          0               0               1          1
                (57, 63, 3721)      9.125          0               0               1          1
                (57, 63, 3721)      9.333          0               0               1          1
                (57, 63, 3721)       12.0          0               0               1          1
                (57, 63, 3721)     12.708          0               0               1          1
                (57, 63, 3721)     13.125          0               0               1          1
                (57, 63, 3721)     13.167          0               0               1          1
                (57, 63, 3721)     13.333          0               0               1          1
                (57, 63, 3721)     14.125          0               0               0          1
                (57, 63, 3721)     14.625          0               0               0          1
                (57, 63, 3721)     15.125          0               0               0          1
                (57, 63, 3721)     15.583          0               0               1          1
                (57, 63, 3721)     16.083          0               0               1          1
                (57, 63, 3721)     16.333          0               0               1          1
                (57, 63, 3721)     16.375          0               0               1          1
                (57, 63, 3721)     16.958          0               0               1          1
                (57, 63, 3721)       17.0          0               0               1          1
                (57, 63, 3721)     17.375          0               0               1          1
                (57, 63, 3721)     18.208          0               0               1          1
                (57, 63, 3721)     18.708          0               0               1          1
                (57, 63, 3721)       23.0          0               0               0          1
                (57, 63, 3721)      24.75          0               0               1          1
                (61, 29, 3721)       5.25          0               0               1          1
                (61, 29, 3721)      5.875          0               0               1          1
                (61, 29, 3721)      7.167          0               0               1          1
                (61, 29, 3721)       8.25          0               0               1          1
                (61, 29, 3721)      8.375          0               0               1          1
                (61, 29, 3721)      10.25          0               0               1          2
                (61, 29, 3721)      10.75          0               0               1          1
                (61, 29, 3721)     10.875          0               0               1          1
                (61, 29, 3721)     11.208          0               0               1          1
                (61, 29, 3721)      11.25          0               0               1          1
                (61, 29, 3721)       12.0          0               0               1          1
                (61, 29, 3721)       13.0          0               0               0          1
                (61, 29, 3721)     13.125          0               0               1          1
                (61, 29, 3721)      14.25          0               0               1          1
                (61, 29, 3721)     15.333          0               0               1          1
                (61, 29, 3721)     15.417          0               0               1          1
                (61, 29, 3721)     16.125          0               0               1          1
                (61, 29, 3721)     17.083          0               0               1          1
                (61, 29, 3721)     17.542          0               0               1          1
                (61, 29, 3721)     17.917          0               0               1          1
                (61, 29, 3721)     19.042          0               0               1          1
                (61, 29, 3721)     19.375          0               0               1          1
                (61, 29, 3721)     21.417          0               0               1          1
                (61, 29, 3721)     25.292          0               0               0          1
                (63, 63, 3721)      5.875          0               0               1          1
                (63, 63, 3721)     11.125          0               0               1          1
                (63, 63, 3721)     17.333          0               0               0          1
                (61, 57, 3721)       6.25          0               0               1          1
                (61, 57, 3721)      6.333          0               0               1          1
                (61, 57, 3721)     14.625          0               0               1          1
                (61, 57, 3721)       15.0          0               0               1          1
                (61, 57, 3721)     19.125          0               0               0          1
                (61, 57, 3721)     19.167          0               0               1          1
                (53, 61, 3721)      7.125          0               0               1          1
                (53, 61, 3721)      8.125          0               0               1          1
                (53, 61, 3721)       12.0          0               0               1          1
                (53, 61, 3721)     12.458          0               0               1          1
                (53, 61, 3721)     13.083          0               0               1          1
                (53, 61, 3721)     13.125          0               0               1          1
                (53, 61, 3721)     14.417          0               0               1          1
                (53, 61, 3721)     14.542          0               0               1          1
                (53, 61, 3721)     15.917          0               0               1          1
                (53, 61, 3721)     16.042          0               0               1          1
                (53, 61, 3721)     17.042          0               0               0          1
                (53, 61, 3721)     17.292          0               0               0          1
                (53, 61, 3721)     17.958          0               0               0          1
                (53, 61, 3721)     18.083          0               0               1          1
                (53, 61, 3721)       19.0          0               0               1          2
                (53, 61, 3721)     21.167          0               0               1          1
                (53, 61, 3721)     21.792          0               0               1          1
                (53, 61, 3721)     28.083          0               0               0          1
                (57, 55, 3721)      7.625          0               0               1          1
                (57, 55, 3721)     22.375          0               0               0          1
                (61, 31, 3721)      8.125          0               0               1          1
                (61, 31, 3721)     13.583          0               0               1          1
                (61, 31, 3721)     13.708          0               0               1          1
                (61, 31, 3721)     16.458          0               0               1          1
                (61, 31, 3721)     23.292          0               0               1          1
                (61, 31, 3721)      26.25          0               0               1          1
                (61, 63, 3721)      8.208          0               0               1          1
                (61, 63, 3721)      9.583          0               0               1          1
                (61, 63, 3721)      9.625          0               0               1          1
                (61, 63, 3721)     11.333          0               0               0          1
                (61, 63, 3721)     11.375          0               0               1          1
                (61, 63, 3721)     13.125          0               0               1          1
                (61, 63, 3721)     13.417          0               0               1          1
                (61, 63, 3721)      13.75          0               0               1          1
                (61, 63, 3721)       14.0          0               0               1          1
                (61, 63, 3721)     15.125          0               0               1          1
                (61, 63, 3721)     17.125          0               0               1          1
                (61, 63, 3721)      17.25          0               0               1          1
                (61, 63, 3721)     20.167          0               0               1          1
                (61, 63, 3721)     22.167          0               0               1          1
                (61, 63, 3721)     23.458          0               0               1          1
                (61, 63, 3721)     24.333          0               0               0          1
                (53, 53, 3721)        9.0          0               0               1          1
                (53, 53, 3721)       10.0          0               0               1          1
                (53, 53, 3721)     11.083          0               0               1          1
                (53, 53, 3721)     12.292          0               0               1          1
                (53, 53, 3721)     12.958          0               0               1          1
                (53, 53, 3721)       13.0          0               0               1          1
                (53, 53, 3721)     13.958          0               0               1          1
                (53, 53, 3721)     15.958          0               0               1          1
                (53, 53, 3721)     17.625          0               0               1          1
                (63, 47, 3721)        9.0          0               0               1          1
                (63, 47, 3721)      15.75          0               0               0          1
                (63, 47, 3721)     23.167          0               0               0          1
                (53, 59, 3721)      9.083          0               0               1          1
                (53, 59, 3721)       10.0          0               0               1          1
                (53, 59, 3721)     12.208          0               0               1          1
                (53, 59, 3721)     15.208          0               0               1          1
                (53, 59, 3721)     16.417          0               0               1          1
                (53, 59, 3721)     17.208          0               0               1          1
                (53, 59, 3721)      18.75          0               0               1          1
                (59, 43, 3721)      9.125          0               0               1          1
                (59, 43, 3721)     16.292          0               0               0          1
                (59, 43, 3721)     22.125          0               0               0          1
                (55, 55, 3721)      9.125          0               0               1          1
                (55, 55, 3721)       12.0          0               0               1          1
                (55, 55, 3721)     12.208          0               0               0          1
                (55, 55, 3721)     13.208          0               0               1          1
                (55, 55, 3721)      21.25          0               0               1          1
                (55, 55, 3721)     21.292          0               0               0          1
                (55, 55, 3721)       21.5          0               0               0          1
                (59, 27, 3721)      9.125          0               0               1          1
                (59, 27, 3721)       13.5          0               0               1          1
                (59, 27, 3721)     15.125          0               0               1          1
                (59, 27, 3721)      15.25          0               0               0          1
                (59, 27, 3721)     15.583          0               0               1          1
                (59, 27, 3721)     18.125          0               0               0          1
                (61, 53, 3721)       9.25          0               0               1          1
                (61, 53, 3721)       12.5          0               0               1          1
                (61, 53, 3721)      13.25          0               0               1          1
                (61, 53, 3721)     15.458          0               0               1          1
                (61, 53, 3721)     16.708          0               0               1          1
                (61, 53, 3721)      18.25          0               0               1          1
                (61, 53, 3721)     20.958          0               0               0          1
                (47, 63, 3721)       9.25          0               0               0          1
                (57, 61, 3721)      9.333          0               0               1          1
                (57, 61, 3721)     14.542          0               0               1          1
                (57, 61, 3721)     16.375          0               0               1          1
                (57, 61, 3721)      17.25          0               0               1          2
                (57, 61, 3721)     18.125          0               0               1          1
                (57, 61, 3721)     18.292          0               0               1          1
                (57, 61, 3721)     23.208          0               0               1          1
                (55, 31, 3721)      9.375          0               0               1          1
                (55, 31, 3721)     11.375          0               0               1          1
                (55, 31, 3721)     15.208          0               0               1          1
                (53, 29, 3721)      9.875          0               0               1          1
                (53, 29, 3721)     11.083          0               0               1          1
                (53, 29, 3721)     12.167          0               0               1          1
                (53, 29, 3721)      12.25          0               0               1          1
                (53, 29, 3721)     16.625          0               0               1          1
                (53, 29, 3721)     16.958          0               0               1          2
                (53, 29, 3721)     17.042          0               0               1          1
                (53, 29, 3721)     17.167          0               0               1          1
                (53, 29, 3721)     17.625          0               0               1          1
                (53, 29, 3721)     24.542          0               0               0          1
                (63, 59, 3721)       10.0          0               0               1          1
                (57, 29, 3721)     10.125          0               0               1          1
                (57, 29, 3721)      10.75          0               0               1          1
                (57, 29, 3721)     11.042          0               0               1          1
                (57, 29, 3721)       15.0          0               0               0          1
                (57, 29, 3721)     15.333          0               0               1          1
                (57, 29, 3721)       16.0          0               0               0          1
                (57, 29, 3721)     17.417          0               0               1          1
                (57, 29, 3721)     18.167          0               0               0          1
                (57, 29, 3721)     20.375          0               0               0          1
                (57, 29, 3721)      21.75          0               0               1          1
                (57, 29, 3721)     22.958          0               0               0          1
                (57, 29, 3721)     24.375          0               0               1          1
                (57, 29, 3721)     27.292          0               0               0          1
                (57, 31, 3721)     10.125          0               0               1          1
                (57, 31, 3721)       10.5          0               0               1          1
                (57, 31, 3721)      10.75          0               0               1          1
                (57, 31, 3721)     11.125          0               0               1          2
                (57, 31, 3721)      11.25          0               0               1          1
                (57, 31, 3721)      11.75          0               0               1          1
                (57, 31, 3721)      12.25          0               0               1          1
                (57, 31, 3721)       12.5          0               0               1          2
                (57, 31, 3721)     13.375          0               0               1          2
                (57, 31, 3721)     13.875          0               0               1          1
                (57, 31, 3721)     14.333          0               0               1          1
                (57, 31, 3721)       14.5          0               0               1          1
                (57, 31, 3721)     15.292          0               0               1          1
                (57, 31, 3721)     15.958          0               0               1          1
                (57, 31, 3721)      16.25          0               0               1          1
                (57, 31, 3721)     17.208          0               0               1          1
                (57, 31, 3721)     17.333          0               0               0          1
                (57, 31, 3721)       17.5          0               0               1          1
                (57, 31, 3721)     17.583          0               0               1          1
                (57, 31, 3721)     18.167          0               0               1          2
                (57, 31, 3721)     19.125          0               0               1          1
                (57, 31, 3721)     20.083          0               0               1          1
                (57, 31, 3721)      20.25          0               0               1          1
                (57, 31, 3721)     21.083          0               0               1          1
                (53, 47, 3721)     10.125          0               0               1          1
                (43, 27, 3721)     10.125          0               0               0          1
                (43, 27, 3721)      11.25          0               0               0          1
                (55, 59, 3721)      10.25          0               0               1          1
                (55, 59, 3721)     10.958          0               0               1          1
                (55, 59, 3721)     28.875          0               0               0          1
                (29, 61, 3721)     10.333          0               0               0          1
                (29, 61, 3721)     17.417          0               0               0          1
                (59, 31, 3721)     10.375          0               0               1          1
                (59, 31, 3721)      11.75          0               0               0          1
                (59, 31, 3721)       12.0          0               0               0          1
                (59, 31, 3721)     19.708          0               0               1          1
                (59, 31, 3721)       21.5          0               0               0          1
                (59, 31, 3721)     23.583          0               0               0          1
                (57, 49, 3721)     10.583          0               0               0          1
                (57, 49, 3721)     16.042          0               0               0          1
                (57, 49, 3721)     16.333          0               0               1          1
                (57, 49, 3721)     18.667          0               0               0          1
                (57, 49, 3721)     18.708          0               0               0          1
                (57, 49, 3721)     19.583          0               0               0          1
                (57, 49, 3721)     20.042          0               0               0          1
                (57, 49, 3721)     35.292          0               0               0          1
                (63, 29, 3721)     10.625          0               0               1          1
                (63, 29, 3721)       12.0          0               0               1          1
                (59, 61, 3721)     11.083          0               0               1          1
                (59, 61, 3721)       13.0          0               0               1          1
                (59, 61, 3721)     18.875          0               0               1          1
                (59, 39, 3721)     11.083          0               0               0          1
                (59, 39, 3721)       15.0          0               0               0          1
                (59, 39, 3721)     19.042          0               0               0          1
                (59, 39, 3721)     20.917          0               0               1          1
                (59, 39, 3721)     26.375          0               0               0          1
                (59, 39, 3721)     27.458          0               0               0          1
                (29, 63, 3721)     11.125          0               0               0          1
                (37, 59, 3721)     11.125          0               0               0          1
                (59, 55, 3721)     11.125          0               0               1          1
                (59, 55, 3721)      16.25          0               0               1          1
                (59, 55, 3721)     20.458          0               0               1          1
                (59, 51, 3721)     11.167          0               0               1          1
                (59, 51, 3721)     15.875          0               0               1          1
                (59, 51, 3721)     17.542          0               0               0          1
                (59, 51, 3721)     18.542          0               0               0          1
                (59, 51, 3721)      19.25          0               0               1          1
                (57, 25, 3721)     11.333          0               0               1          1
                (57, 25, 3721)      13.25          0               0               1          1
                (57, 25, 3721)     13.542          0               0               1          1
                (57, 25, 3721)     15.208          0               0               1          1
                (57, 25, 3721)      17.25          0               0               0          1
                (57, 25, 3721)     17.417          0               0               1          1
                (57, 25, 3721)       17.5          0               0               1          1
                (57, 25, 3721)     18.167          0               0               1          1
                (57, 25, 3721)     19.125          0               0               0          1
                (57, 25, 3721)     19.792          0               0               1          1
                (57, 25, 3721)     23.333          0               0               0          1
                (51, 55, 3721)     11.417          0               0               1          1
                (47, 31, 3721)       11.5          0               0               0          1
                (47, 55, 3721)     11.542          0               0               0          1
                (59, 59, 3721)     11.583          0               0               1          1
                (59, 59, 3721)     12.583          0               0               1          1
                (59, 59, 3721)     15.125          0               0               1          1
                (51, 31, 3721)     11.667          0               0               1          1
                (51, 31, 3721)     13.375          0               0               1          1
                (51, 31, 3721)     16.125          0               0               1          1
                (51, 31, 3721)     17.458          0               0               1          1
                (51, 31, 3721)      18.25          0               0               1          1
                (51, 31, 3721)     19.333          0               0               0          1
                (51, 31, 3721)     19.667          0               0               1          1
                (51, 31, 3721)     20.125          0               0               0          1
                (51, 31, 3721)     20.167          0               0               1          1
                (51, 31, 3721)     20.375          0               0               0          1
                (51, 31, 3721)      21.25          0               0               0          1
                (51, 31, 3721)     21.292          0               0               1          1
                (51, 31, 3721)     21.375          0               0               1          1
                (51, 31, 3721)     22.208          0               0               1          1
                (51, 31, 3721)     23.208          0               0               0          1
                (51, 31, 3721)     26.083          0               0               0          1
                (63, 61, 3721)     11.792          0               0               0          1
                (63, 61, 3721)       15.5          0               0               1          1
                (63, 61, 3721)     18.167          0               0               1          1
                (63, 61, 3721)      18.25          0               0               1          1
                (63, 61, 3721)      22.75          0               0               1          1
                (61, 21, 3721)       12.0          0               0               1          1
                (61, 21, 3721)      12.25          0               0               1          1
                (61, 21, 3721)      13.25          0               0               0          1
                (61, 21, 3721)     13.333          0               0               1          1
                (61, 21, 3721)     14.333          0               0               1          1
                (61, 21, 3721)     14.875          0               0               1          1
                (61, 21, 3721)     15.583          0               0               1          1
                (61, 21, 3721)      16.25          0               0               1          1
                (61, 21, 3721)     17.375          0               0               1          1
                (61, 21, 3721)      17.75          0               0               0          1
                (61, 21, 3721)       18.0          0               0               1          1
                (61, 21, 3721)      20.25          0               0               0          1
                (61, 21, 3721)     22.667          0               0               1          1
                (61, 21, 3721)     26.083          0               0               1          1
                (61, 21, 3721)     28.542          0               0               0          1
                (51, 63, 3721)       12.0          0               0               1          1
                (51, 63, 3721)       13.5          0               0               0          1
                (51, 63, 3721)     17.625          0               0               0          1
                (51, 63, 3721)       18.0          0               0               1          1
                (51, 63, 3721)     18.125          0               0               1          1
                (51, 63, 3721)     19.125          0               0               0          1
                (51, 63, 3721)     20.208          0               0               1          1
                (51, 63, 3721)     20.375          0               0               1          1
                (51, 63, 3721)     20.583          0               0               1          1
                (51, 63, 3721)     21.167          0               0               1          1
                (55, 39, 3721)     12.042          0               0               1          1
                (55, 39, 3721)     17.875          0               0               0          1
                (55, 39, 3721)     19.833          0               0               1          1
                (55, 39, 3721)     21.292          0               0               0          1
                (57, 57, 3721)     12.083          0               0               0          1
                (57, 57, 3721)     13.375          0               0               1          1
                (57, 57, 3721)       16.5          0               0               0          1
                (57, 57, 3721)     18.083          0               0               0          1
                (57, 57, 3721)     25.333          0               0               0          1
                (37, 63, 3721)     12.083          0               0               0          1
                (37, 63, 3721)     16.125          0               0               0          1
                (37, 63, 3721)     19.583          0               0               0          1
                (41, 53, 3721)     12.125          0               0               0          1
                (57, 47, 3721)     12.125          0               0               1          1
                (57, 45, 3721)     12.125          0               0               0          1
                (57, 45, 3721)     18.292          0               0               1          1
                (57, 45, 3721)     21.375          0               0               0          1
                (61, 55, 3721)      12.25          0               0               1          1
                (61, 55, 3721)     16.083          0               0               0          1
                (61, 55, 3721)     19.417          0               0               0          1
                (61, 55, 3721)     21.208          0               0               1          1
                (51, 23, 3721)      12.25          0               0               1          1
                (51, 23, 3721)     18.792          0               0               1          1
                (51, 23, 3721)       19.5          0               0               0          1
                (51, 23, 3721)     25.292          0               0               0          1
                (45, 31, 3721)     12.333          0               0               0          1
                (45, 31, 3721)      16.25          0               0               0          1
                (45, 31, 3721)     18.375          0               0               0          1
                (55, 61, 3721)       13.0          0               0               1          1
                (49, 57, 3721)     13.042          0               0               0          1
                (49, 57, 3721)     18.125          0               0               0          1
                (49, 57, 3721)     18.333          0               0               1          1
                (49, 57, 3721)     19.375          0               0               1          1
                (49, 57, 3721)     20.083          0               0               0          1
                (61, 45, 3721)     13.042          0               0               1          1
                (61, 45, 3721)     18.125          0               0               1          1
                (51, 19, 3721)     13.083          0               0               1          1
                (51, 19, 3721)     18.042          0               0               0          1
                (49, 63, 3721)     13.125          0               0               0          1
                (49, 63, 3721)      13.25          0               0               0          1
                (49, 63, 3721)     14.208          0               0               1          1
                (49, 63, 3721)      15.25          0               0               0          1
                (49, 63, 3721)     17.208          0               0               1          1
                (49, 63, 3721)     19.292          0               0               0          1
                (49, 63, 3721)     20.167          0               0               1          1
                (49, 63, 3721)     25.375          0               0               1          1
                (63, 53, 3721)     13.125          0               0               0          1
                (63, 53, 3721)       14.0          0               0               1          1
                (63, 53, 3721)     15.417          0               0               1          1
                (63, 53, 3721)       15.5          0               0               0          1
                (63, 53, 3721)       17.0          0               0               0          1
                (63, 53, 3721)      17.25          0               0               1          1
                (63, 53, 3721)      18.75          0               0               0          1
                (63, 53, 3721)     18.833          0               0               0          1
                (63, 53, 3721)     21.125          0               0               0          1
                (63, 53, 3721)       21.5          0               0               0          1
                (63, 53, 3721)     22.792          0               0               1          1
                (63, 53, 3721)     23.042          0               0               1          1
                (63, 53, 3721)     23.208          0               0               0          1
                (39, 63, 3721)     13.125          0               0               0          1
                (39, 63, 3721)     17.583          0               0               0          1
                (39, 63, 3721)     19.583          0               0               0          1
                (53, 51, 3721)     13.125          0               0               1          1
                (53, 51, 3721)       16.0          0               0               0          1
                (53, 51, 3721)     18.125          0               0               0          1
                (53, 51, 3721)       22.0          0               0               0          2
                (61, 59, 3721)     13.125          0               0               1          1
                (61, 59, 3721)     15.083          0               0               1          1
                (61, 59, 3721)     18.458          0               0               0          1
                (61, 59, 3721)     21.792          0               0               1          1
                (53, 27, 3721)     13.208          0               0               1          1
                (53, 27, 3721)       14.5          0               0               1          1
                (57, 21, 3721)     13.208          0               0               0          1
                (57, 21, 3721)     21.375          0               0               1          1
                (57, 21, 3721)     25.375          0               0               1          1
                (57, 21, 3721)       27.5          0               0               0          1
                (53, 63, 3721)      13.25          0               0               1          1
                (53, 63, 3721)       14.0          0               0               1          1
                (53, 63, 3721)     14.125          0               0               1          1
                (53, 63, 3721)      14.25          0               0               1          1
                (53, 63, 3721)     16.125          0               0               1          1
                (53, 63, 3721)     16.208          0               0               1          1
                (53, 63, 3721)     17.125          0               0               0          1
                (53, 63, 3721)     20.208          0               0               1          1
                (53, 63, 3721)     22.708          0               0               1          1
                (53, 63, 3721)     23.333          0               0               0          1
                (55, 51, 3721)     13.458          0               0               1          1
                (55, 51, 3721)     17.625          0               0               1          1
                (55, 51, 3721)     18.125          0               0               0          1
                (55, 51, 3721)     19.292          0               0               1          1
                (55, 51, 3721)     20.042          0               0               1          1
                (55, 51, 3721)       20.5          0               0               0          1
                (55, 51, 3721)     22.875          0               0               0          1
                (49, 25, 3721)       13.5          0               0               1          1
                (49, 25, 3721)       16.5          0               0               1          1
                (49, 25, 3721)     17.625          0               0               1          1
                (49, 25, 3721)     20.583          0               0               0          1
                (49, 25, 3721)     20.625          0               0               1          1
                (53, 13, 3721)     13.583          0               0               1          1
                (53, 13, 3721)     17.375          0               0               1          1
                (53, 13, 3721)     25.042          0               0               0          1
                (61, 23, 3721)     13.708          0               0               1          1
                (61, 23, 3721)     14.875          0               0               1          1
                (61, 23, 3721)     16.375          0               0               1          1
                (61, 23, 3721)     20.958          0               0               0          1
                (53, 25, 3721)     13.833          0               0               1          1
                (57, 59, 3721)     13.917          0               0               0          1
                (57, 59, 3721)     17.375          0               0               1          1
                (57, 59, 3721)     18.042          0               0               0          1
                (49, 55, 3721)     14.125          0               0               0          1
                (49, 55, 3721)     16.292          0               0               0          1
                (49, 55, 3721)     18.292          0               0               0          1
                (49, 55, 3721)     23.208          0               0               0          1
                (49, 55, 3721)     25.042          0               0               0          1
                (41, 63, 3721)     14.125          0               0               0          1
                (41, 63, 3721)     30.292          0               0               0          1
                (63, 43, 3721)     14.167          0               0               1          1
                (63, 43, 3721)     15.125          0               0               1          1
                (55, 35, 3721)     14.167          0               0               1          1
                (55, 35, 3721)      27.25          0               0               0          1
                (61, 43, 3721)     14.208          0               0               0          1
                (61, 43, 3721)     16.333          0               0               0          1
                (57, 17, 3721)     14.208          0               0               1          1
                (57, 17, 3721)      14.25          0               0               1          1
                (57, 17, 3721)     14.542          0               0               0          1
                (57, 17, 3721)     17.875          0               0               0          1
                (57, 17, 3721)     18.167          0               0               0          1
                (57, 17, 3721)       18.5          0               0               0          1
                (57, 17, 3721)       19.0          0               0               0          1
                (57, 17, 3721)     19.958          0               0               0          1
                (57, 17, 3721)     20.083          0               0               0          1
                (57, 17, 3721)     20.208          0               0               0          1
                (57, 17, 3721)     21.417          0               0               0          1
                (57, 17, 3721)     21.542          0               0               0          1
                (57, 17, 3721)     24.125          0               0               0          1
                (57, 17, 3721)     24.292          0               0               0          1
                (57, 17, 3721)     25.375          0               0               0          1
                (57, 17, 3721)      26.75          0               0               0          1
                (57, 17, 3721)     26.875          0               0               0          1
                (57, 17, 3721)     29.542          0               0               0          1
                (51, 27, 3721)      14.25          0               0               1          1
                (51, 27, 3721)     19.417          0               0               0          1
                (51, 27, 3721)     22.375          0               0               1          1
                (51, 27, 3721)       27.0          0               0               0          1
                (59, 23, 3721)      14.25          0               0               0          1
                (59, 23, 3721)     16.542          0               0               0          1
                (59, 23, 3721)     21.708          0               0               1          1
                (59, 23, 3721)     24.583          0               0               1          1
                (59, 23, 3721)      26.25          0               0               1          1
                (57, 19, 3721)      14.25          0               0               1          1
                (57, 19, 3721)     20.375          0               0               0          1
                (57, 19, 3721)      23.25          0               0               0          1
                (25, 31, 3721)     14.375          0               0               0          1
                (53, 21, 3721)       14.5          0               0               1          1
                (53, 21, 3721)     16.375          0               0               1          1
                (53, 21, 3721)     17.625          0               0               1          1
                (53, 21, 3721)      20.25          0               0               1          1
                (57, 37, 3721)       14.5          0               0               0          1
                (57, 37, 3721)     18.292          0               0               0          1
                (57, 37, 3721)      20.75          0               0               0          1
                (59, 17, 3721)     14.625          0               0               1          1
                (59, 17, 3721)     18.625          0               0               1          1
                (59, 17, 3721)     22.333          0               0               0          1
                (61, 51, 3721)       15.0          0               0               0          1
                (61, 51, 3721)     27.792          0               0               1          1
                (37, 53, 3721)     15.042          0               0               0          1
                (49, 31, 3721)     15.125          0               0               1          1
                (49, 31, 3721)     15.375          0               0               1          1
                (49, 31, 3721)     15.583          0               0               1          1
                (49, 31, 3721)     17.708          0               0               1          1
                (49, 31, 3721)     18.083          0               0               1          2
                (49, 31, 3721)     18.167          0               0               1          1
                (49, 31, 3721)       18.5          0               0               1          1
                (49, 31, 3721)     19.125          0               0               1          1
                (49, 31, 3721)     20.208          0               0               0          1
                (49, 31, 3721)      21.75          0               0               0          1
                (49, 31, 3721)     22.167          0               0               0          1
                (49, 31, 3721)     23.125          0               0               1          1
                (49, 31, 3721)     25.292          0               0               1          1
                (49, 31, 3721)     29.833          0               0               0          1
                (55, 47, 3721)     15.208          0               0               1          1
                (55, 47, 3721)       15.5          0               0               1          1
                (63, 57, 3721)      15.25          0               0               1          2
                (63, 57, 3721)      22.25          0               0               1          1
                 (57, 5, 3721)      15.25          0               0               0          1
                 (57, 5, 3721)     17.292          0               0               0          1
                 (57, 5, 3721)     19.167          0               0               0          1
                 (57, 5, 3721)     21.375          0               0               0          1
                 (57, 5, 3721)     22.375          0               0               0          1
                (63, 31, 3721)     15.292          0               0               1          1
                (63, 31, 3721)      16.25          0               0               1          1
                (63, 31, 3721)       24.5          0               0               0          1
                (63, 35, 3721)     15.292          0               0               0          1
                (63, 35, 3721)     18.458          0               0               0          1
                (63, 35, 3721)     23.333          0               0               0          1
                (63, 35, 3721)     24.875          0               0               0          1
                (63, 35, 3721)     26.208          0               0               0          1
                 (51, 7, 3721)     15.333          0               0               1          1
                 (51, 7, 3721)     22.583          0               0               1          1
                (63, 49, 3721)     15.333          0               0               1          1
                (63, 49, 3721)       16.0          0               0               1          2
                (63, 49, 3721)     21.167          0               0               0          1
                (63, 49, 3721)     23.458          0               0               0          1
                (63, 49, 3721)       28.0          0               0               0          1
                (61, 39, 3721)     15.333          0               0               1          1
                (61, 25, 3721)     15.375          0               0               0          1
                (61, 25, 3721)     16.125          0               0               1          1
                (61, 25, 3721)     16.333          0               0               1          1
                (61, 25, 3721)     16.917          0               0               1          1
                (61, 25, 3721)     18.417          0               0               1          1
                 (49, 9, 3721)     15.375          0               0               0          1
                (57, 23, 3721)     15.375          0               0               1          1
                (57, 23, 3721)     16.542          0               0               1          1
                (57, 23, 3721)       18.5          0               0               1          1
                (57, 23, 3721)      19.25          0               0               0          1
                (57, 23, 3721)      23.75          0               0               1          1
                (21, 59, 3721)       15.5          0               0               0          1
                (61, 37, 3721)       15.5          0               0               1          1
                (61, 37, 3721)     24.917          0               0               0          1
                (57, 39, 3721)     15.708          0               0               1          1
                (57, 39, 3721)      19.25          0               0               0          1
                (57, 39, 3721)     24.083          0               0               0          1
                (41, 61, 3721)       16.0          0               0               0          1
                (59, 37, 3721)       16.0          0               0               0          1
                (59, 37, 3721)     18.417          0               0               0          1
                (55, 29, 3721)     16.083          0               0               1          1
                (55, 29, 3721)       26.0          0               0               1          1
                (37, 29, 3721)     16.083          0               0               0          1
                (37, 29, 3721)      22.25          0               0               0          1
                (53, 55, 3721)     16.125          0               0               1          1
                (63, 23, 3721)     16.125          0               0               1          1
                (63, 23, 3721)     18.333          0               0               0          1
                (63, 23, 3721)     27.333          0               0               0          1
                (63, 25, 3721)     16.167          0               0               1          1
                (63, 25, 3721)     22.125          0               0               0          1
                (63, 25, 3721)     22.208          0               0               0          1
                (59, 49, 3721)     16.208          0               0               0          1
                (59, 49, 3721)     29.417          0               0               0          1
                (59, 49, 3721)     32.875          0               0               0          1
                (45, 21, 3721)      16.25          0               0               0          1
                 (61, 5, 3721)      16.25          0               0               1          1
                 (61, 5, 3721)      17.25          0               0               0          1
                 (61, 5, 3721)     18.625          0               0               0          1
                 (61, 5, 3721)      19.25          0               0               0          1
                (51, 59, 3721)     16.292          0               0               0          1
                (51, 59, 3721)     23.292          0               0               0          1
                 (57, 1, 3721)     16.292          0               0               1          1
                 (57, 1, 3721)     17.958          0               0               0          1
                 (57, 1, 3721)     18.625          0               0               0          2
                 (57, 1, 3721)     20.167          0               0               0          1
                 (57, 1, 3721)     20.375          0               0               0          1
                 (57, 1, 3721)     22.583          0               0               0          1
                 (57, 1, 3721)       24.0          0               0               0          1
                 (57, 1, 3721)     24.583          0               0               0          1
                 (57, 1, 3721)     26.167          0               0               0          1
                (25, 29, 3721)     16.417          0               0               0          1
                (25, 29, 3721)     22.333          0               0               0          1
                (61, 13, 3721)     16.458          0               0               1          1
                (61, 27, 3721)       16.5          0               0               1          1
                (61, 27, 3721)     23.583          0               0               1          1
                (63, 51, 3721)     16.542          0               0               1          1
                (63, 51, 3721)     17.292          0               0               1          1
                (63, 51, 3721)     19.375          0               0               1          1
                (63, 51, 3721)      21.25          0               0               1          1
                (63, 51, 3721)     21.292          0               0               0          1
                (63, 51, 3721)     23.333          0               0               1          1
                (61, 41, 3721)     16.625          0               0               1          1
                (61, 41, 3721)     16.875          0               0               1          1
                (61, 41, 3721)     21.083          0               0               0          1
                (61, 41, 3721)     22.417          0               0               1          1
                (61, 41, 3721)     26.125          0               0               0          1
                (61, 41, 3721)     26.375          0               0               0          1
                (59, 53, 3721)     16.625          0               0               1          1
                (59, 53, 3721)     18.375          0               0               0          1
                (59, 53, 3721)     19.042          0               0               1          1
                (59, 53, 3721)      20.25          0               0               0          1
                (59, 53, 3721)     21.125          0               0               0          1
                (59, 57, 3721)     17.042          0               0               1          1
                (59, 57, 3721)     22.208          0               0               0          1
                (51, 51, 3721)     17.083          0               0               1          1
                (51, 51, 3721)     28.417          0               0               0          1
                (63, 21, 3721)     17.125          0               0               0          1
                (63, 21, 3721)      22.25          0               0               1          1
                (63, 45, 3721)     17.125          0               0               0          1
                (63, 45, 3721)     19.208          0               0               0          1
                (59, 19, 3721)     17.125          0               0               0          1
                (59, 19, 3721)     17.375          0               0               1          1
                (59, 19, 3721)     22.125          0               0               0          1
                (59, 19, 3721)     24.292          0               0               0          1
                (59, 19, 3721)     24.333          0               0               0          1
                (53, 45, 3721)     17.125          0               0               1          1
                (39, 55, 3721)     17.125          0               0               0          1
                (53, 31, 3721)     17.375          0               0               1          1
                (53, 31, 3721)     18.125          0               0               1          1
                (53, 31, 3721)     20.375          0               0               1          1
                (53, 31, 3721)     23.667          0               0               1          1
                (53, 31, 3721)     23.708          0               0               1          1
                (55, 23, 3721)     17.375          0               0               0          1
                (55, 23, 3721)     19.167          0               0               0          1
                (55, 23, 3721)     20.125          0               0               1          1
                (55, 23, 3721)     21.958          0               0               0          1
                (55, 23, 3721)     22.083          0               0               1          1
                (61, 17, 3721)       17.5          0               0               1          1
                (61, 17, 3721)     19.042          0               0               1          1
                (61, 17, 3721)      21.25          0               0               0          1
                (61, 17, 3721)     21.333          0               0               0          1
                (61, 17, 3721)     24.125          0               0               0          1
                (45, 61, 3721)       17.5          0               0               0          1
                 (63, 7, 3721)       17.5          0               0               1          1
                 (63, 7, 3721)       18.5          0               0               1          1
                 (63, 7, 3721)     18.667          0               0               1          1
                 (63, 7, 3721)     20.292          0               0               1          1
                 (63, 7, 3721)     22.042          0               0               0          1
                 (63, 7, 3721)     23.875          0               0               1          1
                 (59, 7, 3721)     17.542          0               0               1          1
                 (59, 7, 3721)     21.125          0               0               0          1
                 (59, 7, 3721)     21.208          0               0               0          1
                (35, 27, 3721)     17.583          0               0               0          1
                (33, 63, 3721)     17.625          0               0               0          1
                (33, 63, 3721)       24.5          0               0               0          1
                 (61, 9, 3721)      17.75          0               0               0          1
                (49, 37, 3721)     17.833          0               0               0          1
                (55, 27, 3721)       18.0          0               0               0          1
                (55, 27, 3721)       20.0          0               0               1          1
                (55, 27, 3721)     31.083          0               0               0          1
                (63, 33, 3721)       18.0          0               0               0          1
                (63, 33, 3721)     19.375          0               0               0          1
                (63, 33, 3721)     20.208          0               0               0          1
                (63, 33, 3721)     21.125          0               0               0          1
                (63, 33, 3721)     21.375          0               0               0          1
                (63, 33, 3721)       23.0          0               0               0          1
                (63, 33, 3721)     23.167          0               0               0          1
                (63, 33, 3721)     24.333          0               0               0          1
                (63, 33, 3721)     24.417          0               0               0          2
                (63, 33, 3721)     24.667          0               0               0          1
                (63, 33, 3721)     25.208          0               0               0          3
                (63, 33, 3721)     25.292          0               0               0          1
                (63, 33, 3721)     25.542          0               0               0          1
                (63, 33, 3721)     26.375          0               0               0          1
                (63, 33, 3721)     28.583          0               0               0          1
                (63, 33, 3721)     28.917          0               0               0          1
                (63, 33, 3721)       29.5          0               0               0          1
                (63, 33, 3721)     29.958          0               0               0          1
                (63, 33, 3721)     30.375          0               0               0          1
                (63, 33, 3721)      31.25          0               0               0          2
                (55, 15, 3721)     18.083          0               0               0          1
                (57, 33, 3721)     18.083          0               0               0          1
                (57, 33, 3721)      18.25          0               0               0          1
                (57, 33, 3721)       20.5          0               0               0          1
                (57, 33, 3721)      22.75          0               0               0          1
                (57, 33, 3721)     23.042          0               0               0          1
                (57, 33, 3721)     25.458          0               0               0          1
                (57, 33, 3721)       25.5          0               0               0          1
                (57, 33, 3721)     27.833          0               0               0          1
                (63, 17, 3721)     18.125          0               0               0          1
                (63, 17, 3721)     20.125          0               0               0          1
                (63, 17, 3721)      21.25          0               0               0          1
                (63, 17, 3721)     22.542          0               0               0          1
                (63, 17, 3721)     23.583          0               0               0          1
                (63, 17, 3721)     24.958          0               0               0          1
                (63, 17, 3721)     25.125          0               0               0          1
                (63, 17, 3721)     25.625          0               0               0          1
                (63, 17, 3721)       28.5          0               0               0          1
                (63, 17, 3721)     29.625          0               0               0          1
                (63, 17, 3721)     29.833          0               0               0          1
                (61, 49, 3721)     18.167          0               0               1          1
                (61, 49, 3721)     18.375          0               0               0          1
                (61, 49, 3721)     19.167          0               0               0          1
                (61, 49, 3721)     20.458          0               0               0          1
                (61, 49, 3721)     21.125          0               0               0          1
                (61, 49, 3721)     22.208          0               0               0          1
                (61, 49, 3721)     23.542          0               0               0          1
                (61, 49, 3721)     23.583          0               0               0          1
                (61, 49, 3721)      25.25          0               0               0          1
                (61, 49, 3721)      30.25          0               0               1          1
                (31, 45, 3721)      18.25          0               0               0          1
                 (63, 1, 3721)      18.25          0               0               0          1
                 (63, 1, 3721)     19.708          0               0               1          1
                 (63, 1, 3721)     20.125          0               0               0          1
                 (63, 1, 3721)     22.125          0               0               0          1
                 (63, 1, 3721)      22.25          0               0               0          1
                 (63, 1, 3721)       23.0          0               0               0          1
                 (63, 1, 3721)     23.042          0               0               0          1
                 (63, 1, 3721)     24.125          0               0               0          1
                 (63, 1, 3721)     24.292          0               0               0          1
                 (63, 1, 3721)     24.417          0               0               0          1
                 (63, 1, 3721)     25.875          0               0               0          1
                 (63, 1, 3721)     27.625          0               0               0          1
                 (63, 1, 3721)     29.292          0               0               0          1
                 (63, 1, 3721)     29.625          0               0               0          1
                 (63, 1, 3721)     29.667          0               0               0          1
                 (63, 1, 3721)     30.125          0               0               0          1
                 (63, 1, 3721)     30.292          0               0               0          1
                 (63, 1, 3721)     30.375          0               0               0          1
                 (63, 1, 3721)     32.208          0               0               0          1
                (41, 31, 3721)      18.25          0               0               0          1
                (41, 31, 3721)     23.333          0               0               0          1
                (41, 31, 3721)     25.333          0               0               0          1
                (51, 37, 3721)     18.333          0               0               0          1
                (51, 29, 3721)     18.333          0               0               1          1
                (57, 13, 3721)     18.333          0               0               0          1
                (43, 63, 3721)     18.375          0               0               0          1
                 (61, 1, 3721)     18.417          0               0               1          1
                 (61, 1, 3721)     19.375          0               0               0          1
                 (61, 1, 3721)       21.5          0               0               0          1
                 (61, 1, 3721)     22.458          0               0               0          1
                 (61, 1, 3721)       23.0          0               0               0          1
                (55, 43, 3721)     18.542          0               0               0          1
                (61, 33, 3721)     18.583          0               0               0          1
                (61, 33, 3721)     21.167          0               0               0          1
                (61, 33, 3721)     22.458          0               0               0          1
                (61, 33, 3721)      23.25          0               0               0          1
                (61, 33, 3721)     24.667          0               0               0          1
                (61, 33, 3721)       26.0          0               0               0          1
                (61, 33, 3721)     26.125          0               0               0          1
                (49, 15, 3721)     18.667          0               0               1          1
                (41, 25, 3721)     18.792          0               0               0          1
                (63, 37, 3721)     18.958          0               0               0          1
                (63, 37, 3721)     19.292          0               0               0          1
                (63, 37, 3721)     22.083          0               0               0          1
                (63, 37, 3721)     23.333          0               0               0          1
                (63, 37, 3721)     23.375          0               0               1          1
                (63, 37, 3721)     23.625          0               0               0          1
                (63, 37, 3721)     24.667          0               0               0          1
                (63, 37, 3721)     24.792          0               0               0          1
                (63, 37, 3721)      27.75          0               0               0          1
                (63, 37, 3721)     29.083          0               0               0          1
                (63, 37, 3721)     32.292          0               0               0          1
                (63, 37, 3721)       33.0          0               0               0          1
                (55, 25, 3721)       19.0          0               0               1          1
                 (53, 3, 3721)     19.125          0               0               1          1
                 (53, 3, 3721)     27.625          0               0               0          1
                (59, 15, 3721)      19.25          0               0               0          1
                (59, 15, 3721)       22.0          0               0               0          1
                (45, 63, 3721)      19.25          0               0               0          1
                (53, 57, 3721)      19.25          0               0               1          1
                (53, 57, 3721)     20.167          0               0               0          1
                (53, 57, 3721)     21.083          0               0               0          1
                (57, 53, 3721)      19.25          0               0               0          1
                (51, 47, 3721)      19.25          0               0               1          1
                (51, 39, 3721)      19.25          0               0               0          1
                (51, 39, 3721)      21.25          0               0               0          1
                (51, 39, 3721)     26.333          0               0               0          1
                (51, 39, 3721)     27.458          0               0               0          1
                (63, 19, 3721)     19.375          0               0               0          1
                (63, 19, 3721)      21.25          0               0               0          1
                (63, 19, 3721)     22.375          0               0               0          1
                (63, 19, 3721)     22.792          0               0               0          1
                (53, 49, 3721)     19.417          0               0               1          1
                 (63, 3, 3721)     19.417          0               0               1          1
                 (63, 3, 3721)      20.75          0               0               0          1
                 (63, 3, 3721)       24.0          0               0               0          1
                 (63, 3, 3721)      29.25          0               0               0          1
                 (63, 3, 3721)     31.292          0               0               0          1
                 (63, 3, 3721)       32.0          0               0               0          1
                (51, 11, 3721)     19.458          0               0               0          1
                (51, 11, 3721)     26.375          0               0               0          1
                (51, 11, 3721)     32.542          0               0               0          1
                (61, 19, 3721)       19.5          0               0               1          1
                (49, 21, 3721)     19.708          0               0               1          1
                (49, 21, 3721)     21.458          0               0               1          1
                (23, 55, 3721)      19.75          0               0               0          1
                (23, 55, 3721)     22.125          0               0               0          1
                (49, 29, 3721)     19.792          0               0               1          1
                (49, 29, 3721)     24.208          0               0               0          1
                (59, 35, 3721)     19.833          0               0               0          1
                (59, 35, 3721)     20.125          0               0               0          1
                (59, 35, 3721)     24.417          0               0               0          1
                (59, 35, 3721)     27.417          0               0               0          1
                (51, 25, 3721)     20.125          0               0               0          1
                 (63, 5, 3721)     20.125          0               0               0          1
                 (63, 5, 3721)      21.25          0               0               0          1
                 (63, 5, 3721)     23.042          0               0               0          1
                 (63, 5, 3721)     23.167          0               0               0          1
                 (63, 5, 3721)     24.125          0               0               0          1
                 (63, 5, 3721)     31.792          0               0               0          1
                (55, 17, 3721)     20.125          0               0               0          1
                (55, 17, 3721)     30.417          0               0               1          1
                 (57, 9, 3721)     20.125          0               0               0          1
                 (57, 9, 3721)     24.708          0               0               0          1
                 (57, 9, 3721)     28.292          0               0               0          1
                 (57, 9, 3721)     31.708          0               0               0          1
                (55, 45, 3721)      20.25          0               0               1          1
                (21, 63, 3721)     20.292          0               0               0          1
                (21, 63, 3721)     21.417          0               0               0          1
                (31, 49, 3721)     20.292          0               0               0          1
                (31, 49, 3721)     22.333          0               0               0          1
                (55, 53, 3721)     20.375          0               0               1          1
                (55, 53, 3721)     27.708          0               0               0          1
                (55, 53, 3721)       29.5          0               0               1          1
                (59, 25, 3721)     20.417          0               0               1          1
                (49, 27, 3721)     20.417          0               0               1          1
                (39, 31, 3721)       20.5          0               0               0          1
                (49, 23, 3721)      20.75          0               0               1          1
                (49, 23, 3721)       24.5          0               0               1          1
                (49, 23, 3721)     26.333          0               0               0          1
                 (31, 5, 3721)     20.958          0               0               0          1
                (23, 63, 3721)     21.125          0               0               0          1
                (59, 33, 3721)      21.25          0               0               0          1
                (59, 33, 3721)      25.25          0               0               0          1
                (59, 33, 3721)     27.292          0               0               0          1
                (57, 41, 3721)     21.292          0               0               0          1
                (57, 41, 3721)       22.0          0               0               0          1
                (57, 41, 3721)      22.25          0               0               0          1
                (57, 41, 3721)      26.25          0               0               0          1
                (45, 17, 3721)     21.333          0               0               0          1
                 (59, 3, 3721)     21.583          0               0               0          1
                 (59, 3, 3721)     22.458          0               0               0          1
                 (59, 3, 3721)     23.375          0               0               0          1
                 (59, 3, 3721)       23.5          0               0               0          1
                 (59, 3, 3721)       27.5          0               0               0          1
                 (59, 3, 3721)     27.833          0               0               0          1
                 (59, 3, 3721)     30.667          0               0               0          1
                (53, 23, 3721)     21.583          0               0               1          1
                 (49, 1, 3721)     21.708          0               0               0          1
                (59, 11, 3721)     21.833          0               0               0          1
                (55, 33, 3721)     21.875          0               0               0          1
                (55, 33, 3721)     22.125          0               0               0          1
                (55, 33, 3721)     23.083          0               0               0          1
                (55, 33, 3721)     27.375          0               0               0          1
                (55, 33, 3721)     29.292          0               0               0          1
                (45, 25, 3721)     22.083          0               0               0          1
                 (55, 9, 3721)     22.125          0               0               0          1
                (17, 31, 3721)     22.167          0               0               0          1
                 (49, 5, 3721)     22.167          0               0               1          1
                (59, 21, 3721)     22.292          0               0               0          1
                (31, 59, 3721)     22.375          0               0               0          1
                (33, 31, 3721)     22.542          0               0               0          1
                (43, 19, 3721)      22.75          0               0               0          1
                (55, 41, 3721)      22.75          0               0               0          1
                (43, 51, 3721)     22.792          0               0               0          1
                (51, 43, 3721)     22.958          0               0               0          1
                 (5, 61, 3721)       23.0          0               0               0          1
                (59, 13, 3721)     23.083          0               0               0          1
                (27, 23, 3721)     23.083          0               0               0          1
                (55, 19, 3721)     23.208          0               0               0          1
                (47, 41, 3721)     23.375          0               0               0          1
                (55, 57, 3721)     23.458          0               0               0          1
                 (63, 9, 3721)     23.458          0               0               0          1
                 (63, 9, 3721)     26.208          0               0               0          1
                 (63, 9, 3721)     32.292          0               0               0          1
                (63, 11, 3721)       23.5          0               0               0          1
                (63, 11, 3721)     24.792          0               0               0          1
                (25, 13, 3721)     23.583          0               0               0          1
                 (51, 3, 3721)     23.583          0               0               0          1
                 (51, 3, 3721)     23.833          0               0               0          1
                 (51, 3, 3721)       26.0          0               0               0          1
                (15, 33, 3721)     23.625          0               0               0          1
                (45, 13, 3721)     23.708          0               0               0          1
                 (55, 3, 3721)     23.708          0               0               0          1
                 (55, 3, 3721)     27.292          0               0               0          1
                (49, 47, 3721)      23.75          0               0               0          1
                (61, 35, 3721)     24.042          0               0               0          1
                 (53, 9, 3721)     24.083          0               0               0          1
                 (53, 9, 3721)     26.792          0               0               0          1
                 (53, 9, 3721)       28.5          0               0               0          1
                 (53, 9, 3721)      33.25          0               0               0          1
                (39, 37, 3721)      24.25          0               0               0          1
                (27, 13, 3721)     24.375          0               0               0          1
                 (53, 5, 3721)     24.417          0               0               0          1
                (25, 61, 3721)     24.708          0               0               0          1
                (63, 41, 3721)       25.0          0               0               0          1
                (63, 41, 3721)      27.75          0               0               0          1
                (63, 41, 3721)     29.292          0               0               0          1
                (63, 41, 3721)     29.833          0               0               0          1
                (29, 51, 3721)     25.083          0               0               0          1
                (47, 53, 3721)     25.125          0               0               0          1
                (53, 19, 3721)     25.125          0               0               0          1
                (51, 57, 3721)     25.167          0               0               0          1
                (51, 57, 3721)     26.708          0               0               0          1
                (43, 29, 3721)     25.208          0               0               0          1
                (53, 17, 3721)     25.333          0               0               0          1
                (37, 51, 3721)     25.375          0               0               0          1
                 (53, 1, 3721)     25.375          0               0               0          1
                 (53, 1, 3721)     26.375          0               0               0          1
                (37, 27, 3721)     25.417          0               0               0          1
                 (55, 5, 3721)     25.417          0               0               0          1
                 (55, 5, 3721)     29.125          0               0               0          1
                (41, 33, 3721)     25.458          0               0               0          1
                (39, 57, 3721)     25.458          0               0               0          1
                (39, 57, 3721)     25.625          0               0               0          1
                (53, 41, 3721)     25.458          0               0               0          1
                (49, 17, 3721)       25.5          0               0               0          1
                (49, 17, 3721)       26.0          0               0               0          1
                 (59, 9, 3721)     25.542          0               0               0          1
                 (59, 9, 3721)      26.25          0               0               0          1
                (35, 31, 3721)     25.583          0               0               0          1
                (25, 17, 3721)     25.583          0               0               0          1
                (45, 49, 3721)     26.125          0               0               0          1
                (59, 29, 3721)     26.417          0               0               0          1
                (59, 29, 3721)     32.292          0               0               0          1
                (49, 45, 3721)       26.5          0               0               0          1
                (53, 11, 3721)       26.5          0               0               0          1
                 (59, 1, 3721)     26.625          0               0               0          1
                (47, 49, 3721)     27.167          0               0               0          1
                (63, 27, 3721)     27.208          0               0               0          1
                 (55, 7, 3721)      27.25          0               0               0          1
                (35, 51, 3721)     27.333          0               0               0          1
                (55, 13, 3721)     27.458          0               0               1          1
                (49, 49, 3721)     28.208          0               0               0          1
                (17, 63, 3721)      28.25          0               0               0          1
                (39, 11, 3721)     28.375          0               0               0          1
                 (9, 23, 3721)       29.0          0               0               0          1
                 (55, 1, 3721)       29.0          0               0               0          1
                 (55, 1, 3721)     30.583          0               0               0          1
                (47, 37, 3721)     29.083          0               0               0          1
                (51, 33, 3721)     29.125          0               0               0          1
                (47, 33, 3721)     29.167          0               0               0          1
                (37, 21, 3721)      29.25          0               0               0          1
                 (51, 9, 3721)     29.417          0               0               0          1
                (45, 37, 3721)     30.375          0               0               0          1
                (17, 21, 3721)     31.375          0               0               0          1
                (53, 37, 3721)     31.958          0               0               0          1
                 (31, 1, 3721)     32.458          0               0               0          1
                 (39, 1, 3721)     32.667          0               0               0          1
                 (29, 7, 3721)     32.917          0               0               0          1
                (39, 21, 3721)      34.25          0               0               0          1
                (43, 17, 3721)     35.042          0               0               0          1
-:     0     1     2     3     4     5
0:     0   476   163   138   110    74
1:     0   257   264   217   218   209
2:     0   224   231   202   199   182
3:     0   220   213   170   190   228
4:     0   218   205   205   240   412
5:     0   137   231   338   197     0
