inputs: 961/1000 samples
                      [output]   [energy]  [A*B=out] [truth of cfas] [truth of chains]      [num]
                 (31, 31, 961)        0.0          1               1               1          1
                 (31, 31, 961)      4.083          1               0               1          1
                 (31, 31, 961)        6.0          1               0               1          1
                 (31, 31, 961)       10.0          1               0               1          1
                 (31, 31, 961)     10.083          1               0               1          2
                 (31, 31, 961)       12.0          1               0               1          1
                 (31, 31, 961)       12.0          1               0               0          1
                 (23, 31, 961)        4.0          0               0               1          2
                 (23, 31, 961)        6.0          0               0               1          1
                 (23, 31, 961)      6.083          0               0               1          1
                 (23, 31, 961)      7.125          0               0               1          1
                 (23, 31, 961)      10.25          0               0               1          1
                 (23, 31, 961)     11.125          0               0               1          1
                 (23, 31, 961)       12.0          0               0               1          1
                 (23, 31, 961)     12.958          0               0               0          1
                 (23, 31, 961)     14.083          0               0               1          1
                 (23, 31, 961)     14.083          0               0               0          1
                 (23, 31, 961)     21.125          0               0               1          1
                 (29, 29, 961)        4.0          0               0               1          1
                 (29, 29, 961)        6.0          0               0               1          2
                 (29, 29, 961)      6.083          0               0               1          1
                 (29, 29, 961)      6.875          0               0               1          1
                 (29, 29, 961)      7.833          0               0               1          1
                 (29, 29, 961)        8.0          0               0               1          1
                 (29, 29, 961)      8.083          0               0               1          1
                 (29, 29, 961)      8.417          0               0               1          1
                 (29, 29, 961)     10.083          0               0               1          1
                 (29, 29, 961)     10.417          0               0               1          1
                 (29, 29, 961)     11.292          0               0               1          1
                 (29, 29, 961)     11.375          0               0               1          1
                 (29, 29, 961)     12.083          0               0               1          1
                 (29, 29, 961)     12.167          0               0               0          1
                 (29, 29, 961)     13.125          0               0               1          2
                 (29, 29, 961)     13.917          0               0               1          1
                 (29, 29, 961)      14.25          0               0               1          1
                 (29, 29, 961)     14.417          0               0               1          1
                 (29, 29, 961)     17.125          0               0               1          1
                 (29, 29, 961)     18.083          0               0               1          1
                 (29, 29, 961)     23.125          0               0               1          1
                 (29, 21, 961)        4.0          0               0               1          1
                 (29, 21, 961)        6.0          0               0               1          2
                 (29, 21, 961)        8.0          0               0               1          3
                 (29, 21, 961)      8.167          0               0               1          1
                 (29, 21, 961)       8.25          0               0               0          1
                 (29, 21, 961)      8.958          0               0               1          1
                 (29, 21, 961)      9.042          0               0               1          1
                 (29, 21, 961)       10.0          0               0               1          1
                 (29, 21, 961)     10.417          0               0               1          1
                 (29, 21, 961)     10.958          0               0               1          1
                 (29, 21, 961)     11.208          0               0               1          1
                 (29, 21, 961)     12.083          0               0               1          2
                 (29, 21, 961)     12.958          0               0               1          1
                 (29, 21, 961)     13.208          0               0               1          1
                 (29, 21, 961)     14.167          0               0               1          1
                 (29, 21, 961)     14.333          0               0               1          1
                 (29, 21, 961)     15.208          0               0               1          1
                 (29, 21, 961)     15.708          0               0               1          1
                 (27, 31, 961)      5.042          0               0               1          1
                 (27, 31, 961)        6.0          0               0               1          1
                 (27, 31, 961)      7.917          0               0               1          1
                 (27, 31, 961)        8.0          0               0               1          3
                 (27, 31, 961)      9.125          0               0               1          1
                 (27, 31, 961)      9.208          0               0               1          1
                 (27, 31, 961)       10.0          0               0               1          1
                 (27, 31, 961)     10.958          0               0               1          1
                 (27, 31, 961)     12.958          0               0               1          1
                 (27, 31, 961)     13.125          0               0               1          1
                 (27, 31, 961)     14.083          0               0               1          1
                 (27, 31, 961)     14.167          0               0               1          1
                 (27, 31, 961)     17.208          0               0               0          1
                 (27, 31, 961)     17.208          0               0               1          1
                 (27, 31, 961)     18.333          0               0               0          1
                 (27, 31, 961)     19.125          0               0               1          1
                 (27, 31, 961)     19.458          0               0               1          1
                 (27, 31, 961)     22.167          0               0               1          1
                 (27, 31, 961)     26.417          0               0               1          1
                 (25, 23, 961)        6.0          0               0               1          1
                 (25, 23, 961)        8.0          0               0               1          1
                 (25, 23, 961)      9.042          0               0               1          1
                 (25, 23, 961)     10.083          0               0               1          1
                 (25, 23, 961)     11.292          0               0               1          1
                 (25, 23, 961)     12.167          0               0               1          1
                 (25, 23, 961)     13.042          0               0               1          1
                 (25, 23, 961)       14.0          0               0               0          1
                 (25, 23, 961)     14.083          0               0               1          1
                 (25, 23, 961)     15.125          0               0               1          1
                 (25, 23, 961)       16.0          0               0               1          1
                 (25, 23, 961)     16.083          0               0               1          2
                 (25, 23, 961)     16.167          0               0               1          1
                 (25, 23, 961)     16.958          0               0               1          1
                 (25, 23, 961)     17.208          0               0               1          1
                 (25, 23, 961)     17.458          0               0               1          1
                 (25, 23, 961)       18.0          0               0               1          1
                 (25, 23, 961)     18.167          0               0               0          1
                 (25, 23, 961)     22.167          0               0               1          1
                 (27, 19, 961)        6.0          0               0               1          1
                 (27, 19, 961)      6.167          0               0               1          1
                 (27, 19, 961)        8.0          0               0               1          1
                 (27, 19, 961)      9.042          0               0               1          1
                 (27, 19, 961)       10.0          0               0               1          1
                 (27, 19, 961)     12.083          0               0               1          1
                 (27, 19, 961)     12.167          0               0               1          1
                 (27, 19, 961)     15.625          0               0               1          1
                 (27, 19, 961)     16.167          0               0               1          1
                 (27, 19, 961)      16.25          0               0               1          1
                 (27, 19, 961)     19.292          0               0               1          1
                 (21, 21, 961)      6.083          0               0               1          1
                 (21, 21, 961)      7.125          0               0               1          1
                 (21, 21, 961)       8.25          0               0               1          1
                 (21, 21, 961)     10.083          0               0               1          1
                 (21, 21, 961)     13.125          0               0               0          1
                 (21, 21, 961)       16.0          0               0               1          1
                 (21, 21, 961)     19.458          0               0               1          1
                 (25, 25, 961)      6.083          0               0               1          1
                 (25, 25, 961)      8.083          0               0               1          1
                 (25, 25, 961)       8.25          0               0               1          1
                 (25, 25, 961)     18.167          0               0               0          1
                 (29, 13, 961)      6.083          0               0               1          1
                 (29, 13, 961)        8.0          0               0               1          2
                 (29, 13, 961)     11.125          0               0               1          1
                 (29, 13, 961)     12.083          0               0               1          1
                 (29, 13, 961)      16.25          0               0               1          1
                 (29, 13, 961)     17.125          0               0               1          1
                 (29, 13, 961)     19.917          0               0               1          1
                 (31, 29, 961)      6.167          0               0               1          1
                 (31, 29, 961)       12.0          0               0               1          1
                 (31, 29, 961)      14.25          0               0               1          1
                 (31, 29, 961)     14.875          0               0               1          1
                 (31, 29, 961)     15.375          0               0               1          1
                 (31, 29, 961)     20.083          0               0               0          1
                 (21, 29, 961)       6.25          0               0               1          1
                 (21, 29, 961)      6.958          0               0               1          1
                 (21, 29, 961)        8.0          0               0               1          1
                 (21, 29, 961)      8.083          0               0               1          1
                 (21, 29, 961)     10.083          0               0               1          2
                 (21, 29, 961)      10.25          0               0               1          1
                 (21, 29, 961)     10.958          0               0               1          1
                 (21, 29, 961)     11.042          0               0               1          1
                 (21, 29, 961)     12.083          0               0               1          1
                 (21, 29, 961)     12.167          0               0               1          1
                 (21, 29, 961)      12.25          0               0               1          1
                 (21, 29, 961)     12.958          0               0               1          1
                 (21, 29, 961)     13.208          0               0               1          1
                 (21, 29, 961)     16.083          0               0               1          1
                 (21, 29, 961)       18.0          0               0               0          1
                 (21, 29, 961)     18.417          0               0               0          1
                 (21, 29, 961)     23.292          0               0               0          1
                 (19, 27, 961)       6.25          0               0               1          1
                 (19, 27, 961)     12.083          0               0               1          1
                 (19, 27, 961)      12.25          0               0               1          1
                 (19, 27, 961)     13.125          0               0               1          1
                 (19, 27, 961)     16.167          0               0               1          1
                 (19, 27, 961)      18.25          0               0               1          1
                 (19, 27, 961)     19.125          0               0               1          1
                 (29, 24, 961)      6.875          0               0               1          1
                 (29, 24, 961)     13.208          0               0               1          1
                 (29, 24, 961)       14.0          0               0               1          1
                 (29, 24, 961)       14.5          0               0               1          1
                 (31, 23, 961)      6.958          0               0               1          1
                 (31, 23, 961)      9.042          0               0               1          2
                 (31, 23, 961)       10.0          0               0               0          2
                 (31, 23, 961)     10.417          0               0               1          1
                 (31, 23, 961)     11.375          0               0               1          1
                 (31, 23, 961)       12.0          0               0               1          3
                 (31, 23, 961)     12.167          0               0               1          1
                 (31, 23, 961)     14.167          0               0               1          1
                 (31, 27, 961)      7.042          0               0               1          1
                 (31, 27, 961)     22.083          0               0               1          1
                 (25, 28, 961)      7.125          0               0               1          1
                 (25, 28, 961)       8.25          0               0               1          1
                 (25, 28, 961)      10.25          0               0               1          1
                 (25, 28, 961)     10.333          0               0               1          1
                 (28, 30, 961)      7.125          0               0               1          1
                 (28, 30, 961)     23.458          0               0               1          1
                 (29, 27, 961)        8.0          0               0               1          2
                 (29, 27, 961)       10.0          0               0               1          1
                 (29, 27, 961)       12.0          0               0               1          1
                 (29, 27, 961)     12.167          0               0               1          1
                 (29, 27, 961)     15.208          0               0               1          1
                 (29, 27, 961)     17.042          0               0               1          1
                 (29, 27, 961)     20.167          0               0               1          1
                 (31, 15, 961)        8.0          0               0               1          1
                 (31, 15, 961)       8.25          0               0               1          1
                 (31, 15, 961)       14.0          0               0               1          1
                 (20, 29, 961)        8.0          0               0               1          2
                 (20, 29, 961)     20.167          0               0               1          1
                 (20, 29, 961)     20.875          0               0               1          1
                 (20, 29, 961)     25.042          0               0               1          1
                 (19, 31, 961)        8.0          0               0               1          3
                 (19, 31, 961)       10.0          0               0               1          1
                 (19, 31, 961)     11.042          0               0               1          1
                 (19, 31, 961)     12.167          0               0               1          1
                 (19, 31, 961)     12.875          0               0               1          2
                 (19, 31, 961)     13.042          0               0               1          1
                 (19, 31, 961)       14.0          0               0               0          1
                 (19, 31, 961)       16.0          0               0               1          1
                 (19, 31, 961)     16.167          0               0               1          1
                 (19, 31, 961)      16.25          0               0               1          1
                 (19, 31, 961)     18.167          0               0               1          1
                 (19, 31, 961)     19.125          0               0               0          1
                 (24, 29, 961)        8.0          0               0               1          1
                 (24, 29, 961)     13.042          0               0               1          1
                 (24, 29, 961)       14.0          0               0               1          1
                 (24, 29, 961)     15.917          0               0               1          1
                 (24, 29, 961)     16.167          0               0               1          1
                 (24, 29, 961)     17.125          0               0               0          1
                 (24, 29, 961)     17.375          0               0               1          1
                 (24, 29, 961)     18.167          0               0               1          1
                 (23, 23, 961)        8.0          0               0               1          2
                 (23, 23, 961)      8.167          0               0               1          1
                 (23, 23, 961)      8.958          0               0               1          2
                 (23, 23, 961)       10.0          0               0               1          1
                 (23, 23, 961)     10.167          0               0               1          1
                 (23, 23, 961)     10.417          0               0               1          1
                 (23, 23, 961)       12.0          0               0               1          1
                 (23, 23, 961)     12.083          0               0               1          2
                 (23, 23, 961)     12.167          0               0               1          1
                 (23, 23, 961)     13.042          0               0               1          1
                 (23, 23, 961)       14.0          0               0               1          2
                 (23, 23, 961)     14.083          0               0               1          1
                 (23, 23, 961)     14.083          0               0               0          1
                 (23, 23, 961)      14.25          0               0               0          1
                 (23, 23, 961)       16.0          0               0               1          1
                 (23, 23, 961)     16.875          0               0               1          1
                 (23, 23, 961)     17.208          0               0               1          1
                 (23, 23, 961)     18.083          0               0               0          1
                 (23, 23, 961)     19.042          0               0               1          1
                 (23, 23, 961)       20.0          0               0               1          1
                 (19, 15, 961)        8.0          0               0               1          1
                 (19, 15, 961)       12.0          0               0               1          1
                 (19, 15, 961)     15.375          0               0               1          1
                 (19, 23, 961)        8.0          0               0               1          1
                 (19, 23, 961)      8.083          0               0               1          1
                 (19, 23, 961)     10.083          0               0               1          1
                 (19, 23, 961)     11.042          0               0               1          1
                 (19, 23, 961)       12.0          0               0               1          2
                 (19, 23, 961)     12.083          0               0               1          1
                 (19, 23, 961)      12.25          0               0               1          1
                 (19, 23, 961)       14.0          0               0               1          1
                 (19, 23, 961)     14.167          0               0               1          1
                 (19, 23, 961)     14.958          0               0               1          1
                 (19, 23, 961)     15.208          0               0               1          1
                 (19, 23, 961)     16.083          0               0               1          1
                 (19, 23, 961)     16.583          0               0               1          1
                 (19, 23, 961)     23.208          0               0               1          1
                 (27, 23, 961)        8.0          0               0               1          1
                 (27, 23, 961)       10.0          0               0               1          2
                 (27, 23, 961)      10.25          0               0               1          1
                 (27, 23, 961)       12.0          0               0               1          1
                 (27, 23, 961)      12.25          0               0               1          1
                 (27, 23, 961)     12.333          0               0               1          1
                 (27, 23, 961)     12.417          0               0               1          1
                 (27, 23, 961)     13.125          0               0               1          3
                 (27, 23, 961)       14.0          0               0               1          1
                 (27, 23, 961)     14.417          0               0               1          2
                 (27, 23, 961)     16.167          0               0               0          1
                 (27, 23, 961)     16.958          0               0               1          1
                 (27, 23, 961)       18.0          0               0               1          1
                 (27, 23, 961)     18.167          0               0               1          1
                  (29, 5, 961)        8.0          0               0               1          1
                  (29, 5, 961)     12.875          0               0               1          1
                  (29, 5, 961)     14.958          0               0               1          1
                  (29, 5, 961)     15.833          0               0               0          1
                  (29, 5, 961)     17.458          0               0               1          1
                 (27, 15, 961)        8.0          0               0               1          1
                 (27, 15, 961)     16.167          0               0               1          1
                 (27, 15, 961)       16.5          0               0               1          1
                 (19, 19, 961)        8.0          0               0               1          2
                 (19, 19, 961)       10.0          0               0               1          1
                 (19, 19, 961)     11.208          0               0               1          1
                 (19, 19, 961)      14.25          0               0               1          1
                 (19, 19, 961)     15.125          0               0               1          1
                 (19, 19, 961)     16.083          0               0               1          1
                 (19, 19, 961)     21.208          0               0               0          1
                 (27, 29, 961)        8.0          0               0               1          1
                 (27, 29, 961)      8.167          0               0               1          1
                 (27, 29, 961)     10.083          0               0               1          1
                 (27, 29, 961)      10.25          0               0               1          1
                 (27, 29, 961)     10.333          0               0               1          1
                 (27, 29, 961)     10.875          0               0               1          1
                 (27, 29, 961)      16.25          0               0               1          1
                 (27, 29, 961)      18.25          0               0               1          1
                 (27, 29, 961)     21.458          0               0               1          1
                 (21, 13, 961)      8.083          0               0               1          1
                 (21, 13, 961)     18.333          0               0               1          1
                 (27, 27, 961)      8.083          0               0               1          1
                 (27, 27, 961)      8.167          0               0               1          1
                 (27, 27, 961)      9.042          0               0               1          1
                 (27, 27, 961)     10.083          0               0               1          1
                 (27, 27, 961)     13.042          0               0               1          1
                 (27, 27, 961)     13.125          0               0               1          1
                 (27, 27, 961)     13.292          0               0               1          1
                 (27, 27, 961)     14.083          0               0               1          1
                 (27, 27, 961)     15.125          0               0               1          1
                 (27, 27, 961)     27.292          0               0               1          1
                 (25, 15, 961)      8.083          0               0               1          1
                 (25, 15, 961)     10.167          0               0               1          1
                 (25, 15, 961)     13.917          0               0               1          1
                 (25, 15, 961)     14.083          0               0               1          1
                 (25, 15, 961)     18.083          0               0               1          1
                 (27, 21, 961)      8.167          0               0               1          1
                 (27, 21, 961)      10.25          0               0               1          1
                 (27, 21, 961)     10.333          0               0               1          1
                 (27, 21, 961)     12.958          0               0               1          1
                 (27, 21, 961)     13.125          0               0               1          1
                 (27, 21, 961)     13.208          0               0               1          1
                 (27, 21, 961)     14.083          0               0               1          1
                 (27, 21, 961)     14.333          0               0               1          1
                 (27, 21, 961)     15.042          0               0               1          1
                 (27, 21, 961)     15.042          0               0               0          1
                 (27, 21, 961)     16.417          0               0               1          1
                 (28, 25, 961)      8.167          0               0               1          1
                 (28, 25, 961)     19.125          0               0               1          1
                 (28, 25, 961)     20.083          0               0               0          1
                 (31, 11, 961)       8.25          0               0               1          1
                 (31, 11, 961)     17.542          0               0               1          1
                 (25, 29, 961)      8.958          0               0               1          1
                 (25, 29, 961)     10.333          0               0               1          1
                 (25, 29, 961)     11.125          0               0               1          1
                 (25, 29, 961)       14.0          0               0               1          1
                 (25, 29, 961)     14.167          0               0               1          1
                 (25, 29, 961)     16.083          0               0               1          1
                 (25, 29, 961)     17.917          0               0               0          1
                 (25, 29, 961)       18.0          0               0               1          1
                 (25, 29, 961)     19.208          0               0               1          1
                 (25, 29, 961)     20.083          0               0               1          1
                 (15, 31, 961)      9.042          0               0               1          1
                 (15, 31, 961)     22.167          0               0               0          1
                 (26, 24, 961)      9.125          0               0               1          1
                 (26, 24, 961)     11.125          0               0               1          1
                 (26, 24, 961)     19.208          0               0               1          1
                 (24, 28, 961)      9.125          0               0               1          1
                 (24, 28, 961)     13.208          0               0               1          1
                 (24, 28, 961)     17.458          0               0               1          1
                 (25, 31, 961)      9.125          0               0               1          1
                 (25, 31, 961)     10.083          0               0               1          2
                 (25, 31, 961)     10.167          0               0               1          1
                 (25, 31, 961)     10.958          0               0               1          2
                 (25, 31, 961)     12.083          0               0               1          1
                 (25, 31, 961)     12.167          0               0               1          3
                 (25, 31, 961)     13.042          0               0               1          1
                 (25, 31, 961)     13.125          0               0               1          1
                 (25, 31, 961)     14.083          0               0               1          1
                 (25, 31, 961)     14.167          0               0               1          1
                 (25, 31, 961)      14.25          0               0               1          1
                 (25, 31, 961)     14.333          0               0               1          1
                 (25, 31, 961)     15.125          0               0               1          1
                 (25, 31, 961)     16.083          0               0               0          1
                 (25, 31, 961)     17.125          0               0               1          1
                 (25, 31, 961)     17.292          0               0               1          1
                 (25, 31, 961)     17.375          0               0               1          1
                 (25, 31, 961)     18.167          0               0               1          1
                 (25, 31, 961)     18.167          0               0               0          1
                 (25, 31, 961)     19.125          0               0               1          2
                 (25, 31, 961)     19.208          0               0               1          1
                 (25, 31, 961)     21.917          0               0               1          1
                 (25, 31, 961)     26.333          0               0               0          1
                 (26, 16, 961)      9.292          0               0               1          1
                 (26, 16, 961)     15.208          0               0               1          1
                 (26, 16, 961)      16.25          0               0               1          1
                 (25, 17, 961)       10.0          0               0               1          1
                 (25, 17, 961)     14.083          0               0               1          1
                 (25, 17, 961)     16.417          0               0               1          1
                 (25, 17, 961)     17.625          0               0               1          1
                 (23, 21, 961)       10.0          0               0               1          1
                 (23, 21, 961)      12.25          0               0               1          1
                 (23, 21, 961)       16.5          0               0               1          1
                 (23, 21, 961)      18.25          0               0               1          1
                 (28, 23, 961)       10.0          0               0               1          1
                 (28, 23, 961)     14.958          0               0               1          1
                 (31, 24, 961)       10.0          0               0               1          1
                 (31, 24, 961)     12.167          0               0               1          1
                 (31, 24, 961)     12.875          0               0               1          1
                 (31, 24, 961)     18.083          0               0               1          1
                 (31, 24, 961)      19.75          0               0               1          1
                 (17, 31, 961)       10.0          0               0               0          1
                 (17, 31, 961)     12.167          0               0               1          1
                 (17, 31, 961)     12.958          0               0               0          1
                 (17, 31, 961)       14.0          0               0               0          1
                 (17, 31, 961)     14.083          0               0               1          2
                 (17, 31, 961)       14.5          0               0               1          1
                 (17, 31, 961)     14.958          0               0               1          1
                 (17, 31, 961)       16.0          0               0               1          1
                 (17, 31, 961)       16.0          0               0               0          2
                 (17, 31, 961)     16.083          0               0               1          1
                 (17, 31, 961)     17.042          0               0               1          1
                 (17, 31, 961)     17.208          0               0               1          1
                 (17, 31, 961)     18.083          0               0               1          1
                 (17, 31, 961)       18.5          0               0               1          1
                 (17, 31, 961)     19.292          0               0               1          1
                 (17, 31, 961)      20.25          0               0               1          1
                 (17, 31, 961)     20.333          0               0               1          1
                 (17, 31, 961)       26.0          0               0               0          1
                 (21, 31, 961)       10.0          0               0               1          1
                 (21, 31, 961)     12.167          0               0               1          1
                 (21, 31, 961)     13.042          0               0               1          1
                 (21, 31, 961)      14.25          0               0               1          1
                 (21, 31, 961)     14.417          0               0               1          1
                 (21, 31, 961)     15.208          0               0               1          1
                 (21, 31, 961)       18.0          0               0               1          1
                 (21, 31, 961)     19.208          0               0               1          1
                 (21, 31, 961)     23.292          0               0               1          1
                 (21, 31, 961)       24.0          0               0               1          1
                 (29, 20, 961)       10.0          0               0               1          1
                 (29, 20, 961)     11.375          0               0               1          1
                 (29, 20, 961)     13.917          0               0               1          1
                 (29, 20, 961)     14.333          0               0               1          2
                 (29, 20, 961)       16.0          0               0               1          1
                 (29, 20, 961)       18.0          0               0               1          1
                 (29, 20, 961)     18.875          0               0               1          1
                 (29, 20, 961)     21.125          0               0               1          1
                 (28, 28, 961)       10.0          0               0               1          1
                 (30, 23, 961)       10.0          0               0               1          1
                 (30, 23, 961)       16.0          0               0               1          1
                  (27, 7, 961)       10.0          0               0               1          1
                  (27, 7, 961)     12.167          0               0               1          1
                  (27, 7, 961)     13.208          0               0               1          1
                  (27, 7, 961)     17.208          0               0               1          1
                  (11, 3, 961)       10.0          0               0               0          1
                 (26, 26, 961)       10.0          0               0               1          1
                 (26, 26, 961)     15.208          0               0               1          1
                 (31, 16, 961)       10.0          0               0               1          1
                 (31, 16, 961)     13.125          0               0               1          2
                 (31, 16, 961)     16.583          0               0               1          1
                 (31, 16, 961)     17.125          0               0               1          1
                 (31, 16, 961)      20.75          0               0               1          1
                 (27, 22, 961)       10.0          0               0               1          1
                 (27, 22, 961)       14.5          0               0               1          1
                 (27, 22, 961)     16.167          0               0               1          1
                 (27, 22, 961)     18.167          0               0               1          1
                 (27, 22, 961)       20.0          0               0               1          1
                 (31, 28, 961)       10.0          0               0               1          1
                 (31, 28, 961)     14.333          0               0               1          1
                 (15, 21, 961)       10.0          0               0               1          1
                 (15, 21, 961)     14.958          0               0               1          1
                  (25, 5, 961)       10.0          0               0               1          1
                  (25, 5, 961)     17.292          0               0               1          1
                  (27, 3, 961)       10.0          0               0               1          1
                  (27, 3, 961)       12.0          0               0               1          2
                  (27, 3, 961)     17.208          0               0               1          1
                  (27, 3, 961)     17.375          0               0               1          1
                  (27, 3, 961)     20.417          0               0               1          1
                 (15, 23, 961)       10.0          0               0               1          1
                 (31, 20, 961)       10.0          0               0               1          1
                 (31, 20, 961)      12.25          0               0               1          1
                 (31, 20, 961)     13.125          0               0               1          1
                 (31, 20, 961)     14.792          0               0               1          1
                 (31, 20, 961)     19.375          0               0               1          1
                 (31, 20, 961)     23.625          0               0               1          1
                 (21, 23, 961)     10.083          0               0               1          1
                 (21, 23, 961)     11.042          0               0               1          1
                 (21, 23, 961)       12.0          0               0               1          1
                 (21, 23, 961)     14.167          0               0               0          1
                 (21, 23, 961)     15.125          0               0               1          1
                 (21, 23, 961)     16.083          0               0               1          1
                 (21, 23, 961)       16.5          0               0               1          1
                 (21, 23, 961)     27.125          0               0               1          1
                 (16, 25, 961)     10.083          0               0               1          1
                  (25, 7, 961)     10.083          0               0               1          1
                  (25, 7, 961)       12.0          0               0               1          1
                  (25, 7, 961)     14.083          0               0               1          1
                 (24, 15, 961)     10.083          0               0               1          1
                 (24, 15, 961)     17.042          0               0               1          1
                 (27, 17, 961)     10.083          0               0               1          1
                 (27, 17, 961)       14.5          0               0               1          1
                 (27, 17, 961)     14.875          0               0               1          1
                 (27, 17, 961)     17.292          0               0               1          1
                 (28, 31, 961)     10.083          0               0               1          1
                 (28, 31, 961)     11.042          0               0               1          1
                 (28, 31, 961)     17.042          0               0               1          1
                 (28, 31, 961)     18.958          0               0               1          1
                 (24, 21, 961)     10.167          0               0               1          1
                 (24, 21, 961)     13.208          0               0               1          1
                 (24, 21, 961)      20.25          0               0               1          1
                 (27, 25, 961)     10.167          0               0               1          1
                 (27, 25, 961)     10.333          0               0               1          1
                 (27, 25, 961)     17.125          0               0               1          1
                 (27, 13, 961)     10.167          0               0               1          2
                 (27, 13, 961)     19.375          0               0               1          1
                 (24, 24, 961)     10.167          0               0               1          1
                 (24, 24, 961)     11.125          0               0               1          1
                 (29, 30, 961)     10.167          0               0               1          1
                 (29, 30, 961)     13.125          0               0               1          1
                 (29, 30, 961)       14.5          0               0               1          1
                 (29, 30, 961)     16.417          0               0               1          1
                 (19, 21, 961)     10.167          0               0               1          1
                 (19, 21, 961)     12.167          0               0               1          1
                 (19, 21, 961)      14.25          0               0               1          1
                 (19, 21, 961)     15.208          0               0               1          1
                 (19, 21, 961)     18.167          0               0               1          1
                 (31, 19, 961)     10.167          0               0               1          1
                 (31, 19, 961)     12.167          0               0               1          1
                 (29, 17, 961)     10.167          0               0               1          1
                 (29, 17, 961)       12.0          0               0               1          1
                 (29, 17, 961)     12.167          0               0               1          1
                 (29, 17, 961)     12.333          0               0               1          1
                 (29, 17, 961)     12.958          0               0               1          1
                 (29, 17, 961)     13.042          0               0               1          1
                 (29, 17, 961)     18.875          0               0               1          1
                 (29, 17, 961)     19.125          0               0               1          1
                 (11, 23, 961)     10.167          0               0               1          1
                 (11, 23, 961)     14.958          0               0               0          1
                 (11, 23, 961)     19.125          0               0               0          1
                 (23, 19, 961)      10.25          0               0               1          1
                 (23, 19, 961)     11.917          0               0               1          1
                 (23, 19, 961)     12.167          0               0               1          2
                 (23, 19, 961)     13.292          0               0               1          1
                 (23, 19, 961)       14.5          0               0               0          1
                 (23, 19, 961)     21.917          0               0               0          1
                 (16, 13, 961)      10.25          0               0               1          1
                 (27, 20, 961)      10.25          0               0               1          1
                 (27, 20, 961)     10.875          0               0               1          1
                 (27, 20, 961)     12.083          0               0               1          1
                 (27, 20, 961)      12.25          0               0               1          1
                 (27, 20, 961)     15.292          0               0               1          1
                 (27, 20, 961)     17.125          0               0               1          1
                 (27, 20, 961)     17.208          0               0               1          1
                 (27, 20, 961)     17.458          0               0               1          1
                 (29, 28, 961)     10.333          0               0               1          1
                 (29, 28, 961)     11.208          0               0               1          1
                 (29, 28, 961)     12.167          0               0               1          1
                 (29, 28, 961)       16.0          0               0               1          1
                 (29, 22, 961)     10.333          0               0               1          1
                 (29, 22, 961)     12.083          0               0               1          1
                 (29, 22, 961)     12.167          0               0               1          1
                 (29, 22, 961)     13.125          0               0               1          1
                 (29, 22, 961)     14.958          0               0               1          1
                 (29, 22, 961)     17.208          0               0               1          1
                 (29, 22, 961)     18.333          0               0               1          1
                 (29, 22, 961)     22.167          0               0               1          1
                 (27, 28, 961)     10.333          0               0               1          1
                 (27, 28, 961)       14.0          0               0               1          1
                 (27, 28, 961)     14.083          0               0               1          1
                 (27, 28, 961)     15.208          0               0               1          1
                 (27, 28, 961)     15.292          0               0               1          1
                 (27, 28, 961)     18.167          0               0               1          1
                 (27, 28, 961)     21.375          0               0               1          1
                 (31, 30, 961)     10.333          0               0               1          1
                 (31, 30, 961)     11.292          0               0               1          1
                 (31, 30, 961)     23.292          0               0               1          1
                 (31, 22, 961)     10.417          0               0               1          1
                 (31, 22, 961)      14.25          0               0               1          1
                 (31, 22, 961)     15.042          0               0               1          1
                 (21, 16, 961)     10.958          0               0               1          1
                 (25, 30, 961)     11.042          0               0               1          1
                 (25, 30, 961)     11.375          0               0               1          1
                 (25, 30, 961)     13.458          0               0               1          1
                 (25, 30, 961)     14.875          0               0               1          1
                 (28, 26, 961)     11.125          0               0               1          1
                 (28, 26, 961)     11.292          0               0               1          1
                 (28, 22, 961)     11.125          0               0               1          1
                 (28, 22, 961)     13.208          0               0               1          1
                 (24, 30, 961)     11.125          0               0               1          1
                 (24, 30, 961)     14.083          0               0               1          1
                 (24, 30, 961)     15.208          0               0               1          1
                 (24, 30, 961)       16.0          0               0               1          1
                 (24, 30, 961)     19.375          0               0               1          1
                  (23, 7, 961)     11.125          0               0               1          1
                  (23, 7, 961)     15.458          0               0               1          1
                 (29, 31, 961)     11.125          0               0               1          1
                 (29, 31, 961)     12.958          0               0               1          1
                 (29, 31, 961)     13.208          0               0               1          1
                 (29, 31, 961)     14.083          0               0               1          1
                 (29, 31, 961)      24.25          0               0               1          1
                 (17, 26, 961)     11.208          0               0               1          1
                 (17, 30, 961)     11.208          0               0               1          1
                 (17, 30, 961)      12.25          0               0               0          1
                 (17, 30, 961)     12.417          0               0               1          1
                 (17, 30, 961)     13.292          0               0               1          1
                 (17, 30, 961)       20.5          0               0               1          1
                 (17, 30, 961)     22.167          0               0               1          1
                 (26, 23, 961)     11.208          0               0               1          1
                 (26, 23, 961)     16.333          0               0               1          1
                 (25, 21, 961)     11.292          0               0               1          1
                 (25, 21, 961)     12.333          0               0               1          1
                 (25, 21, 961)       14.0          0               0               1          1
                 (25, 21, 961)     16.958          0               0               1          1
                 (18, 14, 961)     11.458          0               0               1          1
                 (31, 25, 961)     11.833          0               0               1          1
                 (26, 31, 961)     11.917          0               0               1          1
                 (26, 31, 961)     17.292          0               0               1          1
                 (26, 31, 961)     20.167          0               0               1          1
                  (24, 7, 961)       12.0          0               0               1          1
                  (24, 7, 961)       22.0          0               0               0          1
                 (24, 23, 961)       12.0          0               0               1          1
                 (24, 23, 961)     12.083          0               0               1          1
                 (24, 23, 961)     19.208          0               0               0          1
                 (16, 29, 961)       12.0          0               0               1          1
                 (25, 20, 961)       12.0          0               0               1          1
                 (25, 20, 961)     13.208          0               0               1          1
                 (25, 20, 961)     14.167          0               0               1          1
                 (25, 20, 961)     16.333          0               0               1          1
                 (25, 20, 961)     18.333          0               0               1          1
                 (25, 20, 961)     27.458          0               0               1          1
                 (24, 31, 961)       12.0          0               0               1          2
                 (24, 31, 961)     15.042          0               0               1          1
                 (24, 31, 961)     16.083          0               0               1          1
                 (24, 31, 961)     17.125          0               0               1          1
                 (24, 31, 961)     20.083          0               0               1          1
                 (16, 31, 961)       12.0          0               0               1          1
                 (16, 31, 961)     16.083          0               0               1          1
                  (24, 5, 961)       12.0          0               0               1          1
                  (24, 5, 961)      16.25          0               0               1          1
                  (30, 4, 961)       12.0          0               0               1          1
                  (31, 4, 961)       12.0          0               0               1          1
                  (31, 4, 961)     14.875          0               0               1          1
                  (31, 4, 961)      16.25          0               0               1          1
                 (23, 22, 961)       12.0          0               0               1          1
                 (23, 22, 961)     12.167          0               0               1          1
                 (23, 22, 961)     13.917          0               0               1          1
                 (13, 21, 961)       12.0          0               0               1          1
                 (13, 28, 961)       12.0          0               0               1          1
                 (13, 28, 961)     17.208          0               0               1          1
                 (15, 15, 961)       12.0          0               0               1          1
                 (20, 25, 961)     12.083          0               0               1          1
                 (20, 25, 961)     16.958          0               0               1          1
                 (25, 22, 961)     12.083          0               0               1          1
                 (21, 19, 961)     12.083          0               0               1          1
                 (20, 15, 961)     12.083          0               0               1          1
                 (20, 15, 961)      12.25          0               0               1          1
                 (20, 15, 961)     15.125          0               0               1          1
                 (25, 27, 961)     12.083          0               0               1          1
                 (25, 27, 961)     12.583          0               0               1          1
                 (25, 27, 961)      14.25          0               0               1          1
                 (25, 27, 961)      16.25          0               0               1          1
                 (25, 27, 961)     16.958          0               0               1          1
                 (24, 27, 961)     12.083          0               0               1          1
                 (24, 27, 961)     16.083          0               0               1          1
                 (24, 27, 961)     20.167          0               0               0          1
                 (17, 13, 961)     12.083          0               0               1          1
                 (17, 13, 961)     19.542          0               0               1          1
                 (19, 26, 961)     12.083          0               0               1          1
                 (19, 26, 961)     13.042          0               0               1          1
                 (19, 26, 961)      16.25          0               0               1          1
                 (17, 29, 961)     12.083          0               0               1          1
                 (17, 29, 961)     13.292          0               0               1          1
                 (17, 29, 961)     16.167          0               0               1          1
                 (17, 29, 961)     20.333          0               0               1          1
                 (31, 17, 961)     12.083          0               0               1          1
                 (31, 17, 961)     13.292          0               0               1          1
                 (31, 17, 961)     15.833          0               0               1          1
                 (31, 17, 961)       16.0          0               0               0          1
                 (31, 17, 961)     16.417          0               0               1          1
                 (31, 17, 961)     19.833          0               0               1          1
                  (27, 4, 961)     12.083          0               0               1          1
                  (27, 4, 961)      20.25          0               0               1          1
                  (27, 4, 961)     23.375          0               0               0          1
                  (27, 4, 961)      24.25          0               0               0          1
                  (31, 7, 961)     12.083          0               0               1          1
                  (31, 7, 961)     17.125          0               0               1          1
                  (31, 7, 961)     17.208          0               0               1          1
                 (19, 29, 961)     12.083          0               0               1          1
                 (19, 29, 961)     18.333          0               0               1          1
                 (21, 20, 961)     12.167          0               0               1          1
                 (24, 13, 961)     12.167          0               0               1          1
                 (29, 19, 961)     12.167          0               0               1          1
                 (29, 19, 961)     16.083          0               0               0          1
                 (29, 19, 961)      22.25          0               0               1          1
                 (17, 18, 961)      12.25          0               0               1          1
                 (25, 10, 961)      12.25          0               0               1          1
                 (19, 22, 961)      12.25          0               0               1          1
                 (19, 22, 961)     14.083          0               0               1          1
                 (19, 22, 961)      14.25          0               0               1          1
                 (27, 14, 961)      12.25          0               0               1          1
                 (27, 14, 961)     17.292          0               0               1          1
                 (27, 14, 961)     20.333          0               0               1          1
                 (27, 14, 961)     27.708          0               0               1          1
                 (11, 27, 961)      12.25          0               0               1          1
                 (11, 27, 961)     16.958          0               0               0          1
                 (30, 19, 961)      12.25          0               0               1          1
                 (30, 19, 961)     17.125          0               0               1          1
                 (26, 22, 961)     12.333          0               0               1          1
                 (26, 22, 961)     22.333          0               0               1          1
                  (29, 9, 961)     12.583          0               0               1          1
                 (25, 12, 961)     12.583          0               0               1          1
                 (13, 27, 961)     12.875          0               0               0          1
                  (27, 8, 961)     12.875          0               0               0          1
                 (28, 29, 961)     12.958          0               0               1          1
                 (28, 29, 961)     14.083          0               0               1          1
                 (28, 29, 961)       16.0          0               0               0          1
                 (28, 29, 961)     21.458          0               0               0          1
                 (18, 31, 961)     12.958          0               0               1          1
                 (18, 31, 961)     14.167          0               0               1          1
                 (18, 31, 961)     20.167          0               0               1          1
                  (9, 31, 961)     12.958          0               0               1          1
                  (9, 31, 961)     21.042          0               0               0          1
                 (17, 23, 961)     13.042          0               0               1          1
                 (17, 23, 961)     21.208          0               0               1          1
                 (17, 23, 961)     23.125          0               0               1          1
                 (23, 11, 961)     13.042          0               0               1          1
                 (19, 11, 961)     13.042          0               0               1          1
                 (19, 11, 961)     14.167          0               0               1          1
                 (19, 11, 961)     14.333          0               0               1          1
                 (23, 25, 961)     13.042          0               0               0          1
                 (31, 21, 961)     13.042          0               0               0          1
                 (31, 21, 961)      16.25          0               0               0          1
                 (31, 21, 961)     17.292          0               0               1          1
                 (29, 23, 961)     13.125          0               0               1          1
                 (29, 23, 961)     17.125          0               0               1          1
                 (29, 23, 961)     18.167          0               0               1          1
                 (29, 23, 961)     19.042          0               0               1          1
                 (24, 20, 961)     13.125          0               0               1          2
                 (18, 25, 961)     13.125          0               0               1          1
                 (18, 25, 961)     20.167          0               0               1          1
                 (22, 28, 961)     13.125          0               0               1          1
                 (30, 28, 961)     13.125          0               0               1          1
                 (30, 28, 961)     15.125          0               0               1          1
                 (26, 21, 961)     13.125          0               0               1          1
                 (26, 21, 961)       20.0          0               0               1          1
                 (26, 21, 961)     22.958          0               0               1          1
                 (30, 30, 961)     13.125          0               0               1          1
                  (21, 5, 961)     13.208          0               0               1          1
                  (21, 5, 961)     14.417          0               0               1          1
                  (21, 5, 961)     18.083          0               0               1          1
                 (17, 15, 961)     13.208          0               0               1          1
                  (28, 0, 961)     13.208          0               0               1          1
                 (20, 30, 961)     13.208          0               0               1          1
                 (20, 30, 961)       20.0          0               0               1          1
                  (25, 0, 961)     13.208          0               0               1          1
                 (12, 28, 961)     13.208          0               0               1          1
                 (30, 18, 961)     13.292          0               0               1          1
                 (30, 18, 961)       14.5          0               0               1          1
                 (30, 18, 961)     15.375          0               0               1          1
                 (21, 12, 961)     13.292          0               0               1          1
                 (30, 20, 961)     13.292          0               0               1          1
                 (30, 20, 961)      16.25          0               0               0          1
                 (29, 15, 961)     13.292          0               0               1          1
                 (29, 15, 961)     19.125          0               0               1          1
                 (27, 26, 961)     13.292          0               0               1          1
                 (27, 26, 961)       16.0          0               0               1          1
                 (27, 26, 961)     16.958          0               0               1          1
                 (25, 13, 961)     13.375          0               0               1          1
                 (25, 13, 961)     15.375          0               0               1          1
                 (23, 15, 961)     13.458          0               0               1          1
                 (23, 15, 961)     14.083          0               0               1          1
                  (19, 9, 961)     13.542          0               0               1          1
                  (19, 9, 961)     14.333          0               0               0          1
                 (21, 24, 961)     13.625          0               0               1          1
                 (21, 24, 961)     14.333          0               0               1          1
                 (22, 23, 961)     13.917          0               0               1          1
                 (27, 11, 961)     13.917          0               0               1          1
                 (27, 11, 961)      18.25          0               0               1          1
                 (27, 11, 961)     21.292          0               0               1          1
                 (27, 11, 961)     23.292          0               0               1          1
                 (29, 12, 961)       14.0          0               0               1          1
                 (29, 12, 961)     17.208          0               0               1          1
                 (20, 31, 961)       14.0          0               0               1          1
                 (20, 31, 961)       16.0          0               0               1          1
                 (20, 31, 961)       16.0          0               0               0          1
                 (20, 31, 961)     20.333          0               0               1          1
                 (12, 31, 961)       14.0          0               0               1          1
                 (15, 20, 961)       14.0          0               0               0          1
                 (27, 10, 961)       14.0          0               0               1          1
                 (27, 10, 961)      14.25          0               0               1          1
                 (27, 10, 961)       16.0          0               0               1          1
                 (19, 30, 961)       14.0          0               0               1          1
                 (19, 30, 961)     17.125          0               0               1          1
                 (19, 30, 961)     20.333          0               0               1          1
                  (31, 3, 961)       14.0          0               0               1          1
                  (31, 3, 961)     19.542          0               0               1          1
                 (23, 28, 961)       14.0          0               0               1          1
                 (23, 28, 961)       16.0          0               0               1          1
                 (23, 28, 961)     20.083          0               0               0          1
                  (24, 3, 961)     14.083          0               0               1          1
                 (20, 23, 961)     14.083          0               0               1          1
                 (17, 28, 961)     14.083          0               0               1          1
                 (17, 28, 961)       16.5          0               0               1          1
                 (23, 13, 961)     14.083          0               0               1          1
                 (25, 14, 961)     14.083          0               0               1          1
                 (25, 14, 961)     14.167          0               0               1          1
                  (11, 7, 961)     14.083          0               0               0          1
                 (11, 31, 961)     14.083          0               0               1          1
                 (11, 31, 961)     16.083          0               0               1          1
                 (11, 31, 961)     17.125          0               0               1          1
                 (15, 19, 961)     14.083          0               0               1          1
                 (15, 19, 961)     20.333          0               0               0          1
                 (25, 16, 961)     14.167          0               0               1          1
                 (20, 19, 961)     14.167          0               0               1          1
                 (19, 13, 961)     14.167          0               0               1          1
                  (17, 7, 961)     14.167          0               0               1          1
                 (30, 27, 961)     14.167          0               0               1          1
                 (20, 21, 961)     14.167          0               0               1          1
                 (20, 21, 961)     21.208          0               0               1          1
                 (11, 19, 961)     14.167          0               0               0          1
                 (11, 19, 961)       22.5          0               0               0          1
                 (21, 17, 961)      14.25          0               0               1          1
                 (21, 17, 961)     20.583          0               0               1          1
                 (23, 26, 961)      14.25          0               0               1          1
                 (23, 26, 961)     16.583          0               0               1          1
                 (25, 19, 961)      14.25          0               0               1          1
                 (25, 19, 961)     16.958          0               0               1          1
                 (13, 29, 961)      14.25          0               0               1          1
                 (13, 29, 961)     15.292          0               0               1          1
                 (23, 12, 961)      14.25          0               0               1          1
                 (27, 30, 961)      14.25          0               0               1          1
                 (24, 22, 961)     14.333          0               0               1          1
                 (21, 28, 961)     14.333          0               0               1          1
                 (21, 28, 961)      16.25          0               0               0          1
                 (19, 20, 961)     14.333          0               0               1          1
                 (19, 20, 961)     18.583          0               0               1          1
                  (21, 4, 961)     14.333          0               0               1          1
                  (21, 4, 961)     14.958          0               0               1          1
                  (19, 3, 961)     14.333          0               0               1          1
                  (25, 3, 961)     14.333          0               0               1          1
                 (21, 22, 961)     14.417          0               0               1          1
                 (21, 22, 961)     15.542          0               0               1          1
                 (21, 22, 961)     16.167          0               0               0          1
                 (21, 22, 961)     22.333          0               0               1          1
                 (19, 28, 961)     14.417          0               0               1          1
                 (19, 28, 961)      18.25          0               0               1          1
                 (21, 18, 961)       14.5          0               0               1          1
                 (21, 18, 961)     24.667          0               0               1          1
                 (29, 18, 961)       14.5          0               0               1          1
                  (27, 5, 961)       14.5          0               0               1          1
                  (19, 2, 961)     14.583          0               0               1          1
                 (25, 26, 961)      14.75          0               0               1          1
                  (13, 5, 961)     14.958          0               0               1          1
                 (21, 15, 961)     15.042          0               0               1          1
                 (21, 15, 961)     25.375          0               0               1          1
                 (27, 18, 961)     15.042          0               0               1          1
                 (27, 18, 961)     18.583          0               0               1          1
                 (16, 28, 961)     15.125          0               0               0          1
                 (22, 22, 961)     15.125          0               0               1          1
                 (25, 24, 961)     15.125          0               0               1          1
                 (25, 24, 961)      20.25          0               0               1          1
                 (24, 25, 961)     15.208          0               0               1          1
                 (20, 28, 961)     15.208          0               0               1          1
                 (20, 28, 961)       20.0          0               0               1          1
                 (18, 28, 961)     15.208          0               0               1          2
                  (25, 9, 961)     15.208          0               0               1          1
                  (25, 9, 961)     19.292          0               0               1          1
                 (23, 27, 961)     15.208          0               0               1          1
                 (14, 12, 961)     15.208          0               0               1          1
                  (29, 7, 961)     15.292          0               0               1          1
                 (22, 30, 961)     15.292          0               0               1          1
                 (22, 30, 961)       16.0          0               0               1          1
                 (22, 30, 961)     17.125          0               0               1          1
                 (30, 10, 961)     15.375          0               0               1          1
                 (30, 10, 961)     17.125          0               0               0          1
                  (26, 9, 961)     15.542          0               0               1          1
                  (27, 0, 961)     15.542          0               0               1          1
                 (26, 17, 961)      15.75          0               0               1          1
                 (26, 17, 961)     18.167          0               0               1          1
                  (27, 2, 961)     15.833          0               0               1          1
                 (19, 24, 961)       16.0          0               0               1          1
                 (19, 24, 961)      16.25          0               0               0          1
                 (21, 27, 961)       16.0          0               0               1          1
                 (21, 27, 961)       18.0          0               0               1          1
                 (21, 27, 961)     19.125          0               0               1          1
                 (21, 27, 961)     20.083          0               0               1          1
                 (24, 26, 961)     16.083          0               0               1          1
                 (24, 26, 961)     21.292          0               0               1          1
                 (22, 19, 961)     16.083          0               0               1          2
                 (22, 19, 961)      18.25          0               0               1          1
                 (22, 19, 961)     22.583          0               0               1          1
                 (22, 19, 961)     26.333          0               0               1          1
                  (3, 23, 961)     16.083          0               0               0          1
                 (19, 14, 961)     16.083          0               0               1          1
                 (29, 26, 961)     16.167          0               0               0          1
                 (18, 15, 961)     16.167          0               0               1          1
                 (17, 27, 961)     16.167          0               0               1          1
                 (17, 27, 961)     19.042          0               0               0          1
                  (7, 31, 961)     16.167          0               0               0          1
                  (27, 6, 961)      16.25          0               0               1          1
                 (31, 12, 961)      16.25          0               0               1          1
                 (27, 24, 961)      16.25          0               0               1          1
                 (27, 24, 961)     18.083          0               0               1          1
                 (13, 22, 961)     16.333          0               0               1          1
                 (13, 22, 961)     20.083          0               0               1          1
                 (30, 12, 961)     16.333          0               0               1          1
                  (23, 3, 961)     16.417          0               0               0          1
                 (28, 24, 961)     16.417          0               0               1          1
                 (28, 24, 961)     22.417          0               0               1          1
                 (23, 18, 961)       16.5          0               0               1          1
                 (17, 21, 961)     16.875          0               0               0          1
                 (17, 21, 961)     19.208          0               0               0          1
                 (28, 27, 961)     16.958          0               0               1          1
                 (13, 31, 961)     16.958          0               0               0          1
                 (13, 31, 961)     17.042          0               0               1          1
                 (31, 18, 961)     17.042          0               0               1          1
                 (30, 21, 961)     17.042          0               0               1          1
                 (20, 13, 961)     17.125          0               0               1          1
                  (21, 9, 961)     17.125          0               0               1          1
                 (17, 25, 961)     17.125          0               0               0          1
                 (26, 30, 961)     17.125          0               0               1          1
                 (25, 18, 961)     17.208          0               0               1          1
                 (23, 20, 961)     17.208          0               0               1          1
                 (17, 17, 961)     17.208          0               0               1          1
                 (19, 12, 961)     17.208          0               0               1          1
                 (26, 12, 961)     17.208          0               0               0          1
                 (26, 12, 961)       20.0          0               0               1          1
                 (18, 20, 961)     17.292          0               0               1          1
                 (19, 16, 961)     17.292          0               0               1          1
                  (23, 2, 961)     17.458          0               0               1          1
                  (15, 3, 961)     17.542          0               0               0          1
                 (12, 21, 961)       18.0          0               0               1          1
                 (12, 21, 961)     22.417          0               0               0          1
                 (26, 27, 961)     18.083          0               0               0          1
                 (26, 27, 961)     19.917          0               0               1          1
                 (18, 27, 961)     18.083          0               0               0          1
                 (11, 25, 961)     18.083          0               0               0          1
                 (30, 25, 961)     18.167          0               0               1          1
                 (30, 25, 961)     25.125          0               0               0          1
                 (29, 11, 961)     18.333          0               0               1          1
                  (22, 0, 961)     18.333          0               0               1          1
                 (11, 20, 961)     18.333          0               0               1          1
                  (17, 9, 961)     18.417          0               0               1          1
                  (20, 3, 961)     18.583          0               0               1          1
                 (13, 11, 961)     18.958          0               0               1          1
                  (30, 9, 961)     18.958          0               0               1          1
                 (23, 30, 961)     19.042          0               0               1          1
                  (29, 4, 961)     19.042          0               0               0          1
                 (22, 31, 961)     19.125          0               0               1          1
                 (30, 29, 961)     19.208          0               0               0          1
                  (31, 5, 961)     19.208          0               0               1          1
                  (31, 5, 961)     21.125          0               0               1          1
                 (20, 27, 961)     19.292          0               0               1          1
                  (29, 1, 961)     19.292          0               0               1          1
                 (17, 22, 961)     19.458          0               0               1          1
                 (17, 22, 961)      24.25          0               0               1          1
                 (17, 22, 961)      24.25          0               0               0          1
                  (8, 20, 961)       20.0          0               0               0          1
                  (7, 11, 961)       20.0          0               0               0          1
                 (26, 28, 961)     20.083          0               0               1          1
                 (31, 13, 961)     20.083          0               0               1          1
                 (26, 25, 961)     20.333          0               0               1          1
                  (26, 4, 961)     20.333          0               0               1          1
                  (31, 0, 961)     20.333          0               0               0          1
                 (21, 11, 961)     20.417          0               0               1          1
                 (26, 29, 961)     20.417          0               0               1          1
                 (26, 29, 961)     23.125          0               0               1          1
                  (9, 29, 961)     20.417          0               0               0          1
                 (28, 17, 961)     20.417          0               0               1          1
                 (15, 30, 961)     20.958          0               0               1          1
                 (10, 31, 961)     20.958          0               0               0          1
                 (13, 26, 961)     21.458          0               0               1          1
                 (12, 16, 961)     22.167          0               0               0          1
                 (25, 11, 961)     22.167          0               0               1          1
                 (28, 10, 961)      22.25          0               0               1          1
                  (9, 19, 961)       22.5          0               0               0          1
                 (22, 15, 961)     22.958          0               0               0          1
                 (26, 11, 961)     23.125          0               0               1          1
                  (21, 3, 961)     23.542          0               0               1          1
                  (25, 6, 961)     24.083          0               0               1          1
                  (25, 6, 961)     25.792          0               0               1          1
                   (8, 9, 961)     24.083          0               0               0          1
                  (24, 6, 961)      24.25          0               0               0          1
                 (20, 14, 961)     25.542          0               0               1          1
                  (11, 9, 961)      26.25          0               0               0          1
                  (9, 15, 961)     28.958          0               0               0          1
                 (22, 18, 961)     29.458          0               0               0          1
                  (22, 7, 961)     34.083          0               0               1          1
-:     0     1     2     3     4
0:   413   261   227   229   184
1:   221   223   201   189   171
2:   245   190   151   168   203
3:   234   184   168   202   375
4:   211   184   197   337   806
