inputs: 961/1000 samples
                      [output]   [energy]  [A*B=out] [truth of cfas] [truth of chains]      [num]
                 (31, 31, 961)        0.0          1               1               1          1
                 (31, 31, 961)      4.083          1               0               1          3
                 (31, 31, 961)      9.125          1               0               1          2
                 (31, 31, 961)     14.167          1               0               1          1
                 (27, 27, 961)        4.0          0               0               1          1
                 (27, 27, 961)       6.25          0               0               1          1
                 (27, 27, 961)      8.083          0               0               1          2
                 (27, 27, 961)       8.25          0               0               1          1
                 (27, 27, 961)     10.167          0               0               1          1
                 (27, 27, 961)     13.042          0               0               1          1
                 (27, 27, 961)     13.125          0               0               1          1
                 (27, 27, 961)     13.292          0               0               1          1
                 (27, 27, 961)      14.25          0               0               1          1
                 (27, 27, 961)     15.042          0               0               1          1
                 (27, 27, 961)     16.875          0               0               1          1
                 (27, 31, 961)        4.0          0               0               1          1
                 (27, 31, 961)        6.0          0               0               1          1
                 (27, 31, 961)     12.167          0               0               1          1
                 (27, 31, 961)     13.042          0               0               1          2
                 (27, 31, 961)     16.083          0               0               1          1
                 (27, 31, 961)     18.167          0               0               1          1
                 (25, 23, 961)        6.0          0               0               1          1
                 (25, 23, 961)      9.917          0               0               1          1
                 (25, 23, 961)       10.0          0               0               1          1
                 (25, 23, 961)      14.25          0               0               1          1
                 (25, 23, 961)     16.167          0               0               1          1
                 (25, 23, 961)     17.542          0               0               1          1
                 (25, 23, 961)      20.25          0               0               1          1
                 (25, 23, 961)       20.5          0               0               1          1
                 (23, 31, 961)        6.0          0               0               1          3
                 (23, 31, 961)      6.083          0               0               1          1
                 (23, 31, 961)      6.958          0               0               1          1
                 (23, 31, 961)      8.167          0               0               1          1
                 (23, 31, 961)       10.0          0               0               1          2
                 (23, 31, 961)     12.083          0               0               1          1
                 (23, 31, 961)     12.417          0               0               1          1
                 (23, 31, 961)     16.167          0               0               1          1
                 (29, 21, 961)        6.0          0               0               1          1
                 (29, 21, 961)       6.25          0               0               1          1
                 (29, 21, 961)      7.042          0               0               1          2
                 (29, 21, 961)       10.0          0               0               1          2
                 (29, 21, 961)     10.167          0               0               1          1
                 (29, 21, 961)     10.958          0               0               1          1
                 (29, 21, 961)     12.167          0               0               1          1
                 (29, 21, 961)     18.083          0               0               1          1
                 (29, 21, 961)     19.375          0               0               1          1
                 (15, 15, 961)        6.0          0               0               1          1
                 (15, 15, 961)       14.0          0               0               0          1
                 (31, 27, 961)        6.0          0               0               1          1
                 (31, 27, 961)      6.083          0               0               1          1
                 (27, 29, 961)        6.0          0               0               1          1
                 (27, 29, 961)     13.375          0               0               1          1
                 (27, 29, 961)     17.292          0               0               1          1
                 (29, 31, 961)        6.0          0               0               1          2
                 (29, 31, 961)        8.0          0               0               1          1
                 (29, 31, 961)        8.0          0               0               0          1
                 (29, 31, 961)      9.042          0               0               1          1
                 (29, 31, 961)     11.042          0               0               1          1
                 (29, 31, 961)     11.292          0               0               1          1
                 (29, 31, 961)       12.0          0               0               1          1
                 (29, 31, 961)       12.0          0               0               0          1
                 (29, 31, 961)     17.292          0               0               1          1
                 (31, 19, 961)      6.083          0               0               1          1
                 (31, 19, 961)     10.083          0               0               1          1
                 (31, 19, 961)     12.083          0               0               1          1
                 (31, 19, 961)       20.5          0               0               1          1
                 (19, 11, 961)      6.333          0               0               1          1
                 (19, 11, 961)     12.083          0               0               1          1
                 (27, 26, 961)      6.333          0               0               1          1
                 (27, 26, 961)     12.958          0               0               1          1
                 (27, 26, 961)     13.625          0               0               1          1
                 (27, 26, 961)       16.5          0               0               1          1
                 (27, 26, 961)     26.792          0               0               1          1
                 (29, 29, 961)      7.042          0               0               1          1
                 (29, 29, 961)        8.0          0               0               0          1
                 (29, 29, 961)      8.083          0               0               1          2
                 (29, 29, 961)      9.042          0               0               1          1
                 (29, 29, 961)       10.0          0               0               1          1
                 (29, 29, 961)     12.083          0               0               1          1
                 (29, 29, 961)     15.292          0               0               1          1
                 (29, 29, 961)     16.333          0               0               1          1
                 (29, 29, 961)     19.042          0               0               1          1
                 (21, 21, 961)      7.125          0               0               1          1
                 (21, 21, 961)       12.0          0               0               1          1
                 (21, 21, 961)     14.167          0               0               1          1
                 (21, 21, 961)     14.958          0               0               1          1
                 (21, 21, 961)     16.333          0               0               1          1
                 (24, 31, 961)        8.0          0               0               1          1
                 (24, 31, 961)       10.0          0               0               1          5
                 (24, 31, 961)       14.0          0               0               1          1
                 (24, 31, 961)     16.083          0               0               1          1
                 (24, 31, 961)     18.958          0               0               1          1
                 (24, 31, 961)       20.0          0               0               1          1
                 (24, 31, 961)     20.167          0               0               1          1
                 (21, 31, 961)        8.0          0               0               1          1
                 (21, 31, 961)     14.083          0               0               1          2
                 (21, 31, 961)     16.167          0               0               1          1
                 (21, 31, 961)     17.208          0               0               1          1
                 (21, 31, 961)     20.083          0               0               1          1
                 (23, 23, 961)        8.0          0               0               1          1
                 (23, 23, 961)       10.0          0               0               1          1
                 (23, 23, 961)       12.0          0               0               0          1
                 (23, 23, 961)     12.333          0               0               1          1
                 (23, 23, 961)     13.375          0               0               1          1
                 (23, 23, 961)     14.417          0               0               1          1
                 (23, 23, 961)     15.042          0               0               1          1
                 (23, 23, 961)     16.083          0               0               0          1
                 (23, 23, 961)     16.083          0               0               1          1
                 (23, 23, 961)     17.042          0               0               1          1
                 (23, 23, 961)     17.208          0               0               1          1
                 (23, 23, 961)     21.458          0               0               1          1
                 (29, 28, 961)        8.0          0               0               1          1
                 (29, 28, 961)      8.083          0               0               1          1
                 (29, 28, 961)      8.167          0               0               1          1
                 (29, 28, 961)       12.0          0               0               1          1
                 (29, 28, 961)     13.125          0               0               1          1
                 (29, 28, 961)     14.875          0               0               1          1
                 (29, 28, 961)     14.958          0               0               1          1
                 (29, 28, 961)     15.208          0               0               1          1
                 (29, 28, 961)      20.25          0               0               0          1
                 (29, 28, 961)     24.167          0               0               0          1
                 (21, 29, 961)        8.0          0               0               1          2
                 (21, 29, 961)     10.167          0               0               1          1
                 (21, 29, 961)     11.125          0               0               1          1
                 (21, 29, 961)     12.083          0               0               1          1
                 (21, 29, 961)     12.333          0               0               1          1
                 (21, 29, 961)     13.042          0               0               1          1
                 (21, 29, 961)     14.167          0               0               1          1
                 (21, 29, 961)      14.25          0               0               1          1
                 (21, 29, 961)     15.125          0               0               1          1
                 (21, 29, 961)     16.083          0               0               0          1
                 (21, 29, 961)     16.875          0               0               1          1
                 (21, 29, 961)     17.125          0               0               1          1
                 (21, 29, 961)      18.25          0               0               1          1
                 (24, 29, 961)        8.0          0               0               1          1
                 (24, 29, 961)     10.083          0               0               1          2
                 (24, 29, 961)     11.042          0               0               1          1
                 (24, 29, 961)     13.292          0               0               1          1
                 (27, 19, 961)        8.0          0               0               1          1
                 (27, 19, 961)      8.083          0               0               1          1
                 (27, 19, 961)      9.917          0               0               1          1
                 (27, 19, 961)     10.167          0               0               1          1
                 (27, 19, 961)     12.083          0               0               1          1
                 (27, 19, 961)     12.958          0               0               1          1
                 (27, 19, 961)     14.083          0               0               1          1
                 (27, 19, 961)     16.333          0               0               1          1
                 (31, 23, 961)        8.0          0               0               1          1
                 (31, 23, 961)      8.083          0               0               1          1
                 (31, 23, 961)     10.167          0               0               1          1
                 (31, 23, 961)     11.375          0               0               1          1
                 (31, 23, 961)       12.0          0               0               1          1
                 (31, 23, 961)       14.0          0               0               1          2
                 (31, 23, 961)      14.25          0               0               1          1
                 (29, 27, 961)        8.0          0               0               1          1
                 (29, 27, 961)      8.083          0               0               1          1
                 (29, 27, 961)      8.958          0               0               1          1
                 (29, 27, 961)     12.958          0               0               1          1
                 (29, 27, 961)     13.292          0               0               1          1
                 (29, 27, 961)     14.083          0               0               1          1
                 (29, 27, 961)     15.292          0               0               1          1
                 (29, 27, 961)       16.0          0               0               1          2
                 (29, 27, 961)      16.25          0               0               1          1
                 (24, 30, 961)        8.0          0               0               1          1
                 (24, 30, 961)       12.0          0               0               1          1
                 (24, 30, 961)     12.083          0               0               1          1
                 (24, 30, 961)     19.042          0               0               1          1
                 (23, 30, 961)        8.0          0               0               1          1
                 (23, 30, 961)      8.958          0               0               1          1
                 (23, 30, 961)     14.083          0               0               1          1
                 (23, 30, 961)     17.292          0               0               1          1
                 (23, 30, 961)     19.458          0               0               1          1
                 (23, 30, 961)     23.042          0               0               1          1
                 (19, 31, 961)        8.0          0               0               1          2
                 (19, 31, 961)      9.125          0               0               1          1
                 (19, 31, 961)       12.0          0               0               1          2
                 (19, 31, 961)     12.083          0               0               1          3
                 (19, 31, 961)     12.958          0               0               0          1
                 (19, 31, 961)     14.083          0               0               1          1
                 (19, 31, 961)     14.167          0               0               1          2
                 (19, 31, 961)     15.042          0               0               1          1
                 (19, 31, 961)     16.958          0               0               1          1
                 (19, 31, 961)     18.167          0               0               1          1
                 (19, 31, 961)       20.0          0               0               1          1
                 (19, 15, 961)        8.0          0               0               1          1
                 (19, 15, 961)       10.0          0               0               1          1
                 (19, 15, 961)     10.083          0               0               1          1
                 (19, 15, 961)     14.167          0               0               1          1
                 (28, 23, 961)        8.0          0               0               1          1
                 (28, 23, 961)       10.0          0               0               1          1
                 (28, 23, 961)     10.083          0               0               1          1
                 (28, 23, 961)     12.083          0               0               1          1
                 (28, 23, 961)     13.042          0               0               1          1
                 (28, 23, 961)     15.208          0               0               1          1
                 (28, 31, 961)        8.0          0               0               1          1
                 (28, 31, 961)     10.083          0               0               1          3
                 (28, 31, 961)       12.0          0               0               1          1
                 (28, 31, 961)       14.0          0               0               1          2
                 (28, 31, 961)     14.083          0               0               1          1
                 (28, 31, 961)     19.375          0               0               1          1
                 (28, 31, 961)     21.917          0               0               1          1
                 (24, 13, 961)      8.083          0               0               1          1
                 (24, 13, 961)      10.25          0               0               1          1
                 (24, 13, 961)     10.958          0               0               1          1
                 (19, 23, 961)      8.083          0               0               1          2
                 (19, 23, 961)       8.25          0               0               1          1
                 (19, 23, 961)      8.333          0               0               1          1
                 (19, 23, 961)     10.083          0               0               1          1
                 (19, 23, 961)     11.125          0               0               1          1
                 (19, 23, 961)     11.917          0               0               1          1
                 (19, 23, 961)       12.0          0               0               1          1
                 (19, 23, 961)       12.0          0               0               0          1
                 (19, 23, 961)     13.208          0               0               0          1
                 (19, 23, 961)       14.0          0               0               1          1
                 (19, 23, 961)     14.958          0               0               1          1
                 (19, 23, 961)     16.417          0               0               1          1
                 (19, 23, 961)     17.208          0               0               1          1
                 (27, 23, 961)      8.083          0               0               1          1
                 (27, 23, 961)       10.0          0               0               1          1
                 (27, 23, 961)     10.083          0               0               1          1
                 (27, 23, 961)     10.167          0               0               1          1
                 (27, 23, 961)     12.083          0               0               1          1
                 (27, 23, 961)     14.083          0               0               1          1
                 (27, 23, 961)     19.208          0               0               1          1
                 (23, 28, 961)      8.083          0               0               1          1
                 (23, 28, 961)       8.25          0               0               1          1
                 (23, 28, 961)       10.0          0               0               1          1
                 (23, 28, 961)     12.083          0               0               1          1
                 (23, 28, 961)     16.167          0               0               1          1
                 (23, 28, 961)      16.25          0               0               1          1
                 (23, 28, 961)     17.042          0               0               1          1
                 (23, 28, 961)     19.375          0               0               1          2
                 (23, 28, 961)     21.292          0               0               1          1
                 (31, 29, 961)      8.083          0               0               1          1
                 (31, 29, 961)     13.125          0               0               1          1
                 (31, 29, 961)     14.417          0               0               1          1
                 (21, 13, 961)      8.167          0               0               1          1
                 (27, 21, 961)      8.167          0               0               1          1
                 (27, 21, 961)     10.083          0               0               1          1
                 (27, 21, 961)     10.167          0               0               1          1
                 (27, 21, 961)     15.375          0               0               1          1
                 (27, 21, 961)     17.292          0               0               1          1
                 (27, 21, 961)     19.208          0               0               1          1
                 (16, 13, 961)       8.25          0               0               1          1
                 (29, 22, 961)       8.25          0               0               1          1
                 (29, 22, 961)      10.25          0               0               1          1
                 (29, 22, 961)       14.0          0               0               1          1
                 (29, 22, 961)      20.25          0               0               1          1
                 (31, 28, 961)       8.25          0               0               1          1
                 (31, 28, 961)       10.0          0               0               1          1
                 (31, 28, 961)     11.125          0               0               1          1
                 (31, 28, 961)     14.333          0               0               1          1
                 (31, 28, 961)     17.125          0               0               1          1
                 (23, 29, 961)      8.333          0               0               1          1
                 (23, 29, 961)     12.083          0               0               1          1
                 (23, 29, 961)     13.042          0               0               1          1
                 (23, 29, 961)     13.292          0               0               1          1
                 (23, 29, 961)     16.167          0               0               1          1
                 (31, 15, 961)      8.958          0               0               1          1
                 (31, 15, 961)     13.125          0               0               1          1
                 (25, 25, 961)      9.125          0               0               1          1
                 (25, 25, 961)     10.167          0               0               1          1
                 (25, 25, 961)      10.25          0               0               1          1
                 (25, 25, 961)     11.208          0               0               1          1
                 (25, 25, 961)       12.0          0               0               1          1
                 (25, 25, 961)      12.25          0               0               1          1
                 (23, 25, 961)      9.208          0               0               1          1
                 (23, 25, 961)     10.167          0               0               1          1
                 (23, 25, 961)     10.958          0               0               1          1
                 (23, 25, 961)     13.917          0               0               1          1
                 (23, 25, 961)     16.167          0               0               0          1
                 (23, 25, 961)     16.333          0               0               1          1
                 (28, 26, 961)      9.208          0               0               1          1
                 (28, 26, 961)     13.292          0               0               1          1
                 (28, 26, 961)       16.0          0               0               1          1
                 (28, 26, 961)     17.208          0               0               1          2
                 (17, 11, 961)      9.292          0               0               1          1
                 (24, 26, 961)      9.375          0               0               1          1
                 (24, 26, 961)       14.0          0               0               0          1
                 (21, 23, 961)       10.0          0               0               1          2
                 (21, 23, 961)     17.042          0               0               1          1
                 (21, 23, 961)     22.083          0               0               1          1
                  (25, 9, 961)       10.0          0               0               1          1
                  (25, 5, 961)       10.0          0               0               1          1
                  (25, 5, 961)     11.042          0               0               1          1
                 (20, 21, 961)       10.0          0               0               1          1
                  (19, 7, 961)       10.0          0               0               1          1
                 (28, 21, 961)       10.0          0               0               1          1
                 (28, 21, 961)      10.25          0               0               1          1
                 (28, 21, 961)     13.125          0               0               1          1
                 (28, 21, 961)     17.208          0               0               1          1
                 (28, 21, 961)      18.25          0               0               1          1
                 (24, 14, 961)       10.0          0               0               1          1
                 (24, 14, 961)     14.083          0               0               1          1
                 (24, 19, 961)       10.0          0               0               1          1
                 (24, 19, 961)       12.0          0               0               1          1
                 (16, 23, 961)       10.0          0               0               1          1
                 (16, 23, 961)     20.167          0               0               1          1
                 (28, 12, 961)       10.0          0               0               1          1
                 (28, 12, 961)     17.917          0               0               1          1
                 (24, 15, 961)       10.0          0               0               1          1
                 (24, 15, 961)     10.083          0               0               1          1
                 (24, 15, 961)       14.0          0               0               1          1
                  (29, 9, 961)       10.0          0               0               1          1
                 (28, 28, 961)       10.0          0               0               1          2
                 (28, 28, 961)       12.0          0               0               1          1
                 (28, 28, 961)     13.125          0               0               1          2
                 (28, 28, 961)     15.125          0               0               1          1
                 (28, 28, 961)     16.708          0               0               1          1
                 (28, 28, 961)      18.25          0               0               1          2
                 (28, 28, 961)     21.042          0               0               1          2
                  (23, 7, 961)       10.0          0               0               1          1
                  (23, 7, 961)     10.083          0               0               1          1
                  (23, 7, 961)     12.167          0               0               1          1
                  (23, 7, 961)     12.875          0               0               1          1
                  (23, 7, 961)      14.25          0               0               1          1
                 (23, 19, 961)       10.0          0               0               1          1
                 (23, 19, 961)     12.417          0               0               1          1
                 (23, 19, 961)       16.0          0               0               1          1
                 (23, 19, 961)     17.125          0               0               1          1
                 (23, 19, 961)     18.417          0               0               1          1
                 (30, 30, 961)       10.0          0               0               1          1
                 (30, 30, 961)      12.25          0               0               1          1
                 (30, 30, 961)     13.125          0               0               1          1
                 (30, 30, 961)       14.0          0               0               1          1
                 (19, 21, 961)       10.0          0               0               1          1
                 (19, 21, 961)     10.417          0               0               1          1
                 (19, 21, 961)     12.083          0               0               1          1
                 (19, 21, 961)     12.167          0               0               1          1
                 (19, 21, 961)      12.25          0               0               1          1
                 (19, 21, 961)       16.0          0               0               1          1
                 (19, 21, 961)     17.125          0               0               1          1
                 (24, 27, 961)       10.0          0               0               1          1
                 (24, 27, 961)     10.167          0               0               1          1
                 (24, 27, 961)     10.958          0               0               1          1
                 (24, 27, 961)     14.083          0               0               1          1
                 (19, 29, 961)       10.0          0               0               1          1
                 (19, 29, 961)       12.0          0               0               1          1
                 (19, 29, 961)     15.125          0               0               1          1
                 (23, 15, 961)       10.0          0               0               1          1
                 (23, 15, 961)       18.0          0               0               1          1
                 (31, 11, 961)       10.0          0               0               1          1
                 (31, 11, 961)     12.708          0               0               1          1
                 (25, 31, 961)       10.0          0               0               1          1
                 (25, 31, 961)     10.083          0               0               1          1
                 (25, 31, 961)     11.042          0               0               1          1
                 (25, 31, 961)       12.0          0               0               0          1
                 (25, 31, 961)     12.958          0               0               1          1
                 (25, 31, 961)     13.125          0               0               1          2
                 (25, 31, 961)     14.083          0               0               1          2
                 (25, 31, 961)     14.167          0               0               1          2
                 (25, 31, 961)     15.042          0               0               0          1
                 (25, 31, 961)      16.25          0               0               1          1
                 (25, 31, 961)     17.125          0               0               1          2
                 (25, 31, 961)     17.208          0               0               1          1
                 (25, 31, 961)      18.25          0               0               0          1
                 (25, 31, 961)     19.042          0               0               0          1
                 (31, 30, 961)       10.0          0               0               1          1
                 (31, 30, 961)     10.333          0               0               1          1
                 (21, 15, 961)     10.083          0               0               1          1
                 (21, 15, 961)     10.167          0               0               1          1
                 (21, 15, 961)     13.042          0               0               1          1
                 (23, 10, 961)     10.083          0               0               1          1
                 (17, 31, 961)     10.083          0               0               1          1
                 (17, 31, 961)       12.0          0               0               1          2
                 (17, 31, 961)       12.0          0               0               0          1
                 (17, 31, 961)      16.25          0               0               1          1
                 (17, 31, 961)     18.083          0               0               1          2
                 (17, 31, 961)      20.25          0               0               1          1
                 (23, 27, 961)     10.083          0               0               1          2
                 (23, 27, 961)     12.083          0               0               1          1
                 (23, 27, 961)      12.25          0               0               1          1
                 (23, 27, 961)     13.042          0               0               1          1
                 (23, 27, 961)       14.0          0               0               1          1
                 (23, 27, 961)      14.25          0               0               1          1
                 (23, 27, 961)     14.333          0               0               1          1
                 (23, 27, 961)      16.25          0               0               1          1
                 (27, 15, 961)     10.083          0               0               1          1
                 (27, 15, 961)     12.083          0               0               1          2
                 (27, 15, 961)     14.875          0               0               1          1
                 (27, 15, 961)     15.042          0               0               1          1
                 (27, 15, 961)     17.042          0               0               1          1
                 (27, 15, 961)      18.25          0               0               0          1
                 (19, 27, 961)     10.083          0               0               1          1
                 (19, 27, 961)     10.958          0               0               1          2
                 (19, 27, 961)     11.042          0               0               1          1
                 (19, 27, 961)       12.0          0               0               0          1
                 (19, 27, 961)     15.125          0               0               1          1
                 (19, 27, 961)     16.167          0               0               1          2
                 (15, 31, 961)     10.083          0               0               1          1
                  (0, 31, 961)     10.083          0               0               0          1
                 (30, 26, 961)     10.083          0               0               1          1
                 (30, 26, 961)     20.083          0               0               1          1
                 (19, 19, 961)     10.083          0               0               1          1
                 (19, 19, 961)     10.167          0               0               1          1
                 (19, 19, 961)     10.958          0               0               1          1
                 (19, 19, 961)     11.042          0               0               1          1
                 (19, 19, 961)     14.083          0               0               1          1
                 (26, 31, 961)     10.083          0               0               1          1
                 (26, 31, 961)     14.167          0               0               1          1
                 (26, 31, 961)     14.958          0               0               1          1
                 (29, 25, 961)     10.167          0               0               1          2
                 (29, 25, 961)      10.25          0               0               1          1
                 (29, 25, 961)     10.333          0               0               1          2
                 (29, 25, 961)     12.167          0               0               1          1
                  (29, 8, 961)     10.167          0               0               1          1
                  (29, 8, 961)       12.0          0               0               1          1
                 (24, 22, 961)     10.167          0               0               1          1
                 (24, 22, 961)     13.125          0               0               1          1
                 (24, 22, 961)     17.042          0               0               1          1
                  (29, 5, 961)      10.25          0               0               1          1
                  (29, 5, 961)     10.875          0               0               1          2
                  (29, 5, 961)     12.167          0               0               1          1
                  (29, 5, 961)     12.875          0               0               1          1
                  (29, 5, 961)     13.375          0               0               1          1
                 (29, 20, 961)      10.25          0               0               1          1
                 (29, 20, 961)     12.083          0               0               1          1
                 (29, 20, 961)     14.333          0               0               1          1
                 (29, 20, 961)     14.583          0               0               1          1
                 (29, 20, 961)     16.167          0               0               0          1
                 (29, 20, 961)     20.875          0               0               1          1
                 (29, 20, 961)     23.292          0               0               1          1
                  (17, 9, 961)      10.25          0               0               1          1
                 (27, 30, 961)      10.25          0               0               1          1
                  (31, 1, 961)     10.333          0               0               1          1
                  (27, 7, 961)     10.417          0               0               1          1
                  (27, 7, 961)     11.208          0               0               1          1
                  (27, 7, 961)       14.0          0               0               1          1
                  (27, 7, 961)     14.875          0               0               1          1
                  (17, 0, 961)     10.417          0               0               1          1
                  (25, 7, 961)       10.5          0               0               1          1
                  (25, 7, 961)       12.0          0               0               0          1
                  (25, 7, 961)      14.25          0               0               1          1
                  (25, 7, 961)     16.958          0               0               1          1
                  (25, 7, 961)     17.458          0               0               1          1
                  (25, 7, 961)     19.208          0               0               1          1
                 (31, 12, 961)     10.875          0               0               1          1
                 (31, 12, 961)       14.5          0               0               1          1
                 (29, 23, 961)     10.875          0               0               1          1
                 (29, 23, 961)     13.042          0               0               1          1
                 (29, 23, 961)      16.25          0               0               1          1
                 (29, 23, 961)     17.125          0               0               1          1
                 (29, 23, 961)       18.0          0               0               1          1
                 (29, 23, 961)     18.083          0               0               1          1
                 (29, 23, 961)     18.333          0               0               1          1
                 (27, 12, 961)     11.042          0               0               1          1
                 (27, 12, 961)      14.25          0               0               1          1
                 (27, 12, 961)       16.5          0               0               1          1
                 (27, 12, 961)     18.333          0               0               1          1
                 (25, 15, 961)     11.042          0               0               1          1
                 (25, 15, 961)     13.125          0               0               1          1
                 (25, 15, 961)     14.083          0               0               1          1
                 (25, 15, 961)       18.5          0               0               1          1
                 (25, 15, 961)      20.25          0               0               0          1
                 (25, 15, 961)     25.292          0               0               1          1
                 (28, 15, 961)     11.042          0               0               1          1
                 (28, 15, 961)     19.208          0               0               1          1
                 (31, 25, 961)     11.042          0               0               1          1
                 (31, 25, 961)     13.125          0               0               1          1
                  (18, 7, 961)     11.125          0               0               1          1
                 (22, 28, 961)     11.125          0               0               1          1
                 (22, 28, 961)     13.125          0               0               1          1
                 (22, 28, 961)     14.083          0               0               1          1
                 (22, 28, 961)     16.333          0               0               1          1
                 (22, 28, 961)     17.042          0               0               1          1
                 (27, 13, 961)     11.125          0               0               1          1
                 (27, 13, 961)     13.042          0               0               1          1
                 (27, 13, 961)     15.125          0               0               1          1
                 (27, 13, 961)     15.458          0               0               1          1
                 (27, 13, 961)     19.042          0               0               1          1
                 (28, 22, 961)     11.125          0               0               1          1
                 (28, 22, 961)     13.125          0               0               1          2
                 (28, 22, 961)       16.0          0               0               1          1
                 (28, 22, 961)     17.125          0               0               1          1
                 (28, 22, 961)     18.083          0               0               1          1
                 (22, 24, 961)     11.125          0               0               1          1
                 (22, 24, 961)     15.125          0               0               1          1
                 (22, 24, 961)     20.958          0               0               1          1
                  (20, 6, 961)     11.208          0               0               1          1
                 (26, 24, 961)     11.208          0               0               1          1
                 (26, 24, 961)     26.417          0               0               1          1
                 (26, 30, 961)     11.208          0               0               1          1
                 (26, 30, 961)     15.208          0               0               1          1
                 (26, 30, 961)     18.167          0               0               1          1
                 (26, 21, 961)     11.292          0               0               1          1
                 (26, 21, 961)     19.208          0               0               1          1
                 (27, 11, 961)     11.292          0               0               1          1
                 (26, 22, 961)     11.292          0               0               1          1
                 (26, 22, 961)       12.0          0               0               1          1
                 (26, 22, 961)     13.042          0               0               1          1
                 (26, 22, 961)      16.25          0               0               1          1
                 (26, 22, 961)     17.375          0               0               1          1
                 (26, 22, 961)     19.042          0               0               1          1
                 (25, 13, 961)     11.458          0               0               1          1
                 (29, 13, 961)     11.542          0               0               1          1
                 (29, 13, 961)     12.083          0               0               1          1
                 (29, 13, 961)     13.917          0               0               1          1
                 (29, 13, 961)     16.333          0               0               1          1
                 (31, 21, 961)      11.75          0               0               1          1
                 (31, 21, 961)     13.375          0               0               1          1
                 (31, 21, 961)     18.167          0               0               1          1
                 (28, 24, 961)       12.0          0               0               1          1
                 (28, 24, 961)     12.083          0               0               1          1
                 (28, 24, 961)     17.625          0               0               1          1
                 (20, 27, 961)       12.0          0               0               0          1
                 (20, 27, 961)     16.167          0               0               1          1
                 (25, 29, 961)       12.0          0               0               0          1
                 (25, 29, 961)     12.083          0               0               1          2
                 (25, 29, 961)     12.167          0               0               1          1
                 (25, 29, 961)     13.292          0               0               1          1
                 (25, 29, 961)     18.333          0               0               1          1
                 (25, 29, 961)     23.042          0               0               1          1
                 (25, 26, 961)       12.0          0               0               1          1
                 (25, 26, 961)     17.458          0               0               1          1
                 (30, 20, 961)       12.0          0               0               1          1
                 (30, 20, 961)       14.0          0               0               1          1
                 (30, 20, 961)     14.083          0               0               1          1
                 (30, 20, 961)      14.25          0               0               1          1
                 (30, 20, 961)     14.333          0               0               1          1
                 (30, 20, 961)     16.083          0               0               1          1
                 (30, 20, 961)       16.5          0               0               1          1
                 (30, 20, 961)     17.292          0               0               0          1
                 (30, 20, 961)     17.292          0               0               1          1
                 (30, 20, 961)       18.0          0               0               0          1
                 (30, 20, 961)     19.042          0               0               1          1
                 (28, 20, 961)       12.0          0               0               1          1
                 (25, 21, 961)       12.0          0               0               1          1
                 (25, 21, 961)     19.042          0               0               1          1
                 (25, 21, 961)     19.208          0               0               1          1
                 (25, 21, 961)     19.292          0               0               1          1
                 (28, 30, 961)       12.0          0               0               1          1
                 (28, 30, 961)     13.125          0               0               1          1
                 (28, 30, 961)     15.458          0               0               1          1
                 (28, 30, 961)       16.0          0               0               1          1
                 (20, 31, 961)       12.0          0               0               1          2
                 (20, 31, 961)     13.042          0               0               1          1
                 (20, 31, 961)     14.083          0               0               1          1
                 (20, 31, 961)       16.0          0               0               1          1
                 (20, 31, 961)     17.042          0               0               1          1
                 (20, 31, 961)       18.0          0               0               1          1
                 (20, 31, 961)     18.083          0               0               1          1
                 (20, 31, 961)     20.333          0               0               1          1
                  (27, 3, 961)       12.0          0               0               1          1
                  (27, 3, 961)     14.083          0               0               0          1
                 (26, 23, 961)       12.0          0               0               1          1
                 (26, 23, 961)     14.167          0               0               1          1
                 (26, 23, 961)     15.125          0               0               1          1
                 (26, 23, 961)     17.042          0               0               1          1
                 (26, 23, 961)     23.208          0               0               1          1
                 (26, 23, 961)     26.417          0               0               1          1
                 (27, 28, 961)       12.0          0               0               1          1
                 (27, 28, 961)     16.083          0               0               1          1
                 (27, 28, 961)     17.917          0               0               1          1
                 (27, 28, 961)     18.875          0               0               1          1
                 (27, 28, 961)     23.125          0               0               1          1
                 (26, 29, 961)       12.0          0               0               1          1
                 (31, 22, 961)       12.0          0               0               1          1
                 (31, 22, 961)     12.333          0               0               1          1
                 (31, 22, 961)      13.75          0               0               1          1
                 (11, 28, 961)       12.0          0               0               1          1
                  (19, 8, 961)     12.083          0               0               1          1
                 (31, 17, 961)     12.083          0               0               1          1
                 (31, 17, 961)     12.167          0               0               1          1
                 (31, 17, 961)     15.208          0               0               1          1
                 (31, 17, 961)      16.25          0               0               1          1
                 (31, 17, 961)     27.375          0               0               1          1
                 (29, 17, 961)     12.083          0               0               1          1
                 (29, 17, 961)     14.417          0               0               1          1
                 (29, 17, 961)     15.833          0               0               1          1
                 (20, 19, 961)     12.083          0               0               1          1
                 (20, 19, 961)       16.0          0               0               1          1
                 (20, 19, 961)     16.083          0               0               1          1
                 (20, 19, 961)     17.292          0               0               1          1
                 (13, 29, 961)     12.083          0               0               1          1
                 (28, 11, 961)     12.083          0               0               1          1
                 (18, 30, 961)     12.083          0               0               1          1
                 (18, 30, 961)      14.25          0               0               1          1
                 (24, 23, 961)     12.167          0               0               1          1
                 (24, 23, 961)       14.0          0               0               0          1
                 (24, 23, 961)     16.333          0               0               1          1
                 (24, 21, 961)     12.167          0               0               1          1
                 (24, 21, 961)     12.875          0               0               1          1
                 (24, 21, 961)     13.042          0               0               1          1
                 (24, 21, 961)     17.125          0               0               1          1
                 (24, 21, 961)     17.208          0               0               1          1
                 (28, 18, 961)     12.167          0               0               1          1
                 (28, 18, 961)     14.167          0               0               1          1
                 (28, 18, 961)     16.333          0               0               1          1
                 (17, 25, 961)     12.167          0               0               1          1
                  (21, 5, 961)     12.167          0               0               1          1
                 (17, 23, 961)     12.167          0               0               1          1
                 (17, 23, 961)      26.25          0               0               1          1
                 (21, 28, 961)      12.25          0               0               1          1
                 (21, 28, 961)     12.958          0               0               1          1
                 (21, 28, 961)     18.083          0               0               0          1
                 (21, 28, 961)     18.167          0               0               1          1
                 (21, 28, 961)      18.25          0               0               1          1
                  (25, 3, 961)      12.25          0               0               1          1
                  (21, 9, 961)      12.25          0               0               1          1
                 (29, 26, 961)      12.25          0               0               1          1
                 (29, 26, 961)      14.25          0               0               1          1
                 (29, 26, 961)     19.458          0               0               1          1
                 (30, 18, 961)      12.25          0               0               1          1
                 (30, 18, 961)       14.0          0               0               1          1
                 (30, 18, 961)     16.958          0               0               1          1
                 (30, 18, 961)     25.375          0               0               1          1
                 (31, 20, 961)      12.25          0               0               1          1
                 (31, 20, 961)      13.75          0               0               1          1
                 (31, 20, 961)     15.125          0               0               1          1
                 (23, 21, 961)      12.25          0               0               1          1
                 (23, 21, 961)     21.375          0               0               1          1
                 (30, 22, 961)      12.25          0               0               1          1
                 (30, 22, 961)     13.833          0               0               1          1
                 (30, 22, 961)     16.167          0               0               1          1
                 (30, 22, 961)     18.417          0               0               1          1
                 (30, 22, 961)     20.083          0               0               1          1
                 (30, 22, 961)     21.125          0               0               1          1
                 (30, 22, 961)     23.125          0               0               0          1
                 (22, 30, 961)      12.25          0               0               1          1
                 (22, 30, 961)     14.167          0               0               1          1
                 (22, 30, 961)      16.25          0               0               1          1
                 (22, 30, 961)     18.958          0               0               1          1
                 (29, 30, 961)     12.333          0               0               1          1
                 (29, 30, 961)       14.5          0               0               1          1
                 (29, 30, 961)     17.292          0               0               1          1
                 (29, 30, 961)     19.125          0               0               1          1
                 (29, 30, 961)     24.083          0               0               1          1
                 (19, 20, 961)     12.417          0               0               1          1
                 (23, 22, 961)     12.417          0               0               1          1
                 (23, 22, 961)       16.5          0               0               1          1
                 (23, 22, 961)     17.292          0               0               1          1
                 (23, 22, 961)     17.542          0               0               1          1
                 (23, 22, 961)      20.75          0               0               0          1
                 (29, 24, 961)     12.958          0               0               1          1
                 (29, 24, 961)       14.0          0               0               1          1
                 (29, 24, 961)     15.042          0               0               1          1
                 (29, 24, 961)     17.208          0               0               1          1
                 (29, 24, 961)     18.083          0               0               1          1
                 (24, 28, 961)     12.958          0               0               1          1
                 (24, 28, 961)       14.0          0               0               1          1
                 (24, 28, 961)      14.25          0               0               1          1
                 (24, 28, 961)     19.542          0               0               1          1
                 (26, 25, 961)     12.958          0               0               1          1
                 (28, 17, 961)     13.042          0               0               1          1
                 (20, 29, 961)     13.042          0               0               1          1
                 (20, 29, 961)     14.083          0               0               1          1
                 (30, 25, 961)     13.042          0               0               1          1
                 (30, 25, 961)     15.125          0               0               1          1
                 (30, 31, 961)     13.042          0               0               1          1
                 (30, 31, 961)     14.083          0               0               1          1
                 (19, 22, 961)     13.125          0               0               1          1
                 (19, 22, 961)     14.875          0               0               1          1
                 (19, 22, 961)      18.25          0               0               0          1
                 (19, 22, 961)     19.458          0               0               1          1
                 (27, 14, 961)     13.125          0               0               1          1
                 (23, 17, 961)     13.208          0               0               1          1
                 (23, 17, 961)       14.0          0               0               1          1
                  (27, 4, 961)     13.292          0               0               1          1
                  (27, 4, 961)       16.0          0               0               1          1
                 (28, 19, 961)     13.292          0               0               1          1
                 (28, 19, 961)     13.375          0               0               1          1
                 (28, 19, 961)     19.042          0               0               1          1
                  (30, 4, 961)     13.292          0               0               1          1
                  (28, 8, 961)     13.292          0               0               1          1
                  (23, 8, 961)     13.375          0               0               1          1
                 (25, 17, 961)     13.375          0               0               1          1
                 (25, 17, 961)       16.0          0               0               1          1
                 (25, 17, 961)       20.0          0               0               1          1
                 (25, 17, 961)     20.083          0               0               1          1
                 (27, 20, 961)     13.375          0               0               1          1
                 (27, 20, 961)       14.0          0               0               0          1
                 (27, 20, 961)     16.083          0               0               1          2
                 (27, 20, 961)       16.5          0               0               1          1
                 (27, 20, 961)     17.042          0               0               1          1
                 (27, 20, 961)     18.083          0               0               1          1
                 (27, 20, 961)     22.167          0               0               1          1
                 (22, 18, 961)     13.458          0               0               1          1
                 (22, 18, 961)     15.458          0               0               0          1
                 (22, 18, 961)     19.292          0               0               1          1
                 (28, 29, 961)     13.917          0               0               1          1
                 (28, 29, 961)     14.083          0               0               1          1
                 (28, 29, 961)     19.125          0               0               1          1
                 (28, 29, 961)     19.292          0               0               1          1
                 (30, 28, 961)     13.917          0               0               1          1
                 (30, 28, 961)     15.125          0               0               1          1
                 (30, 28, 961)     17.375          0               0               1          1
                 (30, 28, 961)     19.458          0               0               1          1
                 (30, 28, 961)      26.25          0               0               0          1
                 (26, 19, 961)       14.0          0               0               1          1
                 (20, 15, 961)       14.0          0               0               1          1
                 (28, 27, 961)       14.0          0               0               1          1
                 (28, 27, 961)       18.0          0               0               1          1
                 (21, 27, 961)       14.0          0               0               1          1
                 (21, 27, 961)     15.125          0               0               1          1
                 (21, 27, 961)     16.167          0               0               1          1
                 (21, 27, 961)     20.167          0               0               1          1
                 (21, 27, 961)     21.375          0               0               1          1
                  (30, 1, 961)       14.0          0               0               1          1
                  (15, 8, 961)       14.0          0               0               1          1
                 (18, 23, 961)       14.0          0               0               1          1
                 (23, 18, 961)       14.0          0               0               1          1
                 (23, 18, 961)     17.292          0               0               1          1
                 (20, 26, 961)       14.0          0               0               1          1
                 (20, 26, 961)     15.458          0               0               1          1
                 (20, 26, 961)       16.0          0               0               1          1
                 (19, 12, 961)       14.0          0               0               1          1
                 (21, 19, 961)     14.083          0               0               1          1
                 (21, 19, 961)     14.958          0               0               1          1
                  (26, 5, 961)     14.083          0               0               1          1
                 (21, 20, 961)     14.083          0               0               1          1
                 (21, 20, 961)     16.083          0               0               1          1
                 (21, 20, 961)     17.042          0               0               1          1
                 (21, 20, 961)     19.458          0               0               1          1
                  (17, 1, 961)     14.083          0               0               1          1
                 (23, 16, 961)     14.083          0               0               0          1
                 (23, 16, 961)      18.25          0               0               1          1
                 (12, 29, 961)     14.083          0               0               1          1
                 (29, 19, 961)     14.083          0               0               1          1
                 (29, 19, 961)     19.125          0               0               1          1
                 (26, 28, 961)     14.083          0               0               1          1
                 (26, 28, 961)      18.25          0               0               1          1
                 (26, 28, 961)     18.333          0               0               1          1
                  (4, 31, 961)     14.083          0               0               1          1
                 (15, 29, 961)     14.083          0               0               1          1
                 (17, 29, 961)     14.083          0               0               1          1
                 (17, 29, 961)      16.25          0               0               1          1
                 (17, 29, 961)     19.125          0               0               0          1
                 (22, 23, 961)     14.083          0               0               0          1
                 (22, 23, 961)     19.125          0               0               0          1
                 (15, 28, 961)     14.083          0               0               1          1
                 (15, 25, 961)     14.083          0               0               1          1
                 (16, 31, 961)     14.083          0               0               1          1
                 (16, 31, 961)     15.125          0               0               1          1
                 (17, 19, 961)     14.167          0               0               1          1
                 (26, 18, 961)     14.167          0               0               1          1
                 (26, 18, 961)     17.125          0               0               1          1
                 (26, 18, 961)     17.542          0               0               1          1
                 (26, 18, 961)     19.125          0               0               1          1
                 (17, 15, 961)     14.167          0               0               1          1
                 (17, 15, 961)     16.083          0               0               1          1
                 (17, 15, 961)     17.208          0               0               1          1
                  (23, 3, 961)     14.167          0               0               1          1
                  (29, 3, 961)     14.167          0               0               1          1
                 (28, 14, 961)     14.167          0               0               1          1
                 (23, 24, 961)      14.25          0               0               1          1
                  (27, 1, 961)      14.25          0               0               1          1
                  (28, 4, 961)      14.25          0               0               1          1
                 (17, 27, 961)      14.25          0               0               1          1
                  (23, 6, 961)      14.25          0               0               1          1
                  (23, 6, 961)       16.0          0               0               1          1
                  (23, 4, 961)      14.25          0               0               1          1
                  (28, 9, 961)     14.333          0               0               1          1
                 (25, 28, 961)     14.333          0               0               1          1
                 (25, 28, 961)     20.167          0               0               1          1
                 (25, 12, 961)     14.333          0               0               1          1
                 (25, 12, 961)     17.125          0               0               1          1
                 (18, 10, 961)       14.5          0               0               1          1
                 (25, 22, 961)       14.5          0               0               1          1
                 (25, 22, 961)     15.208          0               0               1          1
                 (31, 16, 961)       14.5          0               0               1          1
                 (15, 16, 961)       14.5          0               0               1          1
                 (15, 16, 961)     16.083          0               0               0          1
                 (15, 16, 961)     23.125          0               0               1          1
                 (23, 20, 961)     14.667          0               0               1          1
                 (23, 20, 961)       16.5          0               0               1          1
                 (23, 20, 961)     22.583          0               0               1          1
                 (29, 15, 961)     14.875          0               0               1          1
                 (21, 16, 961)     14.958          0               0               1          1
                 (25, 16, 961)     14.958          0               0               1          1
                 (25, 16, 961)     22.167          0               0               1          1
                 (30, 24, 961)     14.958          0               0               1          1
                 (30, 24, 961)     17.125          0               0               1          1
                 (30, 24, 961)     19.375          0               0               1          1
                 (27, 18, 961)     14.958          0               0               1          1
                 (27, 18, 961)     16.083          0               0               1          1
                 (30, 29, 961)     14.958          0               0               1          1
                 (30, 29, 961)     16.333          0               0               1          1
                 (12, 23, 961)     15.042          0               0               1          1
                 (20, 22, 961)     15.042          0               0               1          1
                 (20, 22, 961)     15.917          0               0               1          1
                  (23, 5, 961)     15.042          0               0               1          1
                  (23, 5, 961)     23.708          0               0               1          1
                 (31, 26, 961)     15.042          0               0               1          1
                 (27, 17, 961)     15.125          0               0               1          1
                 (27, 17, 961)       18.0          0               0               0          1
                  (29, 1, 961)     15.125          0               0               1          1
                 (24, 25, 961)     15.125          0               0               1          1
                 (25, 27, 961)     15.208          0               0               1          1
                 (25, 27, 961)     18.417          0               0               1          1
                 (26, 20, 961)     15.208          0               0               1          1
                 (26, 20, 961)     16.167          0               0               1          1
                 (26, 20, 961)     17.208          0               0               0          1
                  (8, 28, 961)     15.208          0               0               1          1
                 (16, 30, 961)     15.292          0               0               1          1
                 (26, 12, 961)     15.375          0               0               1          1
                 (26, 12, 961)     17.125          0               0               1          1
                 (17, 28, 961)     15.375          0               0               1          1
                 (24, 20, 961)     15.458          0               0               1          1
                 (21, 22, 961)     15.458          0               0               1          1
                 (21, 22, 961)     17.125          0               0               1          1
                 (21, 22, 961)     21.125          0               0               1          1
                  (31, 7, 961)     15.458          0               0               1          1
                  (31, 7, 961)     19.042          0               0               1          1
                  (31, 7, 961)     19.375          0               0               1          1
                  (23, 0, 961)     15.708          0               0               1          1
                  (31, 9, 961)      15.75          0               0               1          1
                  (24, 7, 961)     15.833          0               0               1          1
                 (22, 27, 961)     15.917          0               0               1          1
                 (22, 27, 961)     24.083          0               0               1          1
                 (30, 12, 961)       16.0          0               0               1          1
                 (15, 26, 961)       16.0          0               0               1          1
                 (12, 30, 961)       16.0          0               0               1          1
                 (14, 17, 961)       16.0          0               0               1          1
                 (31, 18, 961)       16.0          0               0               1          1
                 (31, 18, 961)     16.167          0               0               1          1
                 (31, 18, 961)     21.375          0               0               1          1
                 (30, 23, 961)       16.0          0               0               1          1
                 (30, 23, 961)     17.292          0               0               1          1
                 (23, 12, 961)       16.0          0               0               0          1
                 (23, 12, 961)     20.958          0               0               1          1
                  (5, 31, 961)       16.0          0               0               0          1
                 (21, 25, 961)     16.083          0               0               1          1
                 (21, 25, 961)     16.333          0               0               1          1
                 (21, 25, 961)     16.875          0               0               1          1
                 (21, 25, 961)     18.333          0               0               1          1
                  (8, 23, 961)     16.083          0               0               1          1
                 (21, 30, 961)     16.083          0               0               1          1
                 (21, 30, 961)     19.458          0               0               1          1
                 (21, 30, 961)     20.167          0               0               1          1
                 (25, 20, 961)     16.083          0               0               1          1
                 (17, 30, 961)     16.083          0               0               1          1
                 (17, 30, 961)     17.125          0               0               1          1
                 (17, 30, 961)     21.208          0               0               1          1
                 (19, 16, 961)     16.167          0               0               1          1
                  (31, 6, 961)     16.167          0               0               1          1
                  (31, 6, 961)     17.917          0               0               1          1
                 (20, 23, 961)     16.167          0               0               1          1
                 (20, 23, 961)     18.083          0               0               1          1
                  (7, 26, 961)     16.167          0               0               1          1
                 (24, 11, 961)     16.167          0               0               1          1
                 (25, 19, 961)     16.167          0               0               1          1
                 (25, 19, 961)     20.667          0               0               1          1
                 (27, 25, 961)     16.167          0               0               1          1
                 (27, 25, 961)     22.417          0               0               1          1
                 (22, 31, 961)      16.25          0               0               1          1
                 (22, 22, 961)      16.25          0               0               1          1
                 (22, 22, 961)     17.125          0               0               1          1
                 (22, 22, 961)       20.0          0               0               1          1
                 (22, 22, 961)     28.083          0               0               1          1
                  (16, 7, 961)     16.333          0               0               1          1
                 (27, 16, 961)     16.333          0               0               1          1
                 (27, 16, 961)     18.333          0               0               1          1
                 (27, 16, 961)     21.208          0               0               1          1
                  (18, 0, 961)       16.5          0               0               1          1
                  (31, 8, 961)     16.583          0               0               1          1
                 (19, 18, 961)     16.583          0               0               1          1
                 (27, 22, 961)     16.875          0               0               1          1
                 (27, 22, 961)       18.0          0               0               1          1
                 (27, 22, 961)     18.333          0               0               1          1
                 (27, 22, 961)     18.417          0               0               1          1
                 (27, 22, 961)     20.083          0               0               1          1
                 (27, 22, 961)     25.208          0               0               1          1
                 (15, 20, 961)     16.875          0               0               1          1
                 (15, 20, 961)       20.0          0               0               1          1
                 (22, 12, 961)     16.958          0               0               1          1
                 (22, 12, 961)     17.292          0               0               1          1
                  (17, 7, 961)     16.958          0               0               1          1
                 (18, 31, 961)     16.958          0               0               0          1
                 (18, 31, 961)     19.208          0               0               1          1
                 (16, 11, 961)     17.042          0               0               0          1
                 (27, 24, 961)     17.042          0               0               1          1
                 (27, 24, 961)     17.292          0               0               1          1
                 (21, 18, 961)     17.125          0               0               1          1
                 (21, 18, 961)       20.5          0               0               1          1
                  (31, 3, 961)     17.125          0               0               1          1
                  (31, 3, 961)     20.417          0               0               1          1
                  (31, 3, 961)     22.333          0               0               1          1
                 (18, 28, 961)     17.292          0               0               1          1
                 (30, 16, 961)     17.375          0               0               1          1
                 (29, 16, 961)     17.375          0               0               1          1
                 (29, 16, 961)     18.167          0               0               1          1
                 (29, 16, 961)      18.25          0               0               1          1
                 (29, 16, 961)     19.208          0               0               1          1
                 (30, 13, 961)     17.375          0               0               1          1
                 (25, 30, 961)     17.375          0               0               1          1
                 (25, 30, 961)     18.083          0               0               1          1
                  (21, 8, 961)     17.833          0               0               1          1
                 (23, 11, 961)     17.917          0               0               1          1
                 (11, 11, 961)       18.0          0               0               0          1
                 (26, 27, 961)       18.0          0               0               1          1
                 (13, 23, 961)     18.083          0               0               1          1
                 (22, 29, 961)     18.083          0               0               1          1
                 (10, 23, 961)     18.083          0               0               1          1
                 (18, 21, 961)     18.167          0               0               1          1
                 (22, 20, 961)      18.25          0               0               0          1
                 (22, 20, 961)       22.5          0               0               1          1
                 (31, 24, 961)     18.333          0               0               1          1
                 (21, 24, 961)     18.833          0               0               1          1
                 (22, 14, 961)     19.042          0               0               1          1
                  (29, 4, 961)     19.125          0               0               1          1
                  (29, 4, 961)     20.167          0               0               1          1
                  (18, 6, 961)     19.125          0               0               1          1
                 (25, 18, 961)     19.125          0               0               0          1
                 (20, 18, 961)     19.125          0               0               1          1
                 (20, 18, 961)     23.208          0               0               1          1
                 (23, 14, 961)     19.125          0               0               1          1
                 (23, 14, 961)     19.375          0               0               1          1
                 (10, 30, 961)     19.125          0               0               1          1
                  (29, 7, 961)     19.125          0               0               1          1
                 (25, 11, 961)     19.292          0               0               0          1
                 (25, 11, 961)     20.333          0               0               1          1
                 (19, 14, 961)     19.292          0               0               1          1
                  (28, 6, 961)     19.292          0               0               1          1
                  (28, 6, 961)     21.625          0               0               1          1
                 (21, 11, 961)     19.292          0               0               1          1
                  (23, 9, 961)     19.375          0               0               1          1
                  (23, 9, 961)      21.75          0               0               1          1
                 (29, 18, 961)     19.458          0               0               1          1
                 (29, 14, 961)     19.542          0               0               1          1
                  (29, 2, 961)     19.833          0               0               1          1
                 (20, 30, 961)     19.917          0               0               1          1
                 (16, 27, 961)     20.083          0               0               1          1
                  (21, 1, 961)     20.333          0               0               0          1
                  (21, 4, 961)     20.417          0               0               0          1
                 (18, 13, 961)     21.042          0               0               1          1
                 (18, 13, 961)     22.167          0               0               0          1
                 (20, 28, 961)     21.042          0               0               1          1
                 (27, 10, 961)     21.125          0               0               1          1
                 (22, 15, 961)     21.125          0               0               1          1
                  (15, 7, 961)     21.125          0               0               1          1
                 (19, 28, 961)     21.125          0               0               1          1
                  (22, 0, 961)     21.208          0               0               1          1
                 (12, 27, 961)     21.208          0               0               1          1
                 (12, 27, 961)     22.167          0               0               0          1
                  (9, 31, 961)     21.208          0               0               1          1
                 (20, 25, 961)     21.375          0               0               0          1
                  (21, 3, 961)     21.833          0               0               1          1
                  (31, 0, 961)     22.083          0               0               1          1
                  (31, 0, 961)       23.0          0               0               1          1
                 (10, 29, 961)     22.167          0               0               1          1
                 (29, 11, 961)      22.25          0               0               1          1
                 (23, 26, 961)     22.583          0               0               1          1
                 (16, 21, 961)     23.042          0               0               0          1
                 (26, 14, 961)     23.917          0               0               1          1
                  (28, 0, 961)     25.458          0               0               0          1
                  (27, 6, 961)     29.292          0               0               0          1
                  (29, 6, 961)     30.083          0               0               1          1
-:     0     1     2     3     4
0:   483   236   228   210   197
1:   207   207   190   177   202
2:   234   182   161   169   203
3:   234   196   184   236   348
4:   226   169   217   357   646
