inputs: [1027343]/1000 samples
product                 energy   A*B=out      cfhs    chains  num 
(3243, 241, 1027343)        8.0          0     0     1     1
(3243, 241, 1027343)      8.167          0     0     1     1
(3243, 241, 1027343)       12.0          0     0     1     1
(3243, 241, 1027343)     14.167          0     0     1     1
(3243, 241, 1027343)      26.25          0     0     1     1
(2743, 249, 1027343)       10.0          0     0     1     1
(2743, 249, 1027343)     10.083          0     0     1     1
(2743, 249, 1027343)     12.167          0     0     1     1
(2743, 249, 1027343)     20.083          0     0     1     1
(3687, 241, 1027343)       10.0          0     0     1     2
(3687, 241, 1027343)       14.0          0     0     1     1
(3687, 241, 1027343)     14.083          0     0     1     2
(3687, 241, 1027343)      14.25          0     0     1     1
(3687, 241, 1027343)     16.167          0     0     1     1
(4069, 243, 1027343)     10.083          0     0     1     1
(3755, 253, 1027343)     10.083          0     0     1     1
(3755, 253, 1027343)     14.083          0     0     1     1
(3755, 253, 1027343)     16.167          0     0     1     1
(3755, 253, 1027343)     20.333          0     0     1     1
(3721, 241, 1027343)     10.083          0     0     1     2
(3721, 241, 1027343)     14.167          0     0     1     2
(3721, 241, 1027343)      18.25          0     0     1     1
(2727, 233, 1027343)     10.083          0     0     1     2
(2727, 233, 1027343)     14.083          0     0     0     1
(3703, 241, 1027343)     10.083          0     0     1     1
(3781, 247, 1027343)     10.167          0     0     1     1
(3781, 247, 1027343)     16.167          0     0     1     1
(3253, 249, 1027343)     10.167          0     0     1     1
(3253, 249, 1027343)       12.0          0     0     1     1
(3253, 249, 1027343)     12.083          0     0     1     3
(3253, 249, 1027343)     12.167          0     0     1     1
(3253, 249, 1027343)      12.25          0     0     1     2
(3253, 249, 1027343)       14.0          0     0     1     1
(3253, 249, 1027343)     14.083          0     0     1     2
(3253, 249, 1027343)     14.167          0     0     1     3
(3253, 249, 1027343)      14.25          0     0     1     4
(3253, 249, 1027343)       16.0          0     0     1     3
(3253, 249, 1027343)     16.083          0     0     1     3
(3253, 249, 1027343)     16.167          0     0     1     1
(3253, 249, 1027343)      16.25          0     0     1     2
(3253, 249, 1027343)     16.333          0     0     1     2
(3253, 249, 1027343)     18.083          0     0     1     1
(3253, 249, 1027343)      18.25          0     0     1     2
(3253, 249, 1027343)       20.0          0     0     1     1
(3253, 249, 1027343)     20.167          0     0     1     1
(3253, 249, 1027343)       20.5          0     0     1     1
(3253, 249, 1027343)     22.167          0     0     1     1
(3221, 249, 1027343)     10.167          0     0     1     1
(3221, 249, 1027343)      10.25          0     0     1     1
(3221, 249, 1027343)     12.083          0     0     1     1
(3221, 249, 1027343)     16.083          0     0     1     1
(3221, 249, 1027343)     16.167          0     0     1     1
(3221, 249, 1027343)     20.167          0     0     1     1
(3221, 249, 1027343)      22.25          0     0     1     1
(3157, 241, 1027343)     10.167          0     0     1     1
(3157, 241, 1027343)     14.167          0     0     1     1
(3157, 241, 1027343)     16.167          0     0     1     1
(3157, 241, 1027343)     18.417          0     0     1     2
(3157, 241, 1027343)      20.25          0     0     1     1
(3157, 241, 1027343)     24.583          0     0     1     1
(2789, 251, 1027343)     10.167          0     0     1     1
(2789, 251, 1027343)     14.167          0     0     1     1
(2789, 251, 1027343)     16.167          0     0     1     1
(3685, 243, 1027343)     10.167          0     0     1     1
(3721, 243, 1027343)     10.167          0     0     1     1
(3721, 243, 1027343)     12.083          0     0     1     1
(3721, 243, 1027343)       14.0          0     0     1     1
(3721, 243, 1027343)     14.167          0     0     1     1
(3721, 243, 1027343)      14.25          0     0     1     1
(3285, 249, 1027343)     10.167          0     0     1     1
(3303, 225, 1027343)     10.167          0     0     1     1
(3765, 249, 1027343)      10.25          0     0     1     1
(3765, 249, 1027343)     12.167          0     0     1     1
(3765, 249, 1027343)     24.417          0     0     1     1
(3795, 245, 1027343)      10.25          0     0     1     1
(3795, 245, 1027343)      16.25          0     0     1     2
(3795, 245, 1027343)     22.333          0     0     1     1
(3303, 233, 1027343)      10.25          0     0     1     1
(3235, 253, 1027343)       12.0          0     0     1     1
(3243, 253, 1027343)       12.0          0     0     1     1
(3243, 253, 1027343)      16.25          0     0     1     1
(3685, 241, 1027343)       12.0          0     0     1     1
(3685, 241, 1027343)     12.083          0     0     1     1
(3685, 241, 1027343)     14.083          0     0     1     1
(3685, 241, 1027343)       16.0          0     0     1     3
(3685, 241, 1027343)     16.083          0     0     1     2
(3685, 241, 1027343)       18.0          0     0     1     1
(3685, 241, 1027343)     20.083          0     0     1     3
(3685, 241, 1027343)     20.167          0     0     1     1
(3685, 241, 1027343)       22.0          0     0     1     1
(3717, 243, 1027343)       12.0          0     0     1     1
(3717, 243, 1027343)     12.083          0     0     1     1
(3717, 243, 1027343)     16.083          0     0     1     1
(3717, 243, 1027343)     16.167          0     0     1     1
(3717, 243, 1027343)     18.167          0     0     1     1
(3285, 233, 1027343)       12.0          0     0     1     1
(2791, 245, 1027343)       12.0          0     0     1     1
(3781, 243, 1027343)     12.083          0     0     1     1
(3781, 243, 1027343)     16.167          0     0     1     1
(3781, 243, 1027343)     16.417          0     0     1     1
(3781, 243, 1027343)     18.417          0     0     1     1
(3173, 241, 1027343)     12.083          0     0     1     2
(3173, 241, 1027343)     16.083          0     0     1     3
(3173, 241, 1027343)     16.167          0     0     1     1
(3173, 241, 1027343)      16.25          0     0     1     2
(3173, 241, 1027343)     18.083          0     0     1     1
(3173, 241, 1027343)     18.167          0     0     1     2
(3173, 241, 1027343)     20.083          0     0     1     1
(3173, 241, 1027343)     20.167          0     0     1     1
(3173, 241, 1027343)     22.167          0     0     1     1
(3173, 241, 1027343)      22.25          0     0     1     1
(3173, 241, 1027343)     22.417          0     0     1     1
(3173, 241, 1027343)     24.083          0     0     1     1
(3173, 241, 1027343)     24.167          0     0     1     1
(3173, 241, 1027343)     26.083          0     0     1     1
(2249, 243, 1027343)     12.083          0     0     1     1
(2249, 243, 1027343)     16.083          0     0     1     1
(3749, 227, 1027343)     12.083          0     0     1     1
(3749, 227, 1027343)     14.167          0     0     1     1
(3749, 227, 1027343)     18.417          0     0     1     2
(3723, 241, 1027343)     12.083          0     0     1     1
(3723, 241, 1027343)     16.083          0     0     1     1
(2731, 253, 1027343)     12.167          0     0     1     1
(2731, 253, 1027343)     16.167          0     0     1     1
(2731, 253, 1027343)     20.083          0     0     1     1
(3813, 249, 1027343)     12.167          0     0     1     2
(3813, 249, 1027343)     16.083          0     0     1     1
(3245, 241, 1027343)     12.167          0     0     1     1
(3245, 241, 1027343)     14.167          0     0     1     1
(3245, 241, 1027343)      16.25          0     0     1     1
(3245, 241, 1027343)      18.25          0     0     1     1
(3245, 241, 1027343)      20.25          0     0     1     1
(3245, 241, 1027343)     22.167          0     0     1     2
(3245, 241, 1027343)      24.25          0     0     1     1
(3245, 241, 1027343)       24.5          0     0     1     1
(3239, 233, 1027343)     12.167          0     0     1     1
(2213, 227, 1027343)     12.167          0     0     0     1
(2213, 227, 1027343)     16.083          0     0     0     1
(2213, 227, 1027343)       18.0          0     0     0     1
(3749, 179, 1027343)     12.167          0     0     1     2
(3749, 179, 1027343)      14.25          0     0     1     1
(2773, 243, 1027343)      12.25          0     0     1     1
(2213, 163, 1027343)      12.25          0     0     0     1
(3721, 179, 1027343)      12.25          0     0     1     1
(3175, 113, 1027343)      12.25          0     0     1     1
(3175, 113, 1027343)     16.167          0     0     1     1
(3175, 113, 1027343)     18.167          0     0     1     2
(3175, 113, 1027343)     20.333          0     0     1     1
(3747, 99, 1027343)       12.25          0     0     1     1
(2725, 249, 1027343)     12.333          0     0     1     1
(2725, 249, 1027343)     18.083          0     0     1     1
(2725, 249, 1027343)     20.083          0     0     1     1
(2725, 249, 1027343)     20.167          0     0     1     1
(2725, 249, 1027343)     24.083          0     0     1     1
(2725, 249, 1027343)     24.333          0     0     1     1
(3763, 245, 1027343)     12.417          0     0     1     1
(3763, 245, 1027343)     14.083          0     0     1     1
(3719, 241, 1027343)       14.0          0     0     1     1
(3719, 241, 1027343)     16.083          0     0     1     1
(3719, 241, 1027343)     20.167          0     0     1     1
(3719, 241, 1027343)     22.167          0     0     1     1
(3719, 241, 1027343)     24.167          0     0     1     1
(3237, 225, 1027343)       14.0          0     0     1     1
(3237, 225, 1027343)     14.083          0     0     1     1
(3237, 225, 1027343)     18.167          0     0     1     1
(3237, 225, 1027343)     20.167          0     0     1     1
(3237, 225, 1027343)     22.167          0     0     1     1
(3237, 225, 1027343)     24.083          0     0     1     1
(3237, 225, 1027343)      24.25          0     0     1     1
(3239, 225, 1027343)       14.0          0     0     1     1
(3239, 225, 1027343)     16.167          0     0     1     2
(3239, 225, 1027343)      16.25          0     0     1     1
(3239, 225, 1027343)     18.083          0     0     1     1
(3749, 253, 1027343)     14.083          0     0     1     1
(3749, 253, 1027343)     14.167          0     0     1     1
(3749, 253, 1027343)     20.333          0     0     1     1
(3207, 249, 1027343)     14.083          0     0     1     1
(3207, 249, 1027343)      24.25          0     0     1     1
(3235, 249, 1027343)     14.083          0     0     1     1
(3235, 249, 1027343)      18.25          0     0     1     1
(3239, 217, 1027343)     14.083          0     0     1     1
(2727, 225, 1027343)     14.083          0     0     1     2
(2727, 225, 1027343)       22.0          0     0     1     1
(2727, 225, 1027343)      24.25          0     0     0     1
(3141, 243, 1027343)     14.167          0     0     1     1
(3767, 249, 1027343)     14.167          0     0     1     1
(3757, 241, 1027343)     14.167          0     0     1     2
(3757, 241, 1027343)      16.25          0     0     1     1
(3757, 241, 1027343)     20.167          0     0     1     1
(3757, 241, 1027343)     24.417          0     0     1     1
(2741, 249, 1027343)     14.167          0     0     1     1
(2741, 249, 1027343)     16.083          0     0     1     1
(2741, 249, 1027343)      16.25          0     0     1     2
(2741, 249, 1027343)     16.333          0     0     1     1
(2741, 249, 1027343)     20.167          0     0     1     1
(2725, 225, 1027343)     14.167          0     0     1     1
(2725, 225, 1027343)     20.167          0     0     1     1
(3751, 217, 1027343)     14.167          0     0     1     1
(2215, 225, 1027343)     14.167          0     0     0     1
(2215, 225, 1027343)     22.167          0     0     0     1
(3247, 225, 1027343)     14.167          0     0     1     1
(3731, 179, 1027343)     14.167          0     0     1     1
(3299, 225, 1027343)     14.167          0     0     1     1
(3299, 225, 1027343)     16.083          0     0     1     1
(3299, 225, 1027343)     18.333          0     0     1     1
(3253, 225, 1027343)     14.167          0     0     1     1
(2341, 99, 1027343)      14.167          0     0     0     1
(3037, 241, 1027343)      14.25          0     0     1     1
(3765, 241, 1027343)      14.25          0     0     1     1
(3765, 241, 1027343)     14.333          0     0     1     1
(3765, 241, 1027343)     18.167          0     0     1     1
(3765, 241, 1027343)      18.25          0     0     1     2
(3765, 241, 1027343)     18.333          0     0     1     1
(3765, 241, 1027343)     18.417          0     0     1     1
(2791, 253, 1027343)      14.25          0     0     1     1
(3627, 253, 1027343)      14.25          0     0     1     1
(3797, 243, 1027343)      14.25          0     0     0     1
(3811, 245, 1027343)      14.25          0     0     1     1
(3811, 245, 1027343)     14.333          0     0     1     1
(3241, 241, 1027343)      14.25          0     0     1     1
(3241, 241, 1027343)     16.083          0     0     1     1
(3269, 113, 1027343)      14.25          0     0     1     1
(3269, 113, 1027343)     18.083          0     0     1     1
(3269, 113, 1027343)     20.167          0     0     1     1
(3269, 113, 1027343)      20.25          0     0     1     2
(3269, 113, 1027343)     22.167          0     0     1     1
(3749, 245, 1027343)     14.333          0     0     1     1
(2773, 241, 1027343)     14.333          0     0     1     1
(2773, 241, 1027343)     16.167          0     0     1     1
(2773, 241, 1027343)     18.167          0     0     1     1
(2773, 241, 1027343)     20.333          0     0     1     2
(2773, 241, 1027343)      22.25          0     0     1     1
(2773, 241, 1027343)     22.333          0     0     1     1
(2773, 241, 1027343)     24.333          0     0     1     1
(3125, 121, 1027343)     14.333          0     0     1     1
(3125, 121, 1027343)      22.25          0     0     1     1
(3285, 241, 1027343)     14.333          0     0     1     1
(3285, 241, 1027343)     20.167          0     0     1     1
(3285, 241, 1027343)      20.25          0     0     1     1
(2721, 233, 1027343)       16.0          0     0     1     1
(3621, 249, 1027343)     16.083          0     0     1     1
(2229, 249, 1027343)     16.083          0     0     1     1
(2229, 249, 1027343)     18.083          0     0     1     1
(2229, 249, 1027343)      30.25          0     0     0     1
(3245, 249, 1027343)     16.083          0     0     1     1
(3245, 249, 1027343)     18.167          0     0     1     1
(3245, 249, 1027343)     20.167          0     0     1     1
(3245, 249, 1027343)      20.25          0     0     1     1
(3245, 249, 1027343)     26.167          0     0     1     1
(3205, 243, 1027343)     16.083          0     0     1     1
(3205, 243, 1027343)     16.167          0     0     1     1
(3209, 241, 1027343)     16.083          0     0     1     1
(3235, 225, 1027343)     16.083          0     0     1     1
(3235, 225, 1027343)     18.167          0     0     1     1
(3235, 225, 1027343)     20.083          0     0     1     1
(2597, 235, 1027343)     16.083          0     0     1     1
(3237, 227, 1027343)     16.083          0     0     1     1
(3237, 227, 1027343)     16.167          0     0     1     1
(3237, 227, 1027343)      24.25          0     0     1     1
(3749, 209, 1027343)     16.083          0     0     1     1
(3687, 113, 1027343)     16.083          0     0     1     1
(3253, 233, 1027343)     16.167          0     0     1     1
(3253, 233, 1027343)     20.167          0     0     1     1
(3301, 249, 1027343)     16.167          0     0     1     1
(3301, 249, 1027343)       22.5          0     0     1     1
(3237, 241, 1027343)     16.167          0     0     1     1
(3237, 241, 1027343)     18.333          0     0     1     1
(3237, 241, 1027343)     20.083          0     0     1     1
(3237, 241, 1027343)     20.167          0     0     1     1
(3237, 241, 1027343)      20.25          0     0     1     2
(3237, 241, 1027343)     22.333          0     0     1     1
(3237, 241, 1027343)     24.083          0     0     1     2
(3237, 241, 1027343)     24.167          0     0     1     1
(3237, 241, 1027343)      24.25          0     0     1     2
(3237, 241, 1027343)     24.333          0     0     1     2
(3237, 241, 1027343)       24.5          0     0     1     1
(3237, 241, 1027343)      26.25          0     0     1     1
(3237, 241, 1027343)     28.333          0     0     1     1
(2741, 241, 1027343)     16.167          0     0     1     1
(2741, 241, 1027343)      18.25          0     0     1     1
(2741, 241, 1027343)      18.25          0     0     0     1
(2741, 241, 1027343)      20.25          0     0     1     1
(2741, 241, 1027343)     22.167          0     0     1     1
(2741, 241, 1027343)      22.25          0     0     1     1
(2741, 241, 1027343)     24.333          0     0     1     1
(3233, 243, 1027343)     16.167          0     0     1     1
(3233, 243, 1027343)     18.083          0     0     1     1
(2773, 249, 1027343)     16.167          0     0     1     1
(2773, 249, 1027343)     22.167          0     0     1     1
(3829, 241, 1027343)     16.167          0     0     1     1
(3073, 121, 1027343)     16.167          0     0     1     1
(3287, 241, 1027343)     16.167          0     0     1     1
(3981, 241, 1027343)     16.167          0     0     1     1
(3981, 241, 1027343)      18.25          0     0     1     1
(3981, 241, 1027343)      20.25          0     0     1     1
(2743, 241, 1027343)     16.167          0     0     1     1
(3621, 121, 1027343)     16.167          0     0     1     1
(3719, 245, 1027343)     16.167          0     0     1     1
(3125, 185, 1027343)     16.167          0     0     1     1
(2771, 243, 1027343)     16.167          0     0     1     1
(3109, 225, 1027343)     16.167          0     0     1     1
(3109, 225, 1027343)     26.083          0     0     0     1
(3749, 99, 1027343)      16.167          0     0     1     1
(2213, 225, 1027343)     16.167          0     0     0     1
(3141, 113, 1027343)     16.167          0     0     1     2
(3141, 113, 1027343)     18.083          0     0     1     1
(3141, 113, 1027343)     20.167          0     0     1     1
(3141, 113, 1027343)      20.25          0     0     1     1
(3141, 113, 1027343)     24.083          0     0     1     1
(3141, 113, 1027343)     24.167          0     0     1     1
(3047, 245, 1027343)      16.25          0     0     1     1
(3047, 245, 1027343)     16.333          0     0     1     1
(2869, 249, 1027343)      16.25          0     0     1     1
(3717, 227, 1027343)      16.25          0     0     1     1
(3205, 209, 1027343)      16.25          0     0     1     1
(3205, 209, 1027343)      18.25          0     0     1     1
(3205, 209, 1027343)      20.25          0     0     1     1
(3205, 209, 1027343)     22.167          0     0     1     1
(3205, 209, 1027343)      24.25          0     0     1     1
(3221, 115, 1027343)      16.25          0     0     1     1
(3277, 121, 1027343)      16.25          0     0     1     1
(3277, 121, 1027343)     18.083          0     0     1     1
(3759, 185, 1027343)      16.25          0     0     1     1
(3759, 185, 1027343)     18.333          0     0     1     1
(3277, 113, 1027343)      16.25          0     0     1     1
(3749, 113, 1027343)      16.25          0     0     1     1
(3749, 113, 1027343)     18.333          0     0     1     1
(3749, 113, 1027343)     22.333          0     0     1     1
(3749, 211, 1027343)      16.25          0     0     1     1
(2997, 249, 1027343)     16.333          0     0     1     1
(2997, 241, 1027343)     16.333          0     0     1     1
(2997, 241, 1027343)      20.25          0     0     1     1
(2997, 241, 1027343)     22.583          0     0     1     1
(3253, 241, 1027343)     16.333          0     0     1     1
(3253, 241, 1027343)     18.333          0     0     1     1
(3253, 241, 1027343)     20.167          0     0     1     1
(3253, 241, 1027343)      20.25          0     0     1     1
(3253, 241, 1027343)     20.417          0     0     1     3
(3253, 241, 1027343)     22.083          0     0     1     1
(3253, 241, 1027343)     22.333          0     0     1     1
(3253, 241, 1027343)     26.333          0     0     1     2
(3765, 243, 1027343)     16.333          0     0     1     1
(3239, 241, 1027343)     16.333          0     0     1     1
(3239, 241, 1027343)     24.333          0     0     1     1
(3243, 179, 1027343)     16.333          0     0     0     1
(2791, 241, 1027343)     16.333          0     0     1     1
(2791, 241, 1027343)     18.083          0     0     1     1
(2791, 241, 1027343)     18.167          0     0     1     1
(2791, 241, 1027343)      22.25          0     0     1     1
(2791, 241, 1027343)     22.417          0     0     1     1
(2791, 241, 1027343)      26.25          0     0     1     1
(3183, 113, 1027343)     16.333          0     0     1     1
(3183, 113, 1027343)     18.167          0     0     1     1
(4085, 185, 1027343)     16.417          0     0     1     1
(3317, 243, 1027343)     16.417          0     0     1     1
(2973, 113, 1027343)     16.417          0     0     1     1
(3717, 241, 1027343)       18.0          0     0     1     2
(3717, 241, 1027343)     18.083          0     0     1     2
(3717, 241, 1027343)     18.167          0     0     1     1
(3717, 241, 1027343)      18.25          0     0     1     1
(3717, 241, 1027343)     20.083          0     0     1     3
(3717, 241, 1027343)     20.167          0     0     1     3
(3717, 241, 1027343)      20.25          0     0     1     2
(3717, 241, 1027343)      22.25          0     0     1     1
(3717, 241, 1027343)     24.167          0     0     1     1
(3717, 241, 1027343)     24.417          0     0     1     1
(3717, 241, 1027343)     30.417          0     0     1     1
(3621, 241, 1027343)       18.0          0     0     1     1
(3621, 241, 1027343)     24.083          0     0     1     1
(3621, 241, 1027343)     24.333          0     0     1     1
(3715, 241, 1027343)       18.0          0     0     1     2
(3715, 241, 1027343)     22.083          0     0     1     1
(3683, 241, 1027343)       18.0          0     0     1     1
(3205, 217, 1027343)       18.0          0     0     1     1
(3747, 243, 1027343)       18.0          0     0     1     1
(3461, 241, 1027343)     18.083          0     0     1     1
(3461, 241, 1027343)     22.333          0     0     1     1
(2613, 249, 1027343)     18.083          0     0     1     1
(2613, 249, 1027343)     18.167          0     0     1     1
(2613, 249, 1027343)     22.167          0     0     1     1
(3269, 241, 1027343)     18.083          0     0     1     2
(3269, 241, 1027343)     18.167          0     0     1     1
(3269, 241, 1027343)     20.083          0     0     1     1
(3269, 241, 1027343)      20.25          0     0     1     1
(3269, 241, 1027343)     24.083          0     0     0     1
(3269, 241, 1027343)     24.167          0     0     1     1
(3269, 241, 1027343)     24.417          0     0     1     1
(3237, 245, 1027343)     18.083          0     0     1     1
(3237, 245, 1027343)      24.25          0     0     1     1
(3205, 241, 1027343)     18.083          0     0     1     1
(3205, 241, 1027343)     18.167          0     0     1     2
(3205, 241, 1027343)      18.25          0     0     1     1
(3205, 241, 1027343)     20.083          0     0     1     1
(3205, 241, 1027343)     20.167          0     0     1     2
(3205, 241, 1027343)      20.25          0     0     1     1
(3205, 241, 1027343)     20.417          0     0     1     1
(3205, 241, 1027343)     22.167          0     0     1     2
(3205, 241, 1027343)      22.25          0     0     1     1
(3205, 241, 1027343)     22.333          0     0     1     1
(3205, 241, 1027343)      24.25          0     0     1     2
(3205, 241, 1027343)     24.333          0     0     1     1
(3205, 241, 1027343)      26.25          0     0     1     1
(3205, 241, 1027343)     28.583          0     0     1     1
(3257, 241, 1027343)     18.083          0     0     1     1
(3257, 241, 1027343)      24.25          0     0     1     1
(3725, 241, 1027343)     18.083          0     0     1     2
(3725, 241, 1027343)     18.167          0     0     1     1
(3725, 241, 1027343)      18.25          0     0     1     1
(3725, 241, 1027343)     22.417          0     0     1     1
(3623, 225, 1027343)     18.083          0     0     1     1
(3623, 225, 1027343)     18.167          0     0     1     1
(3973, 241, 1027343)     18.083          0     0     1     1
(3973, 241, 1027343)     18.167          0     0     1     1
(3973, 241, 1027343)      22.25          0     0     1     1
(3973, 241, 1027343)      24.25          0     0     0     1
(3233, 225, 1027343)     18.083          0     0     1     1
(3233, 225, 1027343)       20.0          0     0     1     1
(3233, 225, 1027343)     20.083          0     0     1     1
(3233, 225, 1027343)       22.0          0     0     1     1
(3233, 225, 1027343)      24.25          0     0     1     1
(3233, 225, 1027343)     30.333          0     0     0     1
(3719, 225, 1027343)     18.083          0     0     1     1
(3719, 225, 1027343)     20.167          0     0     1     1
(3719, 225, 1027343)       22.0          0     0     1     1
(3719, 225, 1027343)     24.333          0     0     1     1
(3719, 209, 1027343)     18.083          0     0     1     1
(3301, 225, 1027343)     18.167          0     0     1     1
(3301, 225, 1027343)      18.25          0     0     1     1
(2789, 249, 1027343)     18.167          0     0     1     1
(3727, 241, 1027343)     18.167          0     0     1     1
(3365, 249, 1027343)     18.167          0     0     1     1
(3125, 249, 1027343)     18.167          0     0     1     1
(3109, 209, 1027343)     18.167          0     0     1     1
(2733, 241, 1027343)     18.167          0     0     1     1
(2733, 241, 1027343)     18.417          0     0     1     1
(2733, 241, 1027343)     22.167          0     0     1     1
(3617, 225, 1027343)     18.167          0     0     1     1
(3235, 241, 1027343)     18.167          0     0     1     1
(3235, 241, 1027343)     20.167          0     0     1     1
(3235, 241, 1027343)     22.167          0     0     1     1
(3235, 241, 1027343)       28.0          0     0     1     1
(3271, 245, 1027343)     18.167          0     0     1     1
(2281, 243, 1027343)     18.167          0     0     1     1
(3717, 179, 1027343)     18.167          0     0     1     1
(3755, 189, 1027343)     18.167          0     0     1     1
(3619, 97, 1027343)      18.167          0     0     1     1
(3619, 97, 1027343)      20.167          0     0     1     3
(3619, 97, 1027343)       22.25          0     0     1     1
(3619, 97, 1027343)      24.417          0     0     1     1
(3749, 243, 1027343)     18.167          0     0     1     1
(3749, 243, 1027343)     20.083          0     0     1     1
(3749, 243, 1027343)     20.333          0     0     1     1
(3749, 243, 1027343)     22.333          0     0     1     1
(3223, 209, 1027343)     18.167          0     0     1     1
(2725, 121, 1027343)     18.167          0     0     1     1
(3237, 209, 1027343)     18.167          0     0     1     1
(3237, 209, 1027343)     20.083          0     0     1     1
(3237, 209, 1027343)     20.167          0     0     1     1
(3237, 209, 1027343)     20.333          0     0     1     1
(3237, 209, 1027343)     24.417          0     0     1     1
(3237, 209, 1027343)       26.5          0     0     1     1
(3781, 241, 1027343)     18.167          0     0     1     1
(3781, 241, 1027343)     20.167          0     0     1     1
(3781, 241, 1027343)      20.25          0     0     1     1
(3781, 241, 1027343)     22.417          0     0     1     1
(3221, 209, 1027343)     18.167          0     0     1     1
(3619, 105, 1027343)     18.167          0     0     1     1
(3749, 177, 1027343)     18.167          0     0     1     1
(3219, 113, 1027343)     18.167          0     0     1     1
(3303, 113, 1027343)     18.167          0     0     1     1
(3715, 99, 1027343)      18.167          0     0     1     1
(3715, 99, 1027343)       18.25          0     0     1     1
(3285, 251, 1027343)      18.25          0     0     1     1
(2757, 241, 1027343)      18.25          0     0     1     2
(2757, 241, 1027343)      20.25          0     0     1     1
(2757, 241, 1027343)     20.333          0     0     1     1
(2757, 241, 1027343)     20.333          0     0     0     1
(2757, 241, 1027343)     22.167          0     0     1     1
(2757, 241, 1027343)      22.25          0     0     1     2
(2613, 241, 1027343)      18.25          0     0     1     1
(2613, 241, 1027343)     22.333          0     0     1     1
(2533, 249, 1027343)      18.25          0     0     1     1
(3269, 245, 1027343)      18.25          0     0     1     1
(3269, 245, 1027343)     20.333          0     0     1     1
(2725, 253, 1027343)      18.25          0     0     1     1
(3509, 249, 1027343)      18.25          0     0     1     1
(2725, 245, 1027343)      18.25          0     0     1     1
(2725, 245, 1027343)     20.333          0     0     1     1
(3751, 241, 1027343)      18.25          0     0     1     1
(3751, 241, 1027343)     20.083          0     0     1     1
(3751, 241, 1027343)     20.167          0     0     1     1
(3751, 241, 1027343)     24.083          0     0     1     1
(3815, 241, 1027343)      18.25          0     0     0     1
(3815, 241, 1027343)      18.25          0     0     1     1
(3815, 241, 1027343)      20.25          0     0     1     1
(3141, 241, 1027343)      18.25          0     0     1     1
(3141, 241, 1027343)      20.25          0     0     1     1
(3141, 241, 1027343)     24.167          0     0     1     1
(3141, 241, 1027343)     26.083          0     0     1     1
(3141, 241, 1027343)     26.333          0     0     1     1
(3667, 241, 1027343)      18.25          0     0     1     1
(3247, 241, 1027343)      18.25          0     0     1     1
(3843, 97, 1027343)       18.25          0     0     1     1
(3843, 97, 1027343)      20.167          0     0     1     1
(3843, 97, 1027343)      20.417          0     0     1     1
(3747, 97, 1027343)       18.25          0     0     1     1
(3747, 97, 1027343)       20.25          0     0     1     1
(3747, 97, 1027343)      26.333          0     0     1     1
(3207, 225, 1027343)      18.25          0     0     1     1
(3207, 225, 1027343)     20.167          0     0     1     4
(3207, 225, 1027343)     20.333          0     0     1     2
(3207, 225, 1027343)      22.25          0     0     1     1
(3207, 225, 1027343)     24.167          0     0     0     1
(3207, 225, 1027343)     28.333          0     0     1     1
(3227, 109, 1027343)      18.25          0     0     1     1
(3237, 121, 1027343)      18.25          0     0     1     1
(3157, 113, 1027343)      18.25          0     0     1     1
(3749, 115, 1027343)      18.25          0     0     1     1
(3795, 113, 1027343)      18.25          0     0     1     1
(3653, 113, 1027343)      18.25          0     0     1     1
(3267, 97, 1027343)       18.25          0     0     1     1
(3823, 127, 1027343)     18.333          0     0     1     1
(3887, 241, 1027343)     18.333          0     0     1     1
(3821, 241, 1027343)     18.333          0     0     1     1
(3821, 241, 1027343)       18.5          0     0     1     1
(3821, 241, 1027343)      20.25          0     0     1     1
(3821, 241, 1027343)     24.333          0     0     1     1
(3719, 105, 1027343)     18.333          0     0     1     1
(4053, 121, 1027343)     18.333          0     0     1     1
(4053, 121, 1027343)     24.333          0     0     1     1
(3651, 117, 1027343)     18.333          0     0     1     1
(4037, 241, 1027343)     18.417          0     0     1     1
(4037, 241, 1027343)     26.333          0     0     1     1
(3783, 241, 1027343)     18.417          0     0     1     1
(3651, 97, 1027343)      18.417          0     0     1     1
(3651, 97, 1027343)      22.333          0     0     1     1
(2771, 245, 1027343)       18.5          0     0     1     1
(3573, 241, 1027343)       18.5          0     0     1     1
(3105, 241, 1027343)       20.0          0     0     1     1
(3105, 241, 1027343)     20.083          0     0     1     1
(3105, 241, 1027343)     26.167          0     0     1     1
(3105, 241, 1027343)       28.0          0     0     1     1
(3233, 245, 1027343)     20.083          0     0     1     1
(3233, 245, 1027343)      24.25          0     0     1     1
(3221, 233, 1027343)     20.083          0     0     1     1
(3713, 241, 1027343)     20.083          0     0     1     1
(3713, 241, 1027343)     22.083          0     0     1     1
(3713, 241, 1027343)     24.083          0     0     1     1
(2721, 229, 1027343)     20.083          0     0     1     1
(3233, 241, 1027343)     20.083          0     0     1     1
(3233, 241, 1027343)      20.25          0     0     1     1
(3233, 241, 1027343)       22.0          0     0     1     1
(3233, 241, 1027343)     22.083          0     0     1     2
(3233, 241, 1027343)     22.167          0     0     1     2
(3233, 241, 1027343)     24.167          0     0     1     1
(3233, 241, 1027343)      24.25          0     0     1     4
(3233, 241, 1027343)     26.083          0     0     1     1
(3233, 241, 1027343)     26.167          0     0     1     1
(3233, 241, 1027343)     26.333          0     0     1     1
(3233, 241, 1027343)     28.167          0     0     1     2
(3233, 241, 1027343)     28.333          0     0     1     1
(3233, 241, 1027343)     34.333          0     0     1     1
(3233, 241, 1027343)     34.417          0     0     1     1
(3045, 241, 1027343)     20.083          0     0     1     1
(3045, 241, 1027343)     22.167          0     0     1     1
(2725, 241, 1027343)     20.083          0     0     1     1
(2725, 241, 1027343)     20.167          0     0     0     1
(2725, 241, 1027343)      22.25          0     0     1     1
(2725, 241, 1027343)      24.25          0     0     1     2
(2725, 241, 1027343)      26.25          0     0     1     1
(2725, 241, 1027343)     32.167          0     0     0     1
(3223, 241, 1027343)     20.083          0     0     1     1
(3223, 241, 1027343)     20.167          0     0     1     1
(2209, 225, 1027343)     20.083          0     0     0     1
(2209, 225, 1027343)     20.167          0     0     0     1
(2209, 225, 1027343)     34.167          0     0     0     1
(3747, 227, 1027343)     20.083          0     0     1     1
(4053, 115, 1027343)     20.083          0     0     1     1
(3779, 97, 1027343)      20.083          0     0     1     1
(3269, 243, 1027343)     20.167          0     0     1     1
(3109, 241, 1027343)     20.167          0     0     1     1
(3109, 241, 1027343)     22.083          0     0     1     2
(3109, 241, 1027343)     24.167          0     0     1     1
(3237, 229, 1027343)     20.167          0     0     1     1
(2725, 243, 1027343)     20.167          0     0     1     1
(3969, 225, 1027343)     20.167          0     0     1     1
(3749, 241, 1027343)     20.167          0     0     1     1
(3749, 241, 1027343)     20.417          0     0     1     1
(3749, 241, 1027343)      22.25          0     0     1     1
(3749, 241, 1027343)     22.333          0     0     1     2
(3749, 241, 1027343)       24.0          0     0     1     1
(3749, 241, 1027343)      24.25          0     0     1     1
(3749, 241, 1027343)     26.333          0     0     1     1
(3749, 241, 1027343)     28.167          0     0     0     1
(3749, 241, 1027343)     28.417          0     0     1     1
(3591, 225, 1027343)     20.167          0     0     1     1
(3591, 225, 1027343)      22.25          0     0     1     1
(3591, 225, 1027343)     26.083          0     0     1     1
(3591, 225, 1027343)     26.167          0     0     0     1
(3591, 225, 1027343)     28.083          0     0     1     1
(3669, 241, 1027343)     20.167          0     0     1     1
(3589, 121, 1027343)     20.167          0     0     1     1
(3745, 241, 1027343)     20.167          0     0     1     1
(3745, 241, 1027343)     22.083          0     0     1     1
(3745, 241, 1027343)     22.167          0     0     1     1
(3745, 241, 1027343)     24.083          0     0     1     1
(3093, 121, 1027343)     20.167          0     0     1     1
(2791, 249, 1027343)     20.167          0     0     1     1
(2789, 241, 1027343)     20.167          0     0     1     1
(2789, 241, 1027343)     24.417          0     0     1     1
(3219, 109, 1027343)     20.167          0     0     1     1
(3143, 113, 1027343)     20.167          0     0     1     1
(3143, 113, 1027343)      22.25          0     0     1     1
(3265, 225, 1027343)     20.167          0     0     1     1
(3203, 105, 1027343)     20.167          0     0     1     1
(2807, 245, 1027343)     20.167          0     0     1     1
(3205, 113, 1027343)     20.167          0     0     1     1
(3205, 113, 1027343)     20.333          0     0     1     1
(3205, 113, 1027343)     22.083          0     0     1     1
(3205, 113, 1027343)     22.167          0     0     1     1
(2229, 241, 1027343)      20.25          0     0     1     1
(2229, 241, 1027343)     22.333          0     0     1     1
(2229, 241, 1027343)      26.25          0     0     0     1
(3109, 243, 1027343)      20.25          0     0     1     1
(3237, 243, 1027343)      20.25          0     0     1     1
(3879, 241, 1027343)      20.25          0     0     1     1
(3879, 241, 1027343)     22.417          0     0     1     1
(3761, 241, 1027343)      20.25          0     0     1     1
(3761, 241, 1027343)     24.167          0     0     1     1
(3299, 241, 1027343)      20.25          0     0     1     1
(3299, 241, 1027343)     28.333          0     0     1     1
(3303, 241, 1027343)      20.25          0     0     1     1
(3149, 113, 1027343)      20.25          0     0     1     1
(3149, 113, 1027343)      22.25          0     0     1     1
(3717, 177, 1027343)      20.25          0     0     1     1
(3717, 177, 1027343)     22.083          0     0     1     1
(3717, 177, 1027343)     22.167          0     0     1     1
(3159, 241, 1027343)      20.25          0     0     1     1
(3209, 113, 1027343)      20.25          0     0     1     1
(3747, 115, 1027343)      20.25          0     0     1     1
(3525, 209, 1027343)      20.25          0     0     1     1
(3751, 225, 1027343)      20.25          0     0     1     1
(3207, 97, 1027343)       20.25          0     0     1     1
(3259, 109, 1027343)      20.25          0     0     1     1
(3781, 209, 1027343)      20.25          0     0     1     1
(3237, 113, 1027343)      20.25          0     0     1     1
(3237, 113, 1027343)     24.333          0     0     1     1
(3237, 113, 1027343)     26.333          0     0     1     1
(3587, 97, 1027343)       20.25          0     0     1     1
(3587, 97, 1027343)       22.25          0     0     1     1
(3587, 97, 1027343)      24.167          0     0     1     1
(3587, 97, 1027343)      26.167          0     0     1     2
(3015, 113, 1027343)      20.25          0     0     1     1
(2693, 241, 1027343)     20.333          0     0     1     1
(2693, 241, 1027343)      22.25          0     0     1     1
(2693, 241, 1027343)     26.083          0     0     1     1
(2693, 241, 1027343)     28.417          0     0     1     1
(3277, 241, 1027343)     20.333          0     0     1     1
(3277, 241, 1027343)       26.5          0     0     1     1
(3820, 245, 1027343)     20.333          0     0     0     1
(3213, 241, 1027343)     20.333          0     0     1     1
(2535, 241, 1027343)     20.333          0     0     1     1
(3621, 113, 1027343)     20.333          0     0     1     1
(3235, 97, 1027343)      20.333          0     0     1     1
(3989, 113, 1027343)     20.333          0     0     1     1
(3225, 113, 1027343)     20.333          0     0     1     1
(2755, 97, 1027343)      20.333          0     0     1     1
(3221, 241, 1027343)     20.417          0     0     1     1
(3221, 241, 1027343)     22.083          0     0     1     1
(3221, 241, 1027343)      22.25          0     0     1     2
(3811, 241, 1027343)     20.417          0     0     1     1
(3811, 241, 1027343)     28.333          0     0     1     1
(2759, 241, 1027343)     20.417          0     0     1     1
(2759, 241, 1027343)      26.25          0     0     1     1
(3717, 225, 1027343)       22.0          0     0     1     1
(3717, 225, 1027343)     24.167          0     0     1     1
(3619, 241, 1027343)       22.0          0     0     1     1
(3619, 241, 1027343)     22.167          0     0     1     1
(3137, 241, 1027343)       22.0          0     0     1     1
(3137, 241, 1027343)     22.167          0     0     1     1
(3137, 241, 1027343)     26.167          0     0     1     1
(3137, 241, 1027343)     28.167          0     0     1     1
(2533, 241, 1027343)       22.0          0     0     1     1
(2533, 241, 1027343)      22.25          0     0     1     1
(2533, 241, 1027343)      30.25          0     0     1     1
(3237, 249, 1027343)     22.083          0     0     1     1
(3237, 249, 1027343)     22.167          0     0     1     1
(3237, 249, 1027343)     22.333          0     0     1     1
(3237, 249, 1027343)     24.167          0     0     1     1
(3589, 241, 1027343)     22.083          0     0     1     1
(3589, 241, 1027343)      22.25          0     0     1     1
(3589, 241, 1027343)      28.25          0     0     1     1
(3241, 245, 1027343)     22.083          0     0     1     1
(3241, 245, 1027343)      22.25          0     0     1     1
(3252, 249, 1027343)     22.083          0     0     0     1
(3725, 113, 1027343)     22.083          0     0     1     1
(2277, 233, 1027343)     22.083          0     0     1     1
(3715, 97, 1027343)      22.083          0     0     1     2
(3715, 97, 1027343)       22.25          0     0     1     1
(3297, 225, 1027343)     22.083          0     0     1     1
(3653, 117, 1027343)     22.083          0     0     1     1
(3201, 249, 1027343)     22.167          0     0     1     1
(3779, 241, 1027343)     22.167          0     0     0     1
(3205, 225, 1027343)     22.167          0     0     1     1
(3205, 225, 1027343)       26.0          0     0     1     1
(3205, 225, 1027343)     28.333          0     0     1     1
(3111, 225, 1027343)     22.167          0     0     1     1
(3111, 225, 1027343)      24.25          0     0     1     1
(3087, 97, 1027343)      22.167          0     0     1     1
(2773, 209, 1027343)     22.167          0     0     1     1
(3773, 249, 1027343)     22.167          0     0     1     1
(3331, 97, 1027343)      22.167          0     0     1     1
(3797, 241, 1027343)     22.167          0     0     1     1
(3797, 241, 1027343)       28.5          0     0     1     1
(3877, 241, 1027343)     22.167          0     0     1     1
(3877, 241, 1027343)     22.417          0     0     1     1
(3813, 241, 1027343)     22.167          0     0     1     1
(3813, 241, 1027343)     22.583          0     0     1     1
(3813, 241, 1027343)      24.25          0     0     1     1
(3813, 241, 1027343)     24.333          0     0     1     1
(3747, 241, 1027343)     22.167          0     0     1     1
(3747, 241, 1027343)     22.333          0     0     1     1
(3497, 241, 1027343)     22.167          0     0     1     2
(2723, 241, 1027343)     22.167          0     0     1     1
(2723, 241, 1027343)     24.083          0     0     1     1
(3741, 113, 1027343)     22.167          0     0     1     1
(2219, 225, 1027343)     22.167          0     0     0     1
(3113, 97, 1027343)      22.167          0     0     1     1
(2211, 225, 1027343)     22.167          0     0     0     1
(3109, 113, 1027343)     22.167          0     0     1     1
(3079, 225, 1027343)      22.25          0     0     1     1
(3079, 225, 1027343)     24.167          0     0     1     1
(3079, 225, 1027343)     26.167          0     0     1     1
(3079, 225, 1027343)     28.167          0     0     1     1
(3079, 225, 1027343)       28.5          0     0     1     1
(3079, 225, 1027343)     30.333          0     0     0     1
(3795, 241, 1027343)      22.25          0     0     1     1
(3171, 241, 1027343)      22.25          0     0     1     1
(3723, 113, 1027343)      22.25          0     0     1     1
(3723, 97, 1027343)       22.25          0     0     1     1
(3233, 113, 1027343)      22.25          0     0     1     1
(3237, 181, 1027343)      22.25          0     0     1     1
(2629, 241, 1027343)      22.25          0     0     1     1
(3623, 113, 1027343)      22.25          0     0     1     1
(2691, 97, 1027343)       22.25          0     0     1     1
(2691, 97, 1027343)      24.333          0     0     1     1
(2691, 97, 1027343)       32.25          0     0     1     1
(4037, 249, 1027343)     22.333          0     0     1     1
(3479, 241, 1027343)     22.333          0     0     1     1
(3255, 241, 1027343)     22.333          0     0     1     1
(2661, 241, 1027343)     22.333          0     0     1     1
(3149, 241, 1027343)     22.333          0     0     1     1
(3149, 241, 1027343)      24.25          0     0     1     1
(2727, 241, 1027343)     22.333          0     0     1     1
(2727, 241, 1027343)     22.417          0     0     0     1
(2727, 241, 1027343)      24.25          0     0     1     1
(2727, 241, 1027343)     26.333          0     0     1     1
(2597, 241, 1027343)     22.333          0     0     1     1
(2597, 241, 1027343)      24.25          0     0     1     1
(2597, 241, 1027343)     28.167          0     0     1     1
(3509, 245, 1027343)     22.417          0     0     1     1
(2727, 249, 1027343)     22.417          0     0     0     1
(3815, 249, 1027343)     22.417          0     0     1     1
(3317, 249, 1027343)     22.417          0     0     1     1
(3285, 113, 1027343)     22.417          0     0     1     1
(3285, 113, 1027343)     26.333          0     0     1     1
(3239, 97, 1027343)      22.417          0     0     1     1
(3239, 65, 1027343)      22.417          0     0     1     1
(2727, 97, 1027343)      22.417          0     0     1     1
(3311, 117, 1027343)     22.583          0     0     1     1
(3077, 241, 1027343)       24.0          0     0     1     1
(3077, 241, 1027343)       26.0          0     0     1     1
(3077, 241, 1027343)     26.083          0     0     1     2
(3077, 241, 1027343)     28.083          0     0     1     1
(3077, 241, 1027343)      30.25          0     0     1     1
(2723, 209, 1027343)     24.083          0     0     1     1
(3107, 97, 1027343)      24.083          0     0     1     1
(3107, 113, 1027343)     24.083          0     0     1     1
(2773, 253, 1027343)     24.167          0     0     0     1
(3143, 241, 1027343)     24.167          0     0     1     1
(3143, 241, 1027343)     24.417          0     0     1     1
(2677, 241, 1027343)     24.167          0     0     1     1
(3169, 241, 1027343)     24.167          0     0     1     2
(2949, 225, 1027343)     24.167          0     0     1     1
(3301, 241, 1027343)     24.167          0     0     1     2
(3301, 241, 1027343)     26.083          0     0     1     1
(3301, 241, 1027343)     26.167          0     0     1     1
(2801, 241, 1027343)     24.167          0     0     1     1
(2721, 117, 1027343)     24.167          0     0     1     1
(3009, 241, 1027343)     24.167          0     0     1     1
(3139, 113, 1027343)     24.167          0     0     1     1
(3139, 113, 1027343)      28.25          0     0     1     1
(3201, 225, 1027343)     24.167          0     0     1     1
(3201, 225, 1027343)     30.167          0     0     1     1
(3201, 225, 1027343)     32.333          0     0     1     1
(2853, 113, 1027343)     24.167          0     0     1     1
(3205, 97, 1027343)      24.167          0     0     1     1
(3205, 97, 1027343)      28.167          0     0     1     1
(2087, 97, 1027343)      24.167          0     0     0     1
(3045, 249, 1027343)      24.25          0     0     0     1
(3221, 245, 1027343)      24.25          0     0     1     1
(3105, 225, 1027343)      24.25          0     0     1     1
(3719, 97, 1027343)       24.25          0     0     1     1
(3653, 241, 1027343)      24.25          0     0     1     1
(2753, 225, 1027343)      24.25          0     0     1     1
(2721, 241, 1027343)      24.25          0     0     1     1
(3877, 121, 1027343)      24.25          0     0     1     1
(3717, 97, 1027343)       24.25          0     0     1     1
(3745, 243, 1027343)      24.25          0     0     1     1
(3139, 97, 1027343)       24.25          0     0     1     1
(3217, 97, 1027343)       24.25          0     0     1     1
(2757, 209, 1027343)      24.25          0     0     0     1
(2759, 225, 1027343)     24.333          0     0     1     1
(3265, 241, 1027343)     24.333          0     0     1     1
(3265, 241, 1027343)     32.083          0     0     1     1
(2701, 225, 1027343)     24.333          0     0     1     1
(3717, 113, 1027343)     24.333          0     0     1     1
(3713, 97, 1027343)      24.333          0     0     1     1
(3713, 97, 1027343)      28.083          0     0     1     1
(3713, 97, 1027343)       28.25          0     0     1     1
(2727, 121, 1027343)     24.417          0     0     1     1
(2745, 117, 1027343)       24.5          0     0     1     1
(3175, 249, 1027343)     24.667          0     0     1     1
(3823, 245, 1027343)      24.75          0     0     1     1
(3735, 241, 1027343)     26.083          0     0     0     1
(3079, 241, 1027343)     26.083          0     0     1     1
(3713, 225, 1027343)     26.083          0     0     1     1
(3713, 225, 1027343)      28.25          0     0     1     1
(2213, 249, 1027343)     26.167          0     0     1     1
(3219, 253, 1027343)     26.167          0     0     0     1
(3073, 193, 1027343)     26.167          0     0     1     1
(2695, 225, 1027343)     26.167          0     0     1     2
(3123, 241, 1027343)     26.167          0     0     1     1
(3681, 241, 1027343)     26.167          0     0     1     1
(3733, 121, 1027343)     26.167          0     0     1     1
(3075, 97, 1027343)      26.167          0     0     1     1
(3650, 113, 1027343)     26.167          0     0     1     1
(3717, 209, 1027343)     26.167          0     0     1     1
(2243, 101, 1027343)     26.167          0     0     0     1
(2725, 113, 1027343)     26.167          0     0     1     1
(2725, 113, 1027343)     28.333          0     0     1     1
(3877, 113, 1027343)     26.167          0     0     1     1
(2179, 97, 1027343)      26.167          0     0     0     1
(3073, 97, 1027343)       26.25          0     0     1     1
(3267, 81, 1027343)       26.25          0     0     1     1
(2341, 121, 1027343)      26.25          0     0     1     1
(3203, 225, 1027343)      26.25          0     0     1     1
(3203, 225, 1027343)     30.083          0     0     1     1
(3077, 113, 1027343)      26.25          0     0     1     1
(3217, 113, 1027343)      26.25          0     0     1     1
(2085, 99, 1027343)       26.25          0     0     0     1
(2085, 97, 1027343)       26.25          0     0     0     1
(2407, 97, 1027343)       26.25          0     0     0     1
(2261, 241, 1027343)     26.333          0     0     1     1
(3463, 225, 1027343)     26.333          0     0     1     1
(3333, 163, 1027343)     26.333          0     0     0     1
(2337, 225, 1027343)     26.333          0     0     0     1
(3174, 113, 1027343)     26.333          0     0     1     1
(3265, 97, 1027343)      26.333          0     0     1     1
(3265, 97, 1027343)      26.417          0     0     1     1
(3109, 81, 1027343)      26.333          0     0     1     1
(2293, 243, 1027343)     26.417          0     0     0     1
(3125, 241, 1027343)     26.417          0     0     1     1
(3750, 241, 1027343)     26.417          0     0     1     1
(3277, 177, 1027343)     26.417          0     0     1     1
(3221, 113, 1027343)     26.417          0     0     1     1
(2501, 241, 1027343)       26.5          0     0     1     1
(3205, 251, 1027343)       26.5          0     0     1     1
(3221, 177, 1027343)       26.5          0     0     1     1
(3715, 225, 1027343)     28.083          0     0     1     1
(2709, 249, 1027343)     28.167          0     0     1     1
(3173, 249, 1027343)     28.167          0     0     1     1
(3203, 241, 1027343)     28.167          0     0     0     1
(3108, 227, 1027343)     28.167          0     0     0     1
(2085, 115, 1027343)     28.167          0     0     0     1
(3201, 241, 1027343)      28.25          0     0     1     1
(3969, 241, 1027343)      28.25          0     0     1     1
(3110, 113, 1027343)      28.25          0     0     1     1
(3203, 97, 1027343)       28.25          0     0     1     1
(3203, 97, 1027343)       36.25          0     0     1     1
(3399, 113, 1027343)      28.25          0     0     1     1
(3269, 209, 1027343)      28.25          0     0     1     1
(2243, 97, 1027343)       28.25          0     0     0     1
(2243, 97, 1027343)        32.5          0     0     0     1
(3123, 113, 1027343)     28.333          0     0     1     1
(3333, 161, 1027343)     28.417          0     0     1     1
(3463, 97, 1027343)      30.083          0     0     1     1
(2563, 97, 1027343)      30.083          0     0     1     1
(2209, 241, 1027343)     30.167          0     0     0     1
(3252, 251, 1027343)     30.167          0     0     0     1
(3201, 113, 1027343)      30.25          0     0     1     1
(3749, 249, 1027343)     30.333          0     0     1     1
(2693, 185, 1027343)     30.333          0     0     1     1
(3235, 113, 1027343)     30.333          0     0     1     1
(3077, 225, 1027343)     30.417          0     0     1     1
(3749, 247, 1027343)     30.417          0     0     0     1
(3977, 241, 1027343)     30.417          0     0     1     1
(3171, 113, 1027343)     30.417          0     0     1     1
(2211, 97, 1027343)      30.417          0     0     0     1
(3333, 241, 1027343)      32.25          0     0     1     1
(2721, 225, 1027343)      32.25          0     0     0     1
(2737, 229, 1027343)      32.25          0     0     1     1
(2981, 241, 1027343)     32.417          0     0     1     1
(2561, 161, 1027343)     34.083          0     0     0     1
(3075, 241, 1027343)     34.167          0     0     0     1
(3585, 225, 1027343)     34.167          0     0     1     1
(2595, 97, 1027343)      36.167          0     0     1     1
(3137, 113, 1027343)     36.333          0     0     1     1
