inputs: 59989/1000 samples
                      [output]   [energy]  [A*B=out] [truth of cfas] [truth of chains]      [num]
             (255, 235, 59989)      2.083          0               0               1          1
             (255, 235, 59989)     10.083          0               0               1          2
             (255, 235, 59989)     10.167          0               0               1          1
             (255, 235, 59989)      10.25          0               0               1          1
             (255, 235, 59989)     12.083          0               0               1          1
             (255, 235, 59989)     14.083          0               0               1          1
             (255, 235, 59989)     14.167          0               0               1          2
             (255, 235, 59989)     16.167          0               0               1          2
             (255, 235, 59989)      16.25          0               0               1          2
             (255, 235, 59989)      16.25          0               0               0          2
             (255, 235, 59989)     16.333          0               0               1          1
             (255, 235, 59989)     18.083          0               0               1          1
             (255, 235, 59989)     18.167          0               0               0          1
             (255, 235, 59989)     20.083          0               0               1          1
             (255, 235, 59989)     20.333          0               0               1          1
             (255, 235, 59989)     24.167          0               0               0          1
             (255, 235, 59989)       24.5          0               0               0          1
             (235, 255, 59989)        4.0          0               0               1          1
             (235, 255, 59989)     10.083          0               0               1          2
             (235, 255, 59989)     12.083          0               0               1          1
             (235, 255, 59989)      14.25          0               0               1          1
             (235, 255, 59989)       18.0          0               0               1          1
             (235, 255, 59989)      22.25          0               0               1          1
             (251, 239, 59989)        4.0          1               0               1          3
             (251, 239, 59989)        6.0          1               0               1          1
             (251, 239, 59989)        8.0          1               0               1          2
             (251, 239, 59989)      8.083          1               0               1          3
             (251, 239, 59989)      8.167          1               0               1          2
             (251, 239, 59989)     10.083          1               0               1          1
             (251, 239, 59989)     10.167          1               0               1          1
             (251, 239, 59989)     12.083          1               0               1          1
             (251, 239, 59989)     12.167          1               0               1          2
             (251, 239, 59989)      12.25          1               0               1          2
             (251, 239, 59989)       14.0          1               0               1          1
             (251, 239, 59989)     14.083          1               0               1          2
             (251, 239, 59989)     14.167          1               0               1          2
             (251, 239, 59989)      14.25          1               0               1          2
             (251, 239, 59989)       14.5          1               0               1          1
             (251, 239, 59989)     16.083          1               0               1          1
             (251, 239, 59989)     16.167          1               0               1          2
             (251, 239, 59989)      16.25          1               0               1          2
             (251, 239, 59989)     18.333          1               0               1          2
             (251, 239, 59989)     20.167          1               0               1          2
             (251, 239, 59989)     20.333          1               0               1          2
             (251, 239, 59989)     22.167          1               0               1          2
             (251, 239, 59989)     22.333          1               0               1          1
             (251, 239, 59989)     24.167          1               0               0          1
             (251, 239, 59989)     24.167          1               0               1          1
             (251, 239, 59989)     24.333          1               0               1          1
             (251, 239, 59989)     26.417          1               0               1          1
             (251, 255, 59989)        6.0          0               0               1          1
             (251, 255, 59989)       10.0          0               0               1          1
             (251, 255, 59989)     12.083          0               0               1          2
             (251, 255, 59989)     12.083          0               0               0          1
             (251, 255, 59989)     14.167          0               0               1          2
             (251, 255, 59989)       16.0          0               0               1          1
             (251, 255, 59989)      16.25          0               0               1          1
             (251, 255, 59989)     18.167          0               0               1          1
             (251, 255, 59989)     18.333          0               0               1          1
             (251, 255, 59989)     20.333          0               0               1          3
             (251, 255, 59989)     26.167          0               0               0          1
             (251, 255, 59989)      30.25          0               0               1          1
             (191, 235, 59989)      6.083          0               0               1          2
             (191, 235, 59989)     10.083          0               0               0          1
             (191, 235, 59989)      10.25          0               0               1          1
             (191, 235, 59989)     12.167          0               0               1          1
             (191, 235, 59989)      12.25          0               0               1          2
             (191, 235, 59989)     14.083          0               0               1          1
             (191, 235, 59989)      14.25          0               0               1          1
             (191, 235, 59989)     14.417          0               0               1          1
             (191, 235, 59989)     16.083          0               0               1          1
             (191, 235, 59989)     16.167          0               0               1          1
             (191, 235, 59989)      16.25          0               0               0          1
             (191, 235, 59989)     18.167          0               0               1          2
             (191, 235, 59989)      22.25          0               0               1          1
             (191, 235, 59989)      24.25          0               0               1          1
             (191, 235, 59989)       26.5          0               0               0          1
             (235, 239, 59989)      6.083          0               0               1          1
             (235, 239, 59989)      8.083          0               0               1          1
             (235, 239, 59989)      8.167          0               0               1          1
             (235, 239, 59989)       10.0          0               0               1          1
             (235, 239, 59989)     10.083          0               0               1          1
             (235, 239, 59989)     10.167          0               0               1          1
             (235, 239, 59989)     12.333          0               0               1          1
             (235, 239, 59989)     14.083          0               0               1          2
             (235, 239, 59989)     14.167          0               0               1          1
             (235, 239, 59989)     14.333          0               0               1          1
             (235, 239, 59989)     16.083          0               0               1          1
             (235, 239, 59989)     16.167          0               0               1          1
             (235, 239, 59989)      16.25          0               0               1          1
             (235, 239, 59989)     18.167          0               0               1          1
             (235, 239, 59989)      18.25          0               0               1          1
             (235, 239, 59989)     18.417          0               0               1          1
             (235, 239, 59989)      20.25          0               0               1          1
             (235, 239, 59989)      26.25          0               0               0          1
             (235, 239, 59989)       26.5          0               0               1          1
             (239, 251, 59989)      6.167          1               0               1          1
             (239, 251, 59989)      8.083          1               0               1          1
             (239, 251, 59989)     10.083          1               0               1          1
             (239, 251, 59989)     10.167          1               0               1          1
             (239, 251, 59989)     14.083          1               0               1          2
             (239, 251, 59989)     14.083          1               0               0          1
             (239, 251, 59989)     14.167          1               0               1          1
             (239, 251, 59989)      14.25          1               0               1          1
             (239, 251, 59989)     16.333          1               0               1          1
             (239, 251, 59989)     18.083          1               0               1          1
             (239, 251, 59989)      18.25          1               0               1          2
             (239, 251, 59989)     18.333          1               0               1          1
             (239, 251, 59989)     20.167          1               0               1          1
             (239, 251, 59989)       20.5          1               0               1          1
             (239, 251, 59989)      22.25          1               0               1          1
             (239, 251, 59989)     22.333          1               0               1          1
             (235, 191, 59989)      6.167          0               0               1          1
             (235, 191, 59989)      8.083          0               0               1          1
             (235, 191, 59989)      10.25          0               0               1          1
             (235, 191, 59989)      12.25          0               0               1          1
             (235, 191, 59989)     14.167          0               0               1          1
             (235, 191, 59989)      14.25          0               0               1          1
             (235, 191, 59989)     16.167          0               0               1          2
             (235, 191, 59989)     20.417          0               0               1          1
             (185, 233, 59989)      8.083          0               0               1          1
             (185, 233, 59989)     22.417          0               0               0          1
             (243, 255, 59989)      8.083          0               0               1          1
             (243, 255, 59989)     18.417          0               0               1          1
             (179, 235, 59989)      8.083          0               0               1          1
             (179, 235, 59989)     20.167          0               0               1          1
             (251, 191, 59989)      8.083          0               0               1          1
             (251, 191, 59989)     10.167          0               0               1          1
             (251, 191, 59989)      12.25          0               0               1          1
             (251, 191, 59989)     14.083          0               0               1          1
             (251, 191, 59989)     14.167          0               0               1          1
             (251, 191, 59989)      16.25          0               0               1          1
             (251, 191, 59989)     18.083          0               0               1          1
             (251, 191, 59989)     20.083          0               0               1          1
             (251, 191, 59989)      20.25          0               0               1          1
             (251, 191, 59989)     20.333          0               0               1          1
             (251, 191, 59989)       24.5          0               0               1          1
             (251, 191, 59989)       26.5          0               0               1          1
             (251, 191, 59989)     28.667          0               0               1          1
             (187, 239, 59989)      8.167          0               0               1          1
             (187, 239, 59989)       10.0          0               0               1          1
             (187, 239, 59989)     10.167          0               0               1          1
             (187, 239, 59989)      12.25          0               0               1          1
             (187, 239, 59989)     12.333          0               0               1          1
             (187, 239, 59989)     14.083          0               0               1          1
             (187, 239, 59989)      14.25          0               0               0          1
             (187, 239, 59989)      14.25          0               0               1          1
             (187, 239, 59989)      16.25          0               0               1          1
             (187, 239, 59989)     16.333          0               0               1          1
             (187, 239, 59989)     18.417          0               0               1          1
             (187, 239, 59989)     20.333          0               0               0          1
             (187, 239, 59989)     28.417          0               0               0          1
             (253, 239, 59989)      8.167          0               0               1          1
             (253, 239, 59989)     10.083          0               0               1          1
             (253, 239, 59989)     10.167          0               0               1          1
             (253, 239, 59989)     14.083          0               0               1          1
             (253, 239, 59989)     16.083          0               0               1          1
             (253, 239, 59989)     16.167          0               0               1          1
             (253, 239, 59989)      16.25          0               0               1          1
             (253, 239, 59989)     18.417          0               0               0          1
             (253, 239, 59989)     20.167          0               0               0          1
             (253, 239, 59989)     22.167          0               0               1          1
             (253, 239, 59989)     22.167          0               0               0          2
             (251, 175, 59989)      8.167          0               0               1          1
             (251, 175, 59989)     10.167          0               0               1          3
             (251, 175, 59989)     12.083          0               0               0          1
             (251, 175, 59989)     12.083          0               0               1          1
             (251, 175, 59989)     12.167          0               0               1          2
             (251, 175, 59989)     12.333          0               0               1          1
             (251, 175, 59989)     14.167          0               0               1          6
             (251, 175, 59989)      14.25          0               0               1          1
             (251, 175, 59989)     16.083          0               0               1          1
             (251, 175, 59989)      16.25          0               0               1          1
             (251, 175, 59989)     16.333          0               0               1          2
             (251, 175, 59989)     16.417          0               0               1          2
             (251, 175, 59989)      18.25          0               0               1          2
             (251, 175, 59989)     18.417          0               0               1          1
             (251, 175, 59989)      20.25          0               0               1          2
             (251, 175, 59989)     20.333          0               0               1          3
             (251, 175, 59989)     22.333          0               0               1          2
             (251, 175, 59989)     22.417          0               0               1          1
             (255, 187, 59989)      8.167          0               0               1          1
             (255, 187, 59989)      10.25          0               0               1          1
             (255, 187, 59989)     12.167          0               0               1          1
             (255, 187, 59989)     12.333          0               0               1          1
             (255, 187, 59989)     14.167          0               0               1          2
             (255, 187, 59989)     16.333          0               0               1          2
             (255, 187, 59989)     18.167          0               0               1          1
             (255, 187, 59989)     20.333          0               0               1          1
             (255, 187, 59989)     20.333          0               0               0          1
             (255, 187, 59989)     22.167          0               0               0          1
             (255, 187, 59989)     22.333          0               0               1          1
             (255, 187, 59989)     24.167          0               0               1          1
             (255, 187, 59989)     24.417          0               0               1          1
             (255, 187, 59989)     26.583          0               0               1          1
             (239, 187, 59989)       8.25          0               0               1          1
             (239, 187, 59989)      12.25          0               0               1          1
             (239, 187, 59989)     14.083          0               0               1          1
             (239, 187, 59989)      14.25          0               0               1          1
             (255, 171, 59989)       8.25          0               0               1          1
             (255, 171, 59989)     14.167          0               0               1          1
             (255, 171, 59989)       16.5          0               0               1          1
             (255, 171, 59989)     18.333          0               0               1          2
             (255, 171, 59989)     18.417          0               0               1          1
             (255, 171, 59989)      20.25          0               0               1          1
             (255, 171, 59989)     20.417          0               0               1          1
             (255, 171, 59989)     22.417          0               0               1          1
             (255, 171, 59989)      28.75          0               0               0          1
             (243, 251, 59989)       10.0          0               0               1          1
             (243, 251, 59989)     16.167          0               0               1          1
             (243, 251, 59989)     20.333          0               0               1          1
             (243, 251, 59989)     26.417          0               0               1          1
             (247, 235, 59989)     10.083          0               0               1          1
             (247, 235, 59989)     16.083          0               0               1          1
             (247, 235, 59989)     16.167          0               0               1          1
             (247, 235, 59989)     20.083          0               0               1          1
             (247, 235, 59989)     22.333          0               0               1          1
             (187, 251, 59989)     10.083          0               0               0          1
             (187, 251, 59989)       18.5          0               0               1          1
             (187, 251, 59989)      22.25          0               0               1          1
             (187, 251, 59989)     22.333          0               0               1          1
             (239, 239, 59989)     10.167          0               0               1          1
             (239, 239, 59989)       12.0          0               0               1          1
             (239, 239, 59989)     12.167          0               0               1          1
             (239, 239, 59989)     16.083          0               0               1          1
             (239, 239, 59989)     16.167          0               0               1          1
             (239, 239, 59989)     16.333          0               0               1          1
             (239, 239, 59989)      20.25          0               0               1          1
             (239, 239, 59989)     20.417          0               0               1          1
             (239, 239, 59989)      22.25          0               0               1          1
             (239, 239, 59989)     24.333          0               0               1          1
             (239, 239, 59989)      28.25          0               0               1          1
             (219, 175, 59989)     10.167          0               0               1          1
             (219, 175, 59989)     16.417          0               0               1          1
             (219, 175, 59989)      18.25          0               0               1          1
             (219, 175, 59989)     20.167          0               0               1          1
             (219, 255, 59989)     10.167          0               0               1          1
             (187, 175, 59989)     10.167          0               0               1          1
             (187, 175, 59989)      10.25          0               0               1          2
             (187, 175, 59989)      14.25          0               0               1          1
             (187, 175, 59989)      18.25          0               0               1          4
             (187, 175, 59989)     18.333          0               0               1          1
             (187, 175, 59989)     18.417          0               0               1          2
             (187, 175, 59989)      22.25          0               0               1          1
             (187, 175, 59989)      24.25          0               0               1          1
             (235, 175, 59989)     10.167          0               0               1          1
             (235, 175, 59989)     12.167          0               0               1          2
             (235, 175, 59989)      14.25          0               0               1          2
             (235, 175, 59989)     16.083          0               0               1          1
             (235, 175, 59989)      16.25          0               0               1          4
             (235, 175, 59989)     16.417          0               0               1          1
             (235, 175, 59989)     20.333          0               0               1          1
             (235, 175, 59989)      22.25          0               0               1          1
             (235, 175, 59989)     22.417          0               0               1          1
             (253, 175, 59989)     10.167          0               0               1          1
             (253, 175, 59989)     12.083          0               0               1          1
             (253, 175, 59989)     14.167          0               0               1          1
             (253, 175, 59989)     18.167          0               0               1          1
             (253, 175, 59989)     26.417          0               0               1          1
             (251, 251, 59989)     10.167          0               0               1          1
             (251, 251, 59989)     16.167          0               0               1          1
             (251, 251, 59989)     18.167          0               0               1          1
             (251, 251, 59989)      20.25          0               0               1          1
             (251, 251, 59989)     22.333          0               0               1          1
             (251, 251, 59989)       24.5          0               0               1          1
             (251, 251, 59989)       30.5          0               0               1          1
             (187, 255, 59989)      10.25          0               0               1          1
             (187, 255, 59989)     12.083          0               0               1          1
             (187, 255, 59989)     12.333          0               0               1          1
             (187, 255, 59989)     14.167          0               0               1          1
             (187, 255, 59989)     26.167          0               0               1          1
             (239, 235, 59989)     10.333          0               0               1          1
             (239, 235, 59989)     12.167          0               0               1          1
             (239, 235, 59989)      12.25          0               0               1          1
             (239, 235, 59989)     14.083          0               0               1          1
             (239, 235, 59989)      14.25          0               0               1          1
             (239, 235, 59989)     16.167          0               0               1          1
             (239, 235, 59989)      16.25          0               0               1          2
             (239, 235, 59989)     16.333          0               0               1          1
             (239, 235, 59989)     16.417          0               0               1          1
             (239, 235, 59989)     18.167          0               0               1          1
             (239, 235, 59989)     24.167          0               0               0          1
             (191, 251, 59989)       12.0          0               0               1          1
             (191, 251, 59989)     14.167          0               0               0          1
             (191, 251, 59989)      14.25          0               0               1          1
             (191, 251, 59989)      16.25          0               0               1          1
             (191, 251, 59989)     18.333          0               0               1          1
             (191, 251, 59989)     18.417          0               0               1          2
             (249, 235, 59989)       12.0          0               0               1          1
             (249, 235, 59989)     12.083          0               0               1          1
             (249, 235, 59989)      12.25          0               0               1          1
             (249, 235, 59989)     14.083          0               0               1          1
             (249, 235, 59989)      14.25          0               0               1          1
             (249, 235, 59989)     14.417          0               0               1          1
             (249, 235, 59989)       16.0          0               0               0          1
             (249, 235, 59989)     16.083          0               0               1          1
             (249, 235, 59989)     20.083          0               0               1          1
             (249, 235, 59989)     20.333          0               0               1          1
             (159, 235, 59989)     12.083          0               0               1          1
             (159, 235, 59989)      14.25          0               0               1          1
             (159, 235, 59989)     14.333          0               0               1          1
             (159, 235, 59989)      16.25          0               0               1          1
             (243, 191, 59989)     12.083          0               0               1          1
             (243, 191, 59989)       30.5          0               0               1          1
             (243, 187, 59989)     12.083          0               0               1          1
             (187, 235, 59989)     12.083          0               0               1          1
             (187, 235, 59989)     12.167          0               0               1          1
             (187, 235, 59989)     14.333          0               0               1          1
             (187, 235, 59989)     16.167          0               0               1          1
             (187, 235, 59989)      16.25          0               0               1          1
             (187, 235, 59989)     18.167          0               0               1          1
             (187, 235, 59989)     20.417          0               0               1          1
             (187, 235, 59989)     22.167          0               0               1          1
             (187, 235, 59989)     22.583          0               0               1          1
             (239, 179, 59989)     12.083          0               0               1          1
             (253, 255, 59989)     12.083          0               0               1          1
             (253, 255, 59989)     16.417          0               0               1          1
             (253, 255, 59989)     18.083          0               0               1          1
             (253, 255, 59989)       24.0          0               0               1          1
             (235, 223, 59989)     12.083          0               0               1          1
             (243, 235, 59989)     12.083          0               0               1          1
             (243, 235, 59989)     14.167          0               0               1          1
             (243, 235, 59989)     16.333          0               0               1          1
             (243, 235, 59989)     18.167          0               0               1          1
             (243, 235, 59989)     18.333          0               0               1          1
             (243, 235, 59989)     20.083          0               0               1          1
             (243, 235, 59989)     28.083          0               0               1          1
             (247, 251, 59989)     12.083          0               0               1          1
             (247, 251, 59989)     16.167          0               0               1          2
             (247, 251, 59989)     16.333          0               0               1          1
             (247, 251, 59989)       18.0          0               0               1          1
             (219, 239, 59989)     12.083          0               0               1          1
             (219, 239, 59989)     14.083          0               0               1          2
             (219, 239, 59989)       18.0          0               0               1          1
             (187, 191, 59989)     12.083          0               0               1          1
             (187, 191, 59989)     14.167          0               0               0          1
             (187, 191, 59989)      14.25          0               0               1          2
             (187, 191, 59989)      16.25          0               0               0          1
             (187, 191, 59989)     16.333          0               0               0          1
             (187, 191, 59989)      18.25          0               0               1          1
             (187, 191, 59989)      20.25          0               0               0          1
             (187, 191, 59989)       20.5          0               0               1          1
             (187, 191, 59989)     22.333          0               0               1          1
             (189, 239, 59989)     12.167          0               0               1          1
             (189, 239, 59989)     14.333          0               0               1          1
             (189, 239, 59989)     24.417          0               0               1          1
             (239, 255, 59989)     12.167          0               0               1          1
             (239, 255, 59989)       14.0          0               0               0          1
             (239, 255, 59989)     14.167          0               0               1          1
             (239, 255, 59989)     16.167          0               0               1          1
             (239, 255, 59989)      16.25          0               0               1          1
             (239, 255, 59989)     18.333          0               0               1          1
             (239, 255, 59989)      20.25          0               0               1          1
              (59, 175, 59989)     12.167          0               0               0          1
             (255, 251, 59989)     12.167          0               0               1          1
             (255, 251, 59989)     16.167          0               0               1          1
             (255, 251, 59989)      16.25          0               0               1          1
             (255, 251, 59989)     16.333          0               0               1          1
             (255, 251, 59989)      18.25          0               0               1          2
             (255, 251, 59989)     18.333          0               0               1          2
             (255, 251, 59989)     20.333          0               0               1          1
             (255, 251, 59989)     22.167          0               0               0          1
             (255, 251, 59989)     24.417          0               0               0          1
             (247, 255, 59989)     12.167          0               0               1          1
             (247, 255, 59989)     16.167          0               0               1          1
             (247, 255, 59989)      16.25          0               0               1          1
             (207, 187, 59989)     12.167          0               0               1          1
             (207, 187, 59989)     22.167          0               0               1          1
             (251, 187, 59989)     12.167          0               0               1          1
             (251, 187, 59989)       14.0          0               0               1          1
             (251, 187, 59989)     14.417          0               0               1          1
             (251, 187, 59989)      18.25          0               0               1          1
             (251, 187, 59989)     18.417          0               0               1          1
             (251, 187, 59989)     20.167          0               0               1          1
             (251, 187, 59989)      20.25          0               0               1          1
             (251, 187, 59989)     20.333          0               0               1          1
             (251, 187, 59989)       20.5          0               0               1          1
             (251, 187, 59989)       22.5          0               0               1          1
             (255, 239, 59989)     12.167          0               0               1          1
             (255, 239, 59989)     14.167          0               0               1          1
             (255, 239, 59989)     14.333          0               0               1          1
             (255, 239, 59989)     16.167          0               0               1          1
             (255, 239, 59989)     16.333          0               0               0          1
             (255, 239, 59989)     16.417          0               0               1          3
             (255, 239, 59989)      18.25          0               0               1          1
             (255, 239, 59989)     18.333          0               0               1          1
             (255, 239, 59989)     20.333          0               0               1          1
             (255, 239, 59989)     22.167          0               0               1          1
             (255, 239, 59989)     24.333          0               0               1          2
             (255, 239, 59989)     26.167          0               0               0          1
             (251, 171, 59989)     12.167          0               0               1          1
             (251, 171, 59989)     12.333          0               0               1          1
             (251, 171, 59989)     16.333          0               0               1          1
             (251, 171, 59989)     16.417          0               0               1          1
             (251, 171, 59989)     18.167          0               0               1          1
             (251, 171, 59989)      18.25          0               0               1          1
             (251, 171, 59989)     18.333          0               0               1          1
             (251, 171, 59989)     22.333          0               0               1          1
             (251, 171, 59989)     22.417          0               0               1          1
             (251, 171, 59989)     26.333          0               0               1          1
             (251, 171, 59989)       28.5          0               0               1          1
             (251, 233, 59989)     12.167          0               0               1          1
             (251, 233, 59989)     14.333          0               0               1          1
             (187, 233, 59989)      12.25          0               0               1          2
             (243, 247, 59989)      12.25          0               0               1          1
             (171, 191, 59989)      12.25          0               0               1          1
             (171, 191, 59989)     14.083          0               0               1          1
             (251, 235, 59989)      12.25          0               0               1          1
             (251, 235, 59989)      14.25          0               0               1          1
             (251, 235, 59989)     14.333          0               0               1          2
             (251, 235, 59989)     16.083          0               0               1          1
             (251, 235, 59989)     16.167          0               0               1          1
             (251, 235, 59989)     16.417          0               0               1          2
             (251, 235, 59989)      18.25          0               0               1          1
             (251, 235, 59989)     18.333          0               0               1          1
             (251, 235, 59989)       20.0          0               0               1          1
             (251, 235, 59989)     20.083          0               0               1          1
             (251, 235, 59989)     20.333          0               0               1          1
             (251, 235, 59989)      22.25          0               0               1          1
             (251, 235, 59989)     22.333          0               0               1          1
             (251, 235, 59989)     24.167          0               0               0          1
             (251, 235, 59989)     26.333          0               0               0          1
             (123, 255, 59989)      12.25          0               0               1          1
             (123, 255, 59989)       16.0          0               0               0          1
             (123, 255, 59989)      16.25          0               0               1          1
             (249, 171, 59989)      12.25          0               0               1          1
             (249, 171, 59989)     16.167          0               0               1          1
             (249, 171, 59989)     20.333          0               0               1          1
             (249, 171, 59989)     22.083          0               0               0          1
             (249, 171, 59989)      22.25          0               0               1          1
             (223, 187, 59989)     12.333          0               0               1          1
             (223, 187, 59989)     26.083          0               0               0          1
             (203, 223, 59989)     12.333          0               0               1          1
             (251, 223, 59989)       14.0          0               0               1          1
             (251, 223, 59989)     16.167          0               0               1          1
             (251, 223, 59989)     20.083          0               0               1          1
             (233, 251, 59989)       14.0          0               0               1          1
             (255, 255, 59989)     14.083          0               0               1          1
             (255, 255, 59989)      14.25          0               0               1          2
             (255, 255, 59989)       16.0          0               0               1          2
             (255, 255, 59989)     16.083          0               0               1          3
             (255, 255, 59989)     16.333          0               0               1          1
             (255, 255, 59989)     18.083          0               0               1          1
             (255, 255, 59989)     18.167          0               0               1          1
             (255, 255, 59989)     18.417          0               0               1          1
             (255, 255, 59989)       18.5          0               0               1          1
             (255, 255, 59989)     20.167          0               0               0          1
             (255, 255, 59989)     20.167          0               0               1          1
             (255, 255, 59989)      20.25          0               0               1          1
             (255, 255, 59989)     22.167          0               0               1          1
             (255, 255, 59989)     24.333          0               0               1          1
             (255, 255, 59989)      26.25          0               0               1          1
             (243, 239, 59989)     14.083          0               0               1          1
             (243, 239, 59989)     16.333          0               0               1          1
             (243, 239, 59989)      18.25          0               0               1          1
             (185, 235, 59989)     14.083          0               0               1          3
             (185, 235, 59989)     18.417          0               0               1          1
             (107, 239, 59989)     14.083          0               0               1          1
             (107, 239, 59989)       18.0          0               0               1          1
             (107, 239, 59989)     18.333          0               0               0          1
             (215, 251, 59989)     14.083          0               0               1          1
             (231, 187, 59989)     14.083          0               0               1          1
             (127, 235, 59989)     14.083          0               0               1          1
             (127, 235, 59989)      16.25          0               0               1          1
             (175, 235, 59989)     14.167          0               0               1          1
             (175, 235, 59989)      22.25          0               0               1          1
             (175, 183, 59989)     14.167          0               0               1          1
             (175, 187, 59989)     14.167          0               0               1          1
              (239, 91, 59989)     14.167          0               0               1          1
             (191, 175, 59989)     14.167          0               0               1          1
             (191, 175, 59989)     20.417          0               0               1          1
             (191, 175, 59989)      22.25          0               0               1          1
             (191, 175, 59989)     22.417          0               0               1          1
             (171, 171, 59989)     14.167          0               0               1          1
             (171, 171, 59989)     16.167          0               0               1          1
             (171, 171, 59989)     20.167          0               0               1          1
             (171, 171, 59989)     26.583          0               0               1          1
             (247, 155, 59989)     14.167          0               0               1          1
             (247, 155, 59989)      18.25          0               0               1          1
             (247, 239, 59989)     14.167          0               0               1          1
             (247, 239, 59989)     14.333          0               0               1          1
             (247, 239, 59989)      18.25          0               0               1          2
             (183, 189, 59989)     14.167          0               0               1          1
              (251, 63, 59989)     14.167          0               0               1          1
             (239, 171, 59989)     14.167          0               0               1          1
             (239, 171, 59989)     18.333          0               0               1          2
             (239, 171, 59989)      20.25          0               0               1          1
             (239, 171, 59989)     22.167          0               0               1          1
             (239, 171, 59989)     24.417          0               0               1          1
             (239, 171, 59989)     28.417          0               0               1          1
             (219, 171, 59989)     14.167          0               0               1          1
             (219, 171, 59989)     22.333          0               0               1          1
             (219, 171, 59989)     26.417          0               0               1          1
             (123, 175, 59989)     14.167          0               0               0          1
             (123, 175, 59989)     16.167          0               0               1          1
             (123, 175, 59989)     18.083          0               0               0          1
             (123, 175, 59989)      24.25          0               0               0          1
             (123, 175, 59989)     24.417          0               0               1          1
             (169, 235, 59989)      14.25          0               0               1          1
             (239, 175, 59989)      14.25          0               0               1          1
             (239, 175, 59989)      16.25          0               0               1          2
             (239, 175, 59989)      20.25          0               0               1          1
             (203, 175, 59989)      14.25          0               0               1          1
             (203, 175, 59989)     18.333          0               0               1          1
             (233, 239, 59989)      14.25          0               0               1          1
             (233, 239, 59989)     16.083          0               0               1          1
             (255, 175, 59989)      14.25          0               0               1          1
             (255, 175, 59989)     16.167          0               0               1          1
             (255, 175, 59989)      16.25          0               0               1          1
             (255, 175, 59989)     16.333          0               0               1          1
             (255, 175, 59989)      18.25          0               0               1          2
             (255, 175, 59989)      20.25          0               0               1          1
             (255, 175, 59989)      22.25          0               0               1          1
             (255, 175, 59989)     22.333          0               0               1          1
             (255, 175, 59989)     26.417          0               0               1          1
             (255, 175, 59989)     32.667          0               0               1          1
             (187, 171, 59989)     14.333          0               0               1          1
             (187, 171, 59989)     16.167          0               0               1          1
             (187, 171, 59989)     16.333          0               0               1          1
             (187, 171, 59989)      18.25          0               0               1          1
             (187, 171, 59989)     20.167          0               0               0          1
             (187, 171, 59989)      20.25          0               0               1          1
             (243, 207, 59989)     14.333          0               0               1          1
             (239, 223, 59989)     14.333          0               0               1          1
             (231, 175, 59989)     14.333          0               0               1          1
             (231, 175, 59989)     22.333          0               0               1          1
             (203, 139, 59989)     14.333          0               0               1          1
             (203, 139, 59989)     24.333          0               0               1          1
             (175, 251, 59989)     14.333          0               0               1          1
             (249, 187, 59989)     14.333          0               0               1          1
             (249, 187, 59989)      22.25          0               0               1          1
             (219, 235, 59989)       16.0          0               0               1          1
             (219, 235, 59989)     22.417          0               0               1          1
             (219, 235, 59989)     24.167          0               0               1          1
             (211, 235, 59989)     16.083          0               0               1          1
             (211, 235, 59989)     20.333          0               0               1          1
             (211, 235, 59989)     26.417          0               0               1          1
             (223, 171, 59989)     16.083          0               0               0          1
             (195, 235, 59989)     16.083          0               0               1          1
             (207, 239, 59989)     16.083          0               0               1          1
             (123, 239, 59989)     16.083          0               0               1          1
             (123, 239, 59989)     16.083          0               0               0          1
             (123, 239, 59989)     18.167          0               0               1          1
             (123, 239, 59989)     22.333          0               0               0          1
             (123, 239, 59989)     30.333          0               0               0          1
             (203, 219, 59989)     16.083          0               0               1          1
             (249, 251, 59989)     16.083          0               0               1          1
             (249, 251, 59989)     16.417          0               0               1          1
             (249, 251, 59989)     18.083          0               0               0          1
             (249, 251, 59989)       18.5          0               0               1          1
             (241, 131, 59989)     16.167          0               0               1          1
             (231, 255, 59989)     16.167          0               0               1          1
             (115, 187, 59989)     16.167          0               0               1          1
             (249, 233, 59989)     16.167          0               0               1          1
             (183, 175, 59989)     16.167          0               0               0          1
             (235, 235, 59989)     16.167          0               0               1          2
             (235, 235, 59989)     20.417          0               0               1          1
             (235, 235, 59989)       24.5          0               0               1          1
             (161, 235, 59989)     16.167          0               0               1          1
             (161, 235, 59989)      20.25          0               0               0          1
             (127, 255, 59989)     16.167          0               0               1          1
             (127, 255, 59989)     20.167          0               0               1          1
             (211, 239, 59989)     16.167          0               0               1          1
             (243, 175, 59989)     16.167          0               0               1          1
             (243, 175, 59989)      18.25          0               0               1          1
             (243, 175, 59989)     24.167          0               0               0          1
             (243, 175, 59989)     32.417          0               0               0          1
             (171, 235, 59989)     16.167          0               0               1          1
             (171, 235, 59989)     20.167          0               0               1          1
             (171, 235, 59989)     24.417          0               0               1          2
             (235, 249, 59989)     16.167          0               0               1          1
             (195, 239, 59989)     16.167          0               0               1          1
             (247, 243, 59989)     16.167          0               0               1          1
             (247, 243, 59989)     24.333          0               0               1          1
             (239, 219, 59989)     16.167          0               0               1          1
             (111, 251, 59989)     16.167          0               0               1          1
             (127, 251, 59989)     16.167          0               0               1          1
             (127, 251, 59989)     18.167          0               0               1          1
             (127, 251, 59989)     20.167          0               0               0          1
             (127, 251, 59989)       26.0          0               0               0          1
             (249, 239, 59989)     16.167          0               0               1          1
             (249, 239, 59989)     22.417          0               0               1          1
             (249, 239, 59989)     24.333          0               0               1          1
             (123, 191, 59989)     16.167          0               0               0          1
             (123, 191, 59989)      24.25          0               0               0          1
             (123, 191, 59989)     24.333          0               0               0          1
             (203, 171, 59989)      16.25          0               0               1          1
             (237, 239, 59989)      16.25          0               0               1          1
             (237, 239, 59989)      20.25          0               0               1          1
             (237, 239, 59989)     22.167          0               0               1          1
             (111, 187, 59989)      16.25          0               0               0          1
             (111, 187, 59989)     16.333          0               0               1          1
             (111, 187, 59989)     22.333          0               0               0          1
             (139, 235, 59989)      16.25          0               0               1          1
             (139, 235, 59989)      22.25          0               0               1          1
             (227, 255, 59989)      16.25          0               0               1          1
             (247, 175, 59989)      16.25          0               0               1          1
             (247, 175, 59989)     20.583          0               0               1          1
             (247, 175, 59989)      22.25          0               0               0          1
             (247, 175, 59989)     22.333          0               0               0          1
             (235, 167, 59989)      16.25          0               0               1          1
             (243, 171, 59989)      16.25          0               0               1          1
             (243, 171, 59989)      18.25          0               0               0          1
             (243, 171, 59989)     18.333          0               0               1          1
             (243, 171, 59989)     28.333          0               0               1          1
             (191, 187, 59989)      16.25          0               0               1          1
             (191, 187, 59989)     16.333          0               0               1          1
             (191, 187, 59989)       16.5          0               0               1          1
             (191, 187, 59989)     16.583          0               0               1          1
             (191, 187, 59989)      18.25          0               0               1          1
             (191, 255, 59989)      16.25          0               0               1          1
             (119, 175, 59989)      16.25          0               0               1          1
             (251, 179, 59989)      16.25          0               0               1          1
             (251, 179, 59989)     28.333          0               0               1          1
             (255, 179, 59989)      16.25          0               0               1          1
             (249, 123, 59989)      16.25          0               0               1          1
             (249, 139, 59989)     16.333          0               0               1          1
             (233, 235, 59989)     16.333          0               0               1          1
             (233, 235, 59989)      18.25          0               0               1          1
             (233, 235, 59989)     26.333          0               0               1          1
             (187, 169, 59989)     16.333          0               0               1          1
             (249, 173, 59989)     16.333          0               0               1          1
             (249, 173, 59989)     16.417          0               0               1          1
             (239, 155, 59989)     16.417          0               0               1          1
             (239, 155, 59989)     20.333          0               0               0          1
             (191, 191, 59989)     16.417          0               0               1          1
             (191, 191, 59989)     20.417          0               0               1          1
             (191, 191, 59989)     22.333          0               0               1          1
             (189, 191, 59989)     16.417          0               0               1          1
             (255, 191, 59989)     16.417          0               0               1          1
             (255, 191, 59989)      20.25          0               0               1          1
             (255, 191, 59989)     20.333          0               0               1          1
             (255, 191, 59989)      22.25          0               0               1          1
             (255, 191, 59989)     22.417          0               0               1          1
             (255, 191, 59989)     24.083          0               0               0          1
             (255, 191, 59989)     24.167          0               0               1          1
             (255, 191, 59989)      24.25          0               0               1          1
             (255, 191, 59989)       32.5          0               0               1          1
             (183, 171, 59989)       16.5          0               0               1          1
             (191, 171, 59989)       16.5          0               0               1          1
             (191, 171, 59989)     18.333          0               0               1          1
             (191, 171, 59989)     20.167          0               0               1          1
             (179, 239, 59989)     16.583          0               0               1          1
             (189, 223, 59989)       18.0          0               0               1          1
             (107, 251, 59989)     18.083          0               0               1          1
             (233, 167, 59989)     18.083          0               0               1          1
             (167, 235, 59989)     18.083          0               0               1          1
             (171, 175, 59989)     18.083          0               0               1          1
             (171, 175, 59989)     20.167          0               0               1          1
             (171, 175, 59989)     20.417          0               0               1          1
             (255, 139, 59989)     18.083          0               0               1          1
             (111, 255, 59989)     18.083          0               0               0          1
             (207, 235, 59989)     18.083          0               0               1          1
             (207, 235, 59989)     18.333          0               0               1          1
             (171, 239, 59989)     18.083          0               0               0          1
             (171, 239, 59989)      18.25          0               0               1          1
             (171, 239, 59989)     24.167          0               0               1          1
             (223, 251, 59989)     18.083          0               0               1          1
             (161, 171, 59989)     18.167          0               0               1          1
             (111, 179, 59989)     18.167          0               0               0          1
             (237, 175, 59989)     18.167          0               0               1          1
             (237, 175, 59989)      20.25          0               0               1          1
             (237, 175, 59989)      26.25          0               0               1          1
             (183, 239, 59989)     18.167          0               0               1          1
             (191, 239, 59989)     18.167          0               0               1          1
             (191, 239, 59989)     20.083          0               0               1          1
             (191, 239, 59989)     24.417          0               0               1          1
             (191, 239, 59989)     26.167          0               0               0          1
             (203, 239, 59989)     18.167          0               0               1          1
             (203, 239, 59989)       22.5          0               0               1          1
             (203, 239, 59989)     28.417          0               0               1          1
             (185, 171, 59989)     18.167          0               0               0          1
             (247, 187, 59989)     18.167          0               0               1          1
             (247, 187, 59989)     18.333          0               0               1          1
             (235, 187, 59989)     18.167          0               0               1          2
             (235, 187, 59989)     20.417          0               0               1          1
             (235, 187, 59989)       26.5          0               0               1          1
             (235, 187, 59989)     28.417          0               0               1          1
             (143, 239, 59989)     18.167          0               0               1          1
             (143, 239, 59989)     22.333          0               0               1          1
             (199, 251, 59989)     18.167          0               0               1          1
             (137, 235, 59989)     18.167          0               0               1          1
             (249, 155, 59989)     18.167          0               0               1          1
             (255, 219, 59989)     18.167          0               0               1          1
             (249, 253, 59989)     18.167          0               0               1          1
             (250, 237, 59989)     18.167          0               0               1          1
             (189, 123, 59989)      18.25          0               0               1          1
             (211, 233, 59989)      18.25          0               0               1          1
             (111, 211, 59989)      18.25          0               0               0          1
             (243, 167, 59989)      18.25          0               0               1          1
             (243, 167, 59989)     26.583          0               0               1          1
             (235, 171, 59989)      18.25          0               0               1          1
             (235, 171, 59989)     20.167          0               0               1          1
             (235, 171, 59989)     22.167          0               0               1          1
             (235, 171, 59989)     24.167          0               0               1          1
             (235, 171, 59989)      24.25          0               0               1          1
             (235, 171, 59989)     24.333          0               0               1          1
             (235, 171, 59989)     28.333          0               0               1          1
             (239, 191, 59989)      18.25          0               0               1          1
             (239, 191, 59989)     24.083          0               0               1          1
             (237, 191, 59989)      18.25          0               0               1          1
              (91, 175, 59989)      18.25          0               0               0          1
             (207, 171, 59989)      18.25          0               0               1          1
             (207, 171, 59989)       20.5          0               0               1          1
             (111, 175, 59989)      18.25          0               0               1          1
             (187, 207, 59989)      18.25          0               0               0          1
             (207, 255, 59989)      18.25          0               0               1          1
             (223, 235, 59989)      18.25          0               0               1          1
             (223, 235, 59989)      22.25          0               0               1          1
             (223, 235, 59989)     22.333          0               0               1          1
             (223, 235, 59989)       22.5          0               0               0          1
             (171, 255, 59989)      18.25          0               0               1          1
             (253, 191, 59989)      18.25          0               0               1          1
             (253, 191, 59989)     18.417          0               0               1          1
             (253, 191, 59989)     22.333          0               0               1          1
             (253, 191, 59989)     22.417          0               0               0          1
             (187, 187, 59989)     18.333          0               0               1          2
             (119, 171, 59989)     18.333          0               0               0          1
             (127, 171, 59989)     18.333          0               0               1          1
             (127, 171, 59989)     20.083          0               0               0          1
             (127, 171, 59989)     26.333          0               0               1          1
             (183, 191, 59989)     18.333          0               0               1          1
              (63, 171, 59989)     18.333          0               0               0          1
             (231, 239, 59989)     18.333          0               0               1          1
             (231, 239, 59989)      20.25          0               0               1          1
             (107, 171, 59989)     18.333          0               0               1          1
             (231, 251, 59989)     18.333          0               0               1          1
             (203, 235, 59989)     18.333          0               0               1          1
             (203, 235, 59989)     18.417          0               0               1          1
             (189, 175, 59989)     18.333          0               0               1          1
             (171, 187, 59989)     18.333          0               0               1          1
             (251, 143, 59989)     18.333          0               0               1          1
             (227, 171, 59989)     18.417          0               0               1          1
             (227, 171, 59989)     22.167          0               0               1          1
             (215, 235, 59989)     18.417          0               0               1          1
             (179, 171, 59989)     18.417          0               0               1          1
             (255, 237, 59989)       18.5          0               0               1          1
             (255, 107, 59989)       18.5          0               0               1          1
             (215, 231, 59989)     18.583          0               0               1          1
              (99, 235, 59989)       20.0          0               0               0          1
             (227, 235, 59989)     20.083          0               0               1          1
             (227, 235, 59989)      24.25          0               0               1          1
             (227, 235, 59989)     26.167          0               0               0          1
             (107, 191, 59989)     20.083          0               0               1          1
             (123, 237, 59989)     20.083          0               0               0          1
             (201, 233, 59989)     20.083          0               0               1          1
              (93, 239, 59989)     20.083          0               0               0          1
             (119, 255, 59989)     20.083          0               0               0          1
             (125, 187, 59989)     20.083          0               0               1          1
             (119, 191, 59989)     20.167          0               0               1          1
             (151, 235, 59989)     20.167          0               0               0          1
             (227, 141, 59989)     20.167          0               0               0          1
             (211, 255, 59989)     20.167          0               0               1          1
             (211, 255, 59989)     20.333          0               0               1          1
             (231, 183, 59989)     20.167          0               0               1          1
             (235, 251, 59989)     20.167          0               0               1          1
             (235, 251, 59989)     22.333          0               0               1          1
             (235, 251, 59989)      28.25          0               0               1          1
             (227, 239, 59989)     20.167          0               0               1          1
             (191, 207, 59989)     20.167          0               0               0          1
             (211, 167, 59989)     20.167          0               0               1          1
             (237, 251, 59989)      20.25          0               0               1          1
             (237, 251, 59989)      24.25          0               0               0          1
              (179, 59, 59989)      20.25          0               0               1          1
             (235, 221, 59989)      20.25          0               0               1          1
             (157, 203, 59989)      20.25          0               0               0          1
             (181, 235, 59989)      20.25          0               0               1          1
             (193, 239, 59989)      20.25          0               0               1          1
             (227, 143, 59989)      20.25          0               0               1          1
             (137, 171, 59989)      20.25          0               0               1          1
             (203, 169, 59989)      20.25          0               0               1          1
             (233, 201, 59989)      20.25          0               0               1          1
             (115, 235, 59989)      20.25          0               0               0          1
             (115, 235, 59989)     26.083          0               0               0          1
             (183, 187, 59989)      20.25          0               0               1          1
             (255, 189, 59989)      20.25          0               0               0          1
             (159, 173, 59989)      20.25          0               0               1          1
             (237, 173, 59989)      20.25          0               0               1          1
             (115, 239, 59989)      20.25          0               0               0          1
             (115, 239, 59989)      22.25          0               0               1          1
             (251, 207, 59989)      20.25          0               0               1          1
             (117, 175, 59989)      20.25          0               0               1          1
             (109, 171, 59989)     20.333          0               0               1          1
             (237, 139, 59989)     20.333          0               0               1          1
             (189, 251, 59989)     20.333          0               0               1          1
             (251, 183, 59989)     20.333          0               0               1          1
             (235, 243, 59989)     20.333          0               0               1          1
             (253, 233, 59989)     20.333          0               0               0          1
             (255, 243, 59989)     20.333          0               0               1          1
             (221, 239, 59989)     20.333          0               0               1          1
             (253, 237, 59989)     20.333          0               0               1          1
             (251, 167, 59989)     20.333          0               0               1          1
             (235, 237, 59989)     20.333          0               0               1          1
              (91, 239, 59989)     20.333          0               0               1          1
             (245, 175, 59989)     20.417          0               0               1          1
             (127, 233, 59989)     20.417          0               0               0          1
             (187, 227, 59989)     20.417          0               0               1          1
             (187, 227, 59989)     26.167          0               0               1          1
             (175, 171, 59989)     20.417          0               0               0          1
             (175, 171, 59989)     22.333          0               0               1          1
             (227, 187, 59989)     20.417          0               0               1          1
             (251, 173, 59989)     20.417          0               0               1          1
             (251, 173, 59989)     22.167          0               0               1          1
             (235, 127, 59989)     20.583          0               0               1          1
             (227, 223, 59989)       22.0          0               0               1          1
             (251, 203, 59989)       22.0          0               0               1          1
              (79, 171, 59989)     22.083          0               0               1          1
              (81, 227, 59989)     22.167          0               0               0          1
              (253, 47, 59989)     22.167          0               0               1          1
             (237, 171, 59989)     22.167          0               0               0          1
             (191, 159, 59989)     22.167          0               0               1          1
             (125, 239, 59989)     22.167          0               0               0          1
             (235, 231, 59989)     22.167          0               0               1          1
             (233, 171, 59989)     22.167          0               0               1          1
             (121, 235, 59989)     22.167          0               0               1          1
             (121, 235, 59989)     24.167          0               0               0          1
              (91, 171, 59989)     22.167          0               0               1          1
             (205, 203, 59989)     22.167          0               0               1          1
             (205, 203, 59989)      24.25          0               0               1          1
             (103, 171, 59989)     22.167          0               0               0          1
             (227, 203, 59989)     22.167          0               0               1          1
             (147, 167, 59989)      22.25          0               0               1          1
             (182, 107, 59989)      22.25          0               0               1          1
             (135, 139, 59989)      22.25          0               0               1          1
             (119, 251, 59989)      22.25          0               0               1          1
             (231, 235, 59989)      22.25          0               0               1          1
             (189, 237, 59989)      22.25          0               0               0          1
             (251, 159, 59989)      22.25          0               0               1          1
             (123, 185, 59989)      22.25          0               0               1          1
             (203, 187, 59989)      22.25          0               0               1          1
             (237, 169, 59989)     22.333          0               0               1          1
             (209, 175, 59989)     22.333          0               0               1          1
             (185, 231, 59989)     22.333          0               0               1          1
             (227, 191, 59989)     22.333          0               0               0          1
             (147, 235, 59989)     22.333          0               0               1          1
             (123, 235, 59989)     22.333          0               0               1          1
             (127, 175, 59989)     22.333          0               0               1          1
             (195, 251, 59989)     22.333          0               0               0          1
             (195, 251, 59989)     28.583          0               0               1          1
             (235, 203, 59989)     22.333          0               0               1          1
              (215, 43, 59989)     22.417          0               0               1          1
             (175, 173, 59989)     22.417          0               0               1          1
             (123, 171, 59989)     22.417          0               0               1          1
             (251, 249, 59989)     22.417          0               0               1          1
             (127, 191, 59989)       22.5          0               0               0          1
             (177, 139, 59989)     24.167          0               0               1          1
             (221, 255, 59989)     24.167          0               0               1          1
             (217, 239, 59989)     24.167          0               0               1          1
             (233, 153, 59989)      24.25          0               0               1          1
             (163, 233, 59989)      24.25          0               0               0          1
             (191, 223, 59989)      24.25          0               0               1          1
             (222, 125, 59989)      24.25          0               0               1          1
             (107, 187, 59989)      24.25          0               0               1          1
             (127, 187, 59989)      24.25          0               0               1          1
             (207, 191, 59989)     24.333          0               0               1          1
             (207, 191, 59989)       24.5          0               0               1          1
              (63, 251, 59989)     24.333          0               0               0          1
             (163, 139, 59989)     24.333          0               0               1          1
             (245, 239, 59989)     24.333          0               0               1          1
             (251, 169, 59989)     24.333          0               0               1          1
             (171, 251, 59989)     24.333          0               0               1          1
             (233, 255, 59989)     24.417          0               0               0          1
             (155, 191, 59989)     24.417          0               0               1          1
             (179, 255, 59989)       24.5          0               0               1          1
             (229, 175, 59989)       24.5          0               0               1          1
             (155, 175, 59989)       24.5          0               0               1          1
             (171, 201, 59989)       24.5          0               0               1          1
             (255, 227, 59989)     24.583          0               0               1          1
             (253, 171, 59989)     24.583          0               0               1          1
             (122, 239, 59989)     26.083          0               0               0          1
             (123, 207, 59989)     26.167          0               0               0          1
             (143, 235, 59989)     26.167          0               0               0          1
             (105, 107, 59989)     26.167          0               0               0          1
             (169, 239, 59989)      26.25          0               0               1          1
             (203, 233, 59989)      26.25          0               0               1          1
             (251, 253, 59989)     26.333          0               0               1          1
             (249, 143, 59989)     26.333          0               0               1          1
             (195, 187, 59989)     26.333          0               0               1          1
             (125, 191, 59989)     26.333          0               0               1          1
             (185, 239, 59989)     26.417          0               0               1          1
             (115, 251, 59989)     26.417          0               0               1          1
             (215, 187, 59989)     26.417          0               0               1          1
             (111, 171, 59989)       26.5          0               0               1          1
             (231, 171, 59989)       26.5          0               0               1          1
             (169, 139, 59989)       26.5          0               0               1          1
             (235, 143, 59989)       26.5          0               0               1          1
             (195, 175, 59989)       26.5          0               0               1          1
             (159, 169, 59989)     26.583          0               0               0          1
             (165, 175, 59989)     26.583          0               0               1          1
             (155, 255, 59989)     26.583          0               0               1          1
              (79, 251, 59989)       28.0          0               0               0          1
             (248, 217, 59989)     28.083          0               0               1          1
             (154, 247, 59989)     28.083          0               0               1          1
             (225, 219, 59989)     28.167          0               0               0          1
             (127, 239, 59989)     28.167          0               0               0          1
             (167, 247, 59989)      28.25          0               0               1          1
             (223, 239, 59989)     28.333          0               0               1          1
             (255, 143, 59989)     28.333          0               0               1          1
             (223, 191, 59989)       28.5          0               0               0          1
             (181, 171, 59989)       28.5          0               0               0          1
             (211, 107, 59989)       28.5          0               0               1          1
             (251, 231, 59989)     28.583          0               0               1          1
             (185, 187, 59989)     28.583          0               0               1          1
             (219, 191, 59989)      28.75          0               0               1          1
             (107, 169, 59989)     30.167          0               0               1          1
             (217, 111, 59989)      30.25          0               0               1          1
             (219, 223, 59989)     30.333          0               0               1          1
             (225, 139, 59989)       30.5          0               0               1          1
             (161, 155, 59989)       30.5          0               0               1          1
             (163, 167, 59989)     30.583          0               0               1          1
