inputs: [1027343]/1000 samples
product                 energy   A*B=out      cfhs    chains  num 
(3957, 243, 1027343)        4.0          0     0     1     3
(3957, 243, 1027343)      4.083          0     0     1     1
(3957, 243, 1027343)        8.0          0     0     1     3
(3957, 243, 1027343)      8.083          0     0     1     4
(3957, 243, 1027343)     10.083          0     0     1     1
(3957, 243, 1027343)     10.167          0     0     1     1
(3957, 243, 1027343)       12.0          0     0     1     1
(4085, 243, 1027343)      6.083          0     0     1     2
(4085, 243, 1027343)      8.083          0     0     1     1
(4085, 243, 1027343)       8.25          0     0     1     1
(4085, 243, 1027343)     10.083          0     0     1     1
(3773, 251, 1027343)      6.167          0     0     1     2
(3773, 251, 1027343)      8.083          0     0     1     1
(3773, 251, 1027343)      8.167          0     0     1     2
(3773, 251, 1027343)       8.25          0     0     1     1
(3773, 251, 1027343)     10.083          0     0     1     1
(3773, 251, 1027343)     10.167          0     0     1     1
(3773, 251, 1027343)     12.167          0     0     1     1
(3773, 251, 1027343)     12.333          0     0     1     1
(3773, 251, 1027343)      14.25          0     0     1     1
(3773, 251, 1027343)      16.25          0     0     1     1
(3773, 251, 1027343)      18.25          0     0     1     1
(3773, 251, 1027343)      20.25          0     0     1     1
(4069, 253, 1027343)        8.0          0     0     1     6
(4069, 253, 1027343)      8.083          0     0     1     1
(4069, 253, 1027343)     10.167          0     0     1     1
(4069, 253, 1027343)     12.083          0     0     1     1
(4069, 253, 1027343)      12.25          0     0     1     1
(4069, 253, 1027343)     14.083          0     0     1     1
(4069, 253, 1027343)     14.167          0     0     1     1
(4069, 253, 1027343)     18.083          0     0     1     1
(3773, 255, 1027343)       10.0          0     0     1     1
(3773, 255, 1027343)     10.083          0     0     1     1
(3773, 255, 1027343)     10.167          0     0     1     4
(3773, 255, 1027343)     12.083          0     0     1     3
(3773, 255, 1027343)     12.167          0     0     1     1
(3773, 255, 1027343)      12.25          0     0     1     1
(3773, 255, 1027343)     14.083          0     0     1     1
(3773, 255, 1027343)     14.167          0     0     1     2
(3773, 255, 1027343)     18.333          0     0     1     1
(3829, 249, 1027343)       10.0          0     0     1     7
(3829, 249, 1027343)     10.083          0     0     1     7
(3829, 249, 1027343)     10.167          0     0     1     3
(3829, 249, 1027343)       12.0          0     0     1     9
(3829, 249, 1027343)     12.083          0     0     1    20
(3829, 249, 1027343)     12.167          0     0     1     9
(3829, 249, 1027343)      12.25          0     0     1     2
(3829, 249, 1027343)     12.333          0     0     1     1
(3829, 249, 1027343)       14.0          0     0     1     1
(3829, 249, 1027343)     14.083          0     0     1     6
(3829, 249, 1027343)     14.167          0     0     1     4
(3829, 249, 1027343)      14.25          0     0     1     3
(3829, 249, 1027343)     14.333          0     0     1     1
(3829, 249, 1027343)     16.083          0     0     1     4
(3829, 249, 1027343)     16.167          0     0     1     5
(3829, 249, 1027343)      16.25          0     0     1     4
(3829, 249, 1027343)     16.333          0     0     1     3
(3829, 249, 1027343)       18.0          0     0     1     1
(3829, 249, 1027343)      18.25          0     0     1     3
(3829, 249, 1027343)     18.333          0     0     1     2
(3829, 249, 1027343)     20.083          0     0     0     1
(3829, 249, 1027343)      20.25          0     0     1     1
(3829, 249, 1027343)     20.333          0     0     1     1
(3829, 249, 1027343)     20.417          0     0     1     2
(3829, 249, 1027343)     22.333          0     0     1     1
(3829, 249, 1027343)      24.25          0     0     1     1
(3829, 249, 1027343)     24.417          0     0     1     1
(3765, 249, 1027343)       10.0          0     0     1     1
(3765, 249, 1027343)     10.083          0     0     1     8
(3765, 249, 1027343)     10.167          0     0     1    12
(3765, 249, 1027343)      10.25          0     0     1    16
(3765, 249, 1027343)     10.333          0     0     1     3
(3765, 249, 1027343)       12.0          0     0     1     1
(3765, 249, 1027343)     12.083          0     0     1    12
(3765, 249, 1027343)     12.167          0     0     1    29
(3765, 249, 1027343)      12.25          0     0     1    18
(3765, 249, 1027343)     12.333          0     0     1     3
(3765, 249, 1027343)       14.0          0     0     1     1
(3765, 249, 1027343)     14.083          0     0     1     2
(3765, 249, 1027343)     14.167          0     0     1    25
(3765, 249, 1027343)      14.25          0     0     1    25
(3765, 249, 1027343)     14.333          0     0     1     9
(3765, 249, 1027343)     14.417          0     0     1     2
(3765, 249, 1027343)     16.083          0     0     1     5
(3765, 249, 1027343)     16.167          0     0     1    10
(3765, 249, 1027343)      16.25          0     0     1    16
(3765, 249, 1027343)     16.333          0     0     1    13
(3765, 249, 1027343)     16.417          0     0     1     3
(3765, 249, 1027343)     18.083          0     0     1     1
(3765, 249, 1027343)     18.167          0     0     1     5
(3765, 249, 1027343)      18.25          0     0     1     8
(3765, 249, 1027343)     18.333          0     0     1     6
(3765, 249, 1027343)     18.417          0     0     1     3
(3765, 249, 1027343)       18.5          0     0     1     1
(3765, 249, 1027343)     18.583          0     0     1     1
(3765, 249, 1027343)     20.167          0     0     1     2
(3765, 249, 1027343)      20.25          0     0     1     6
(3765, 249, 1027343)      20.25          0     0     0     1
(3765, 249, 1027343)     20.333          0     0     1     2
(3765, 249, 1027343)     20.417          0     0     1     2
(3765, 249, 1027343)       20.5          0     0     1     2
(3765, 249, 1027343)     22.167          0     0     0     1
(3765, 249, 1027343)      22.25          0     0     1     3
(3765, 249, 1027343)     22.333          0     0     1     1
(3765, 249, 1027343)     22.417          0     0     1     3
(3765, 249, 1027343)     24.417          0     0     1     1
(3765, 249, 1027343)      26.25          0     0     1     1
(3765, 249, 1027343)     26.417          0     0     1     1
(3765, 249, 1027343)     28.333          0     0     1     1
(4005, 253, 1027343)     10.083          0     0     1     2
(4005, 253, 1027343)     10.167          0     0     1     1
(4005, 253, 1027343)     12.083          0     0     1     1
(4005, 253, 1027343)     12.167          0     0     1     1
(4005, 253, 1027343)     14.083          0     0     1     2
(4005, 253, 1027343)      14.25          0     0     1     1
(4005, 253, 1027343)      16.25          0     0     1     1
(4005, 253, 1027343)     18.333          0     0     1     1
(4069, 249, 1027343)     10.083          0     0     1     4
(4069, 249, 1027343)     10.167          0     0     1     1
(4069, 249, 1027343)     12.083          0     0     1     5
(4069, 249, 1027343)      12.25          0     0     1     2
(4069, 249, 1027343)     14.083          0     0     1     1
(4069, 249, 1027343)     14.167          0     0     1     2
(4069, 249, 1027343)     16.167          0     0     1     1
(4069, 249, 1027343)     28.417          0     0     1     1
(3989, 243, 1027343)     10.083          0     0     1     2
(3989, 243, 1027343)      10.25          0     0     1     1
(3989, 243, 1027343)      12.25          0     0     1     1
(3989, 243, 1027343)      14.25          0     0     1     1
(3989, 243, 1027343)     16.083          0     0     1     1
(3989, 243, 1027343)     16.167          0     0     1     1
(3989, 243, 1027343)     16.333          0     0     1     1
(3989, 243, 1027343)      18.25          0     0     1     1
(3989, 243, 1027343)     18.333          0     0     1     1
(3989, 243, 1027343)     20.333          0     0     1     1
(3989, 243, 1027343)       20.5          0     0     1     1
(3989, 251, 1027343)     10.083          0     0     1     1
(3989, 251, 1027343)       12.0          0     0     1     1
(3989, 251, 1027343)     12.083          0     0     1     1
(3989, 251, 1027343)      12.25          0     0     1     1
(3989, 251, 1027343)     12.333          0     0     1     1
(3989, 251, 1027343)     14.167          0     0     1     1
(3989, 251, 1027343)      14.25          0     0     1     1
(3989, 251, 1027343)     14.333          0     0     1     2
(3989, 251, 1027343)     14.583          0     0     1     1
(3989, 251, 1027343)       16.0          0     0     1     1
(3989, 251, 1027343)     16.167          0     0     1     1
(3989, 251, 1027343)     18.333          0     0     1     2
(3989, 251, 1027343)     18.417          0     0     1     1
(3989, 251, 1027343)     20.167          0     0     1     1
(3989, 251, 1027343)     20.333          0     0     1     1
(3989, 251, 1027343)      24.25          0     0     1     1
(3973, 243, 1027343)     10.083          0     0     1     2
(3973, 243, 1027343)       12.0          0     0     1     1
(3973, 243, 1027343)     12.083          0     0     1     2
(3973, 243, 1027343)       14.0          0     0     1     2
(3973, 243, 1027343)     14.083          0     0     1     3
(3973, 243, 1027343)     14.167          0     0     1     2
(3973, 243, 1027343)      14.25          0     0     1     3
(3973, 243, 1027343)     14.333          0     0     1     1
(3973, 243, 1027343)       16.0          0     0     1     2
(3973, 243, 1027343)     16.083          0     0     1     3
(3973, 243, 1027343)     16.167          0     0     1     3
(3973, 243, 1027343)      16.25          0     0     1     2
(3973, 243, 1027343)     16.333          0     0     1     1
(3973, 243, 1027343)     16.417          0     0     1     1
(3973, 243, 1027343)     18.083          0     0     1     1
(3973, 243, 1027343)     18.167          0     0     1     1
(3973, 243, 1027343)      18.25          0     0     1     2
(3973, 243, 1027343)     18.333          0     0     1     2
(3973, 243, 1027343)     18.417          0     0     1     1
(3973, 243, 1027343)     20.167          0     0     1     1
(3973, 243, 1027343)     20.333          0     0     1     1
(3973, 243, 1027343)     20.417          0     0     1     1
(3973, 243, 1027343)      22.25          0     0     1     3
(3973, 243, 1027343)     22.333          0     0     1     1
(3973, 243, 1027343)     24.417          0     0     1     1
(4053, 243, 1027343)     10.083          0     0     1     1
(4053, 243, 1027343)     12.083          0     0     1     2
(4053, 243, 1027343)     12.167          0     0     1     2
(4053, 243, 1027343)     14.083          0     0     1     2
(4053, 243, 1027343)     18.167          0     0     0     2
(4053, 243, 1027343)     18.167          0     0     1     1
(4053, 243, 1027343)      18.25          0     0     1     1
(3773, 253, 1027343)     10.167          0     0     1     2
(3773, 253, 1027343)      10.25          0     0     1     1
(3773, 253, 1027343)     10.333          0     0     1     2
(3773, 253, 1027343)     12.167          0     0     1     3
(3773, 253, 1027343)      12.25          0     0     1     1
(3773, 253, 1027343)     12.333          0     0     1     1
(3773, 253, 1027343)     14.333          0     0     1     1
(3773, 253, 1027343)     16.167          0     0     1     1
(4021, 249, 1027343)     10.167          0     0     1     1
(4021, 249, 1027343)      10.25          0     0     1     5
(4021, 249, 1027343)     12.083          0     0     1     1
(4021, 249, 1027343)     12.167          0     0     1     2
(4021, 249, 1027343)      12.25          0     0     1     3
(4021, 249, 1027343)     12.333          0     0     1     1
(4021, 249, 1027343)     12.417          0     0     1     3
(4021, 249, 1027343)     14.083          0     0     1     3
(4021, 249, 1027343)     14.167          0     0     1     4
(4021, 249, 1027343)      14.25          0     0     1     3
(4021, 249, 1027343)     14.333          0     0     1     8
(4021, 249, 1027343)      16.25          0     0     1     5
(4021, 249, 1027343)      16.25          0     0     0     1
(4021, 249, 1027343)     16.333          0     0     1     5
(4021, 249, 1027343)     16.417          0     0     1     2
(4021, 249, 1027343)      18.25          0     0     1     3
(4021, 249, 1027343)     18.417          0     0     1     1
(4021, 249, 1027343)     20.583          0     0     1     1
(4005, 249, 1027343)     10.167          0     0     1     1
(4005, 249, 1027343)     12.167          0     0     1     2
(4005, 249, 1027343)      12.25          0     0     1     1
(4005, 249, 1027343)     14.083          0     0     0     1
(4005, 249, 1027343)      16.25          0     0     1     2
(4005, 249, 1027343)     18.167          0     0     1     1
(4005, 249, 1027343)      18.25          0     0     1     2
(4005, 249, 1027343)     20.167          0     0     1     1
(4005, 249, 1027343)      20.25          0     0     1     1
(4005, 249, 1027343)     30.417          0     0     0     1
(4005, 247, 1027343)     10.167          0     0     1     1
(4005, 247, 1027343)      14.25          0     0     1     1
(4037, 245, 1027343)     10.167          0     0     1     2
(4037, 245, 1027343)      10.25          0     0     1     2
(4037, 245, 1027343)     12.167          0     0     1     1
(4037, 245, 1027343)     14.083          0     0     1     1
(4037, 245, 1027343)     16.083          0     0     1     1
(4037, 245, 1027343)     16.167          0     0     1     2
(4037, 245, 1027343)     16.333          0     0     1     2
(4037, 245, 1027343)     18.167          0     0     1     1
(4037, 245, 1027343)      18.25          0     0     1     1
(3773, 247, 1027343)     10.167          0     0     1     1
(3773, 247, 1027343)     14.167          0     0     1     2
(3773, 247, 1027343)      14.25          0     0     1     1
(3773, 247, 1027343)     16.167          0     0     1     1
(3773, 247, 1027343)      16.25          0     0     1     2
(3829, 243, 1027343)      10.25          0     0     1     1
(3829, 243, 1027343)       14.0          0     0     1     1
(3829, 243, 1027343)     14.083          0     0     1     2
(3829, 243, 1027343)     14.167          0     0     1     1
(3829, 243, 1027343)      14.25          0     0     1     2
(3829, 243, 1027343)     14.333          0     0     1     2
(3829, 243, 1027343)     16.167          0     0     1     1
(3829, 243, 1027343)      16.25          0     0     1     1
(3829, 243, 1027343)     18.333          0     0     1     1
(3829, 243, 1027343)       18.5          0     0     1     1
(3829, 243, 1027343)     20.583          0     0     1     1
(4037, 117, 1027343)      10.25          0     0     1     1
(3765, 243, 1027343)     10.333          0     0     1     1
(3765, 243, 1027343)      12.25          0     0     1     2
(3765, 243, 1027343)     12.333          0     0     1     3
(3765, 243, 1027343)     12.417          0     0     1     2
(3765, 243, 1027343)     14.167          0     0     1     1
(3765, 243, 1027343)      16.25          0     0     1     1
(3765, 243, 1027343)      18.25          0     0     0     1
(3765, 243, 1027343)     18.333          0     0     1     1
(3829, 251, 1027343)     12.083          0     0     1     2
(3829, 251, 1027343)      12.25          0     0     1     1
(3765, 255, 1027343)     12.083          0     0     1     1
(3765, 255, 1027343)     14.167          0     0     1     1
(3765, 255, 1027343)      16.25          0     0     1     1
(3813, 251, 1027343)     12.083          0     0     1     1
(3813, 251, 1027343)     12.167          0     0     1     2
(3813, 251, 1027343)      12.25          0     0     1     2
(3813, 251, 1027343)     12.333          0     0     1     1
(3813, 251, 1027343)     14.083          0     0     1     1
(3813, 251, 1027343)     14.167          0     0     1     2
(3813, 251, 1027343)      14.25          0     0     1     2
(3813, 251, 1027343)     14.333          0     0     1     2
(3813, 251, 1027343)     16.083          0     0     1     1
(3813, 251, 1027343)     16.167          0     0     1     1
(3813, 251, 1027343)     16.333          0     0     1     1
(3813, 251, 1027343)     18.167          0     0     1     1
(3813, 251, 1027343)      18.25          0     0     1     1
(3637, 249, 1027343)     12.083          0     0     1     2
(3637, 249, 1027343)     12.167          0     0     1     1
(3637, 249, 1027343)     14.083          0     0     1     1
(3637, 249, 1027343)     14.167          0     0     1     1
(3637, 249, 1027343)     16.167          0     0     1     1
(3637, 249, 1027343)      16.25          0     0     1     1
(3637, 249, 1027343)     18.083          0     0     1     1
(3637, 249, 1027343)      18.25          0     0     1     1
(3637, 249, 1027343)     20.167          0     0     1     1
(3989, 249, 1027343)     12.167          0     0     1     1
(3989, 249, 1027343)     12.333          0     0     1     1
(3989, 249, 1027343)     14.167          0     0     1     3
(3989, 249, 1027343)      14.25          0     0     1     1
(3989, 249, 1027343)      16.25          0     0     1     1
(3989, 249, 1027343)     20.167          0     0     1     1
(3989, 249, 1027343)     20.417          0     0     1     1
(3989, 249, 1027343)     24.417          0     0     1     1
(3813, 243, 1027343)     12.167          0     0     1     1
(3813, 243, 1027343)     12.333          0     0     1     1
(3813, 243, 1027343)     14.417          0     0     1     1
(3813, 243, 1027343)     16.167          0     0     1     1
(3813, 243, 1027343)     16.417          0     0     1     1
(3813, 243, 1027343)     18.417          0     0     1     1
(3813, 243, 1027343)       18.5          0     0     1     1
(3813, 243, 1027343)       24.5          0     0     1     1
(4069, 251, 1027343)     12.167          0     0     1     1
(3773, 245, 1027343)     12.167          0     0     1     1
(3773, 245, 1027343)      12.25          0     0     1     4
(3773, 245, 1027343)     14.333          0     0     1     2
(4005, 243, 1027343)     12.167          0     0     1     1
(4005, 243, 1027343)      12.25          0     0     1     1
(4005, 243, 1027343)     14.167          0     0     1     1
(4005, 243, 1027343)      14.25          0     0     1     2
(4005, 243, 1027343)     16.083          0     0     1     1
(4005, 243, 1027343)     16.167          0     0     1     2
(4005, 243, 1027343)      16.25          0     0     1     7
(4005, 243, 1027343)     16.333          0     0     1     3
(4005, 243, 1027343)     18.167          0     0     1     2
(4005, 243, 1027343)      18.25          0     0     1     3
(4005, 243, 1027343)     18.333          0     0     1     2
(4005, 243, 1027343)     20.167          0     0     1     1
(4005, 243, 1027343)     20.333          0     0     1     1
(4005, 243, 1027343)       20.5          0     0     1     1
(4005, 243, 1027343)     22.167          0     0     1     1
(4005, 243, 1027343)     22.333          0     0     1     1
(4005, 243, 1027343)     22.417          0     0     1     2
(4005, 243, 1027343)     24.417          0     0     1     1
(3765, 247, 1027343)      12.25          0     0     1     2
(3765, 247, 1027343)     12.333          0     0     1     1
(3765, 247, 1027343)     14.083          0     0     1     1
(3765, 247, 1027343)     14.167          0     0     1     1
(3765, 247, 1027343)      14.25          0     0     1     1
(3765, 247, 1027343)     16.167          0     0     1     1
(3765, 247, 1027343)      18.25          0     0     1     2
(3765, 247, 1027343)     20.167          0     0     1     2
(3773, 241, 1027343)      12.25          0     0     1     1
(3773, 241, 1027343)     14.333          0     0     1     1
(3773, 241, 1027343)     16.417          0     0     1     1
(3765, 251, 1027343)     12.417          0     0     1     1
(3765, 251, 1027343)     14.167          0     0     1     2
(3765, 251, 1027343)      14.25          0     0     1     1
(3765, 251, 1027343)     16.167          0     0     1     1
(3765, 251, 1027343)      16.25          0     0     1     2
(3765, 251, 1027343)     20.333          0     0     1     1
(3765, 251, 1027343)     20.583          0     0     1     1
(3765, 251, 1027343)     22.333          0     0     1     1
(3765, 251, 1027343)     22.417          0     0     1     1
(3765, 251, 1027343)       24.5          0     0     1     1
(3765, 251, 1027343)       26.5          0     0     1     1
(4005, 251, 1027343)     14.083          0     0     1     1
(4005, 251, 1027343)     14.167          0     0     1     2
(4005, 251, 1027343)     16.167          0     0     1     2
(4005, 251, 1027343)       22.5          0     0     1     1
(3973, 247, 1027343)     14.083          0     0     1     1
(3973, 247, 1027343)      18.25          0     0     1     2
(3973, 247, 1027343)     18.333          0     0     1     2
(3973, 247, 1027343)      20.25          0     0     1     1
(4021, 241, 1027343)     14.167          0     0     1     1
(4021, 241, 1027343)     14.333          0     0     1     1
(4021, 241, 1027343)       16.5          0     0     1     1
(4021, 241, 1027343)       18.5          0     0     1     1
(4037, 241, 1027343)     14.167          0     0     1     1
(4037, 241, 1027343)      14.25          0     0     1     1
(4037, 241, 1027343)       16.5          0     0     1     1
(4037, 241, 1027343)     18.417          0     0     1     1
(3829, 241, 1027343)     14.167          0     0     1     1
(3829, 241, 1027343)      16.25          0     0     1     1
(4007, 249, 1027343)     14.167          0     0     1     1
(3813, 253, 1027343)     14.167          0     0     1     1
(3813, 253, 1027343)      14.25          0     0     1     1
(3813, 253, 1027343)     16.083          0     0     1     1
(3813, 253, 1027343)     16.167          0     0     1     2
(3813, 253, 1027343)      18.25          0     0     1     1
(3813, 253, 1027343)     18.333          0     0     1     1
(3813, 253, 1027343)     20.333          0     0     1     1
(3813, 253, 1027343)     22.333          0     0     1     2
(3813, 253, 1027343)     24.083          0     0     1     1
(3813, 253, 1027343)     24.333          0     0     1     1
(3813, 249, 1027343)     14.167          0     0     1     1
(3813, 249, 1027343)      14.25          0     0     1     1
(3813, 249, 1027343)     14.333          0     0     1     1
(3813, 249, 1027343)     14.417          0     0     1     1
(3813, 249, 1027343)     16.167          0     0     1     1
(3813, 249, 1027343)      16.25          0     0     1     2
(3813, 249, 1027343)     16.333          0     0     1     1
(3813, 249, 1027343)     16.417          0     0     1     2
(3813, 249, 1027343)     18.167          0     0     1     1
(3813, 249, 1027343)      18.25          0     0     1     4
(3813, 249, 1027343)     18.333          0     0     1     6
(3813, 249, 1027343)     18.417          0     0     1     1
(3813, 249, 1027343)       18.5          0     0     1     1
(3813, 249, 1027343)     18.583          0     0     1     1
(3813, 249, 1027343)     20.167          0     0     1     1
(3813, 249, 1027343)      20.25          0     0     1     4
(3813, 249, 1027343)     20.333          0     0     1     4
(3813, 249, 1027343)     20.417          0     0     1     3
(3813, 249, 1027343)      22.25          0     0     1     2
(3813, 249, 1027343)     22.333          0     0     1     3
(3813, 249, 1027343)       22.5          0     0     1     1
(3813, 249, 1027343)     24.333          0     0     1     1
(3813, 249, 1027343)     24.417          0     0     1     1
(3813, 249, 1027343)     26.417          0     0     1     1
(3813, 249, 1027343)     28.417          0     0     1     1
(3813, 249, 1027343)       28.5          0     0     1     1
(4071, 249, 1027343)      14.25          0     0     0     1
(3773, 249, 1027343)     14.333          0     0     1     1
(3645, 247, 1027343)     16.083          0     0     0     1
(3765, 217, 1027343)     16.083          0     0     1     2
(3765, 217, 1027343)     16.167          0     0     1     1
(3765, 217, 1027343)       18.0          0     0     1     1
(3765, 217, 1027343)     26.333          0     0     1     1
(3813, 237, 1027343)     16.083          0     0     1     1
(3813, 237, 1027343)     16.167          0     0     1     2
(3813, 237, 1027343)      18.25          0     0     1     1
(3813, 237, 1027343)     20.167          0     0     1     1
(3813, 237, 1027343)     20.333          0     0     1     1
(3813, 237, 1027343)      22.25          0     0     1     1
(3909, 243, 1027343)     16.083          0     0     0     1
(3813, 233, 1027343)     16.083          0     0     1     1
(3813, 233, 1027343)     18.083          0     0     1     1
(3813, 233, 1027343)     18.167          0     0     1     2
(3813, 233, 1027343)      18.25          0     0     1     3
(3813, 233, 1027343)     20.083          0     0     1     1
(3813, 233, 1027343)     20.333          0     0     1     1
(3813, 233, 1027343)      24.25          0     0     1     2
(3813, 233, 1027343)     24.333          0     0     1     1
(4053, 251, 1027343)     16.167          0     0     1     1
(4037, 253, 1027343)     16.167          0     0     1     1
(3765, 245, 1027343)     16.167          0     0     1     1
(3765, 245, 1027343)     20.333          0     0     1     1
(3765, 253, 1027343)     16.167          0     0     1     1
(3765, 253, 1027343)       18.5          0     0     1     1
(3765, 253, 1027343)     22.333          0     0     1     1
(3765, 253, 1027343)      24.25          0     0     1     1
(3765, 253, 1027343)     26.333          0     0     1     1
(4037, 243, 1027343)     16.167          0     0     1     1
(4037, 243, 1027343)      16.25          0     0     1     1
(4053, 241, 1027343)     16.167          0     0     1     1
(4053, 241, 1027343)     20.167          0     0     1     1
(3717, 243, 1027343)     16.167          0     0     1     1
(3717, 243, 1027343)     16.333          0     0     1     1
(3717, 243, 1027343)     18.167          0     0     1     1
(3717, 243, 1027343)      18.25          0     0     1     3
(3717, 243, 1027343)     18.333          0     0     1     1
(3717, 243, 1027343)     20.167          0     0     1     1
(3717, 243, 1027343)      20.25          0     0     1     3
(3717, 243, 1027343)     20.333          0     0     1     2
(3717, 243, 1027343)     20.417          0     0     1     1
(3717, 243, 1027343)     22.083          0     0     1     1
(3717, 243, 1027343)      22.25          0     0     1     2
(3717, 243, 1027343)     22.333          0     0     1     1
(3717, 243, 1027343)     24.333          0     0     1     1
(3717, 243, 1027343)     24.417          0     0     1     1
(3829, 253, 1027343)      16.25          0     0     1     1
(3989, 241, 1027343)      16.25          0     0     1     1
(3989, 241, 1027343)     20.167          0     0     1     1
(3989, 241, 1027343)     20.333          0     0     1     1
(3989, 241, 1027343)     22.167          0     0     1     1
(3989, 241, 1027343)     22.417          0     0     1     1
(3989, 241, 1027343)       22.5          0     0     1     1
(3989, 241, 1027343)     22.583          0     0     1     1
(3989, 241, 1027343)     24.333          0     0     1     1
(3989, 241, 1027343)     24.417          0     0     1     1
(3765, 241, 1027343)      16.25          0     0     1     1
(3765, 241, 1027343)     16.333          0     0     1     2
(3765, 241, 1027343)      18.25          0     0     1     2
(3765, 241, 1027343)     18.417          0     0     1     1
(3765, 241, 1027343)      20.25          0     0     1     1
(3765, 241, 1027343)     22.417          0     0     1     1
(3765, 241, 1027343)       24.5          0     0     1     1
(3765, 121, 1027343)      16.25          0     0     1     1
(3765, 121, 1027343)       22.5          0     0     1     1
(3973, 179, 1027343)     16.333          0     0     1     1
(3813, 121, 1027343)     16.417          0     0     1     1
(3973, 241, 1027343)     18.083          0     0     1     1
(3973, 241, 1027343)     18.167          0     0     1     1
(3973, 241, 1027343)     20.167          0     0     1     1
(3973, 241, 1027343)     22.333          0     0     1     1
(3973, 241, 1027343)      24.25          0     0     1     1
(3973, 241, 1027343)     24.333          0     0     1     2
(3973, 241, 1027343)     24.417          0     0     1     1
(3973, 241, 1027343)       24.5          0     0     1     1
(3829, 209, 1027343)     18.167          0     0     1     1
(3461, 243, 1027343)     18.167          0     0     0     1
(3253, 249, 1027343)      18.25          0     0     1     1
(3253, 249, 1027343)     20.167          0     0     1     1
(3253, 249, 1027343)     20.333          0     0     1     1
(3253, 249, 1027343)     28.333          0     0     1     1
(3717, 211, 1027343)      18.25          0     0     1     2
(3717, 211, 1027343)      20.25          0     0     1     1
(3717, 211, 1027343)     22.417          0     0     1     2
(3717, 211, 1027343)      24.25          0     0     1     1
(3797, 243, 1027343)      18.25          0     0     0     1
(3717, 247, 1027343)      18.25          0     0     1     1
(3717, 247, 1027343)      20.25          0     0     1     1
(3717, 247, 1027343)     20.417          0     0     1     1
(3717, 247, 1027343)       24.5          0     0     1     1
(3813, 227, 1027343)      18.25          0     0     1     1
(1765, 249, 1027343)     18.333          0     0     0     1
(4071, 245, 1027343)     18.417          0     0     0     1
(4004, 253, 1027343)     20.167          0     0     0     1
(3813, 235, 1027343)     20.167          0     0     1     2
(3815, 253, 1027343)      20.25          0     0     0     1
(3717, 241, 1027343)      20.25          0     0     1     1
(4037, 113, 1027343)     20.417          0     0     1     1
(4069, 241, 1027343)      22.25          0     0     1     1
(3301, 251, 1027343)      22.25          0     0     1     1
(4005, 241, 1027343)      22.25          0     0     1     1
(4005, 241, 1027343)     28.333          0     0     1     1
(3765, 189, 1027343)     22.333          0     0     1     1
(3765, 189, 1027343)       34.5          0     0     1     1
(3973, 253, 1027343)     22.333          0     0     1     1
(3813, 245, 1027343)     22.333          0     0     1     1
(3813, 241, 1027343)     22.417          0     0     1     1
(3813, 241, 1027343)       24.5          0     0     1     1
(3813, 241, 1027343)     28.417          0     0     1     1
(3637, 217, 1027343)     24.167          0     0     1     1
