inputs: 961/1000 samples
                      [output]   [energy]  [A*B=out] [truth of cfas] [truth of chains]      [num]
                 (31, 31, 961)        0.0          1               1               1        101
                 (31, 31, 961)      3.042          1               0               1          1
                 (31, 31, 961)      4.083          1               0               1          1
                 (31, 31, 961)        6.0          1               0               1          3
                 (31, 31, 961)      6.083          1               0               1          1
                 (31, 31, 961)      7.042          1               0               1          1
                 (31, 31, 961)      9.125          1               0               1          3
                 (31, 31, 961)     11.125          1               0               1          1
                 (31, 31, 961)     12.083          1               0               1          1
                 (29, 21, 961)        4.0          0               0               1         17
                 (29, 21, 961)        6.0          0               0               1          3
                 (29, 21, 961)       6.25          0               0               1          1
                 (29, 21, 961)        6.5          0               0               1          1
                 (29, 21, 961)        8.0          0               0               1          3
                 (29, 21, 961)      8.083          0               0               1          1
                 (29, 21, 961)       12.0          0               0               1          1
                 (29, 29, 961)        4.0          0               0               1        102
                 (29, 29, 961)      4.958          0               0               1          2
                 (29, 29, 961)      5.917          0               0               1          3
                 (29, 29, 961)        6.0          0               0               1         26
                 (29, 29, 961)      6.083          0               0               1          2
                 (29, 29, 961)      6.167          0               0               1          2
                 (29, 29, 961)      6.875          0               0               1          1
                 (29, 29, 961)      6.958          0               0               1          3
                 (29, 29, 961)      7.125          0               0               1          5
                 (29, 29, 961)        8.0          0               0               1         13
                 (29, 29, 961)      8.083          0               0               1          9
                 (29, 29, 961)      8.167          0               0               1          2
                 (29, 29, 961)       8.25          0               0               1          2
                 (29, 29, 961)      8.333          0               0               1          1
                 (29, 29, 961)      9.125          0               0               1          2
                 (29, 29, 961)      9.375          0               0               1          1
                 (29, 29, 961)       10.0          0               0               1          1
                 (29, 29, 961)     10.083          0               0               1          2
                 (29, 29, 961)     10.167          0               0               1          1
                 (29, 29, 961)      10.25          0               0               1          1
                 (29, 29, 961)     11.042          0               0               1          1
                 (29, 29, 961)     11.125          0               0               1          1
                 (29, 29, 961)     12.083          0               0               1          1
                 (29, 29, 961)     12.333          0               0               1          1
                 (29, 29, 961)     14.083          0               0               1          1
                 (23, 31, 961)        4.0          0               0               1          8
                 (23, 31, 961)        6.0          0               0               1          3
                 (23, 31, 961)        8.0          0               0               1          2
                 (23, 31, 961)       10.0          0               0               1          1
                 (23, 31, 961)       12.0          0               0               0          1
                 (23, 23, 961)        4.0          0               0               1          1
                 (23, 23, 961)        8.0          0               0               1          1
                 (23, 23, 961)      8.083          0               0               1          1
                 (31, 27, 961)        4.0          0               0               1          3
                 (31, 27, 961)        6.0          0               0               1          1
                 (31, 27, 961)      7.125          0               0               1          1
                 (31, 27, 961)      9.125          0               0               1          4
                 (31, 27, 961)       12.0          0               0               1          1
                 (31, 23, 961)        4.0          0               0               1          3
                 (31, 23, 961)        6.0          0               0               1          1
                 (31, 23, 961)      6.083          0               0               1          1
                 (27, 31, 961)        4.0          0               0               1         20
                 (27, 31, 961)        6.0          0               0               1          5
                 (27, 31, 961)        8.0          0               0               1          1
                 (27, 31, 961)       10.0          0               0               1          3
                 (27, 31, 961)     13.125          0               0               1          1
                 (31, 29, 961)        4.0          0               0               1          1
                 (31, 29, 961)        6.0          0               0               1          4
                 (31, 29, 961)       10.0          0               0               1          1
                 (27, 27, 961)        4.0          0               0               1         18
                 (27, 27, 961)      4.083          0               0               1          1
                 (27, 27, 961)        6.0          0               0               1          9
                 (27, 27, 961)        6.0          0               0               0          1
                 (27, 27, 961)       6.25          0               0               1          1
                 (27, 27, 961)        8.0          0               0               1          3
                 (27, 27, 961)       10.0          0               0               1          2
                 (27, 27, 961)     12.083          0               0               1          1
                 (27, 27, 961)     14.083          0               0               1          1
                 (29, 31, 961)        4.0          0               0               1         68
                 (29, 31, 961)        6.0          0               0               1         31
                 (29, 31, 961)      6.958          0               0               1          1
                 (29, 31, 961)        8.0          0               0               1          9
                 (29, 31, 961)      8.083          0               0               1          1
                 (29, 31, 961)      8.958          0               0               1          1
                 (29, 31, 961)       10.0          0               0               1          4
                 (29, 31, 961)     10.083          0               0               1          3
                 (29, 31, 961)     11.042          0               0               1          3
                 (29, 31, 961)     11.292          0               0               1          1
                 (29, 31, 961)       12.0          0               0               1          1
                 (29, 31, 961)     12.083          0               0               1          1
                 (29, 31, 961)       14.0          0               0               1          1
                 (31, 15, 961)      4.083          0               0               1          1
                 (31, 15, 961)        6.0          0               0               1          1
                 (31, 15, 961)        8.0          0               0               1          1
                 (31, 15, 961)      8.958          0               0               1          1
                 (31, 15, 961)       10.0          0               0               1          1
                 (29, 24, 961)        6.0          0               0               1          4
                 (29, 24, 961)       6.25          0               0               1          1
                 (29, 24, 961)      7.125          0               0               1          1
                 (29, 24, 961)       10.0          0               0               1          1
                 (29, 24, 961)     10.167          0               0               1          1
                  (29, 9, 961)        6.0          0               0               1          1
                  (29, 9, 961)        8.0          0               0               1          1
                  (29, 9, 961)     10.167          0               0               1          1
                 (25, 25, 961)        6.0          0               0               1          6
                 (25, 25, 961)      6.083          0               0               1          3
                 (25, 25, 961)        8.0          0               0               1          4
                 (25, 25, 961)      8.083          0               0               1          2
                 (25, 25, 961)      8.333          0               0               1          1
                 (25, 25, 961)     10.083          0               0               1          1
                 (21, 29, 961)        6.0          0               0               1          6
                 (21, 29, 961)        8.0          0               0               1          3
                 (21, 29, 961)      8.083          0               0               1          1
                 (21, 29, 961)     10.083          0               0               1          2
                 (21, 29, 961)     10.167          0               0               1          1
                 (21, 29, 961)     10.875          0               0               1          1
                 (21, 29, 961)       12.0          0               0               1          1
                 (25, 23, 961)        6.0          0               0               1          5
                 (25, 23, 961)      6.167          0               0               1          2
                 (25, 23, 961)        8.0          0               0               1          6
                 (25, 23, 961)     11.125          0               0               1          1
                 (25, 23, 961)     14.083          0               0               1          1
                 (25, 27, 961)        6.0          0               0               1          1
                 (25, 27, 961)        8.0          0               0               1          2
                 (25, 27, 961)       10.0          0               0               1          1
                 (29, 25, 961)        6.0          0               0               1          2
                 (29, 25, 961)        8.0          0               0               1          2
                 (29, 25, 961)      8.083          0               0               1          1
                 (29, 25, 961)       10.0          0               0               1          5
                 (29, 25, 961)       10.0          0               0               0          1
                 (29, 25, 961)     10.167          0               0               1          1
                 (29, 25, 961)     10.333          0               0               1          1
                 (29, 25, 961)     11.125          0               0               1          1
                 (29, 25, 961)       12.0          0               0               1          1
                 (29, 25, 961)     12.083          0               0               1          1
                 (29, 13, 961)        6.0          0               0               1          5
                 (29, 13, 961)      6.083          0               0               1          2
                 (29, 13, 961)        8.0          0               0               1          2
                 (29, 13, 961)      9.125          0               0               1          2
                 (29, 13, 961)       10.0          0               0               1          2
                 (29, 13, 961)     10.083          0               0               1          2
                 (29, 13, 961)      10.25          0               0               1          1
                 (29, 13, 961)     11.125          0               0               1          1
                 (29, 13, 961)     11.375          0               0               1          1
                 (25, 29, 961)        6.0          0               0               1          2
                 (25, 29, 961)      7.042          0               0               1          2
                 (25, 29, 961)      7.208          0               0               1          4
                 (25, 29, 961)        8.0          0               0               1          7
                 (25, 29, 961)      8.083          0               0               1          3
                 (25, 29, 961)      8.958          0               0               1          1
                 (25, 29, 961)       10.0          0               0               1          3
                 (25, 29, 961)     10.167          0               0               1          1
                 (25, 29, 961)     11.042          0               0               1          1
                 (25, 29, 961)       12.0          0               0               1          1
                 (25, 29, 961)     12.083          0               0               1          1
                 (23, 15, 961)        6.0          0               0               1          1
                 (23, 15, 961)        8.0          0               0               1          1
                 (23, 15, 961)       10.0          0               0               0          2
                 (19, 27, 961)        6.0          0               0               1          2
                 (19, 27, 961)        8.0          0               0               1          2
                 (24, 29, 961)        6.0          0               0               1          1
                 (24, 29, 961)      6.958          0               0               1          1
                 (27, 19, 961)        6.0          0               0               1          1
                 (27, 19, 961)        8.0          0               0               1          1
                 (27, 29, 961)        6.0          0               0               1          1
                 (27, 29, 961)        8.0          0               0               1          1
                 (27, 29, 961)     14.083          0               0               1          1
                 (31, 19, 961)        6.0          0               0               1          1
                 (31, 19, 961)       10.0          0               0               1          1
                 (31, 19, 961)       14.0          0               0               1          1
                 (29, 27, 961)        6.0          0               0               1         15
                 (29, 27, 961)      6.083          0               0               1          1
                 (29, 27, 961)      6.958          0               0               1          1
                 (29, 27, 961)        8.0          0               0               1         20
                 (29, 27, 961)      8.083          0               0               1          1
                 (29, 27, 961)      8.167          0               0               1          3
                 (29, 27, 961)       8.25          0               0               1          2
                 (29, 27, 961)      8.958          0               0               1          1
                 (29, 27, 961)      9.042          0               0               1          1
                 (29, 27, 961)      9.125          0               0               1          1
                 (29, 27, 961)      9.208          0               0               1          1
                 (29, 27, 961)       10.0          0               0               1          3
                 (29, 27, 961)     10.083          0               0               1          1
                 (29, 27, 961)     10.167          0               0               1          2
                 (29, 27, 961)      10.25          0               0               1          1
                 (29, 27, 961)     10.958          0               0               1          1
                 (29, 27, 961)       12.0          0               0               1          1
                 (29, 27, 961)     13.125          0               0               1          1
                 (29, 27, 961)     13.208          0               0               1          1
                 (29, 27, 961)     14.083          0               0               1          1
                 (31, 25, 961)        6.0          0               0               1          8
                 (31, 25, 961)      8.083          0               0               1          1
                 (31, 25, 961)       10.0          0               0               1          2
                 (31, 30, 961)      6.083          0               0               1          2
                 (31, 30, 961)       10.0          0               0               1          3
                 (31, 30, 961)       12.0          0               0               1          2
                 (31, 30, 961)     12.083          0               0               1          1
                 (25, 28, 961)      7.125          0               0               1          2
                 (29, 28, 961)        8.0          0               0               1         15
                 (29, 28, 961)       8.25          0               0               1          4
                 (29, 28, 961)      8.875          0               0               1          1
                 (29, 28, 961)      9.125          0               0               1          1
                 (29, 28, 961)       10.0          0               0               1          4
                 (29, 28, 961)     10.083          0               0               1          1
                 (29, 28, 961)       12.0          0               0               1          1
                 (29, 28, 961)     12.083          0               0               1          1
                 (25, 21, 961)        8.0          0               0               1          1
                 (25, 21, 961)       10.0          0               0               1          1
                 (29, 11, 961)        8.0          0               0               1          1
                 (29, 11, 961)      8.083          0               0               1          1
                 (29, 11, 961)     12.083          0               0               1          1
                 (31, 24, 961)        8.0          0               0               1          1
                 (31, 24, 961)       10.0          0               0               1          1
                 (23, 11, 961)        8.0          0               0               1          1
                 (23, 11, 961)      8.083          0               0               1          2
                 (21, 21, 961)        8.0          0               0               1          1
                 (21, 21, 961)       14.0          0               0               1          1
                 (24, 30, 961)        8.0          0               0               1          1
                 (24, 31, 961)        8.0          0               0               1          1
                 (24, 31, 961)       10.0          0               0               1          2
                 (21, 13, 961)        8.0          0               0               1          1
                 (21, 13, 961)     10.083          0               0               1          1
                 (25, 13, 961)        8.0          0               0               1          1
                 (21, 27, 961)        8.0          0               0               1          1
                 (21, 27, 961)      8.083          0               0               1          2
                 (25, 31, 961)        8.0          0               0               1         11
                 (25, 31, 961)      8.083          0               0               1          4
                 (25, 31, 961)       10.0          0               0               1          9
                 (25, 31, 961)     10.083          0               0               1          1
                 (25, 31, 961)     10.167          0               0               1          2
                 (25, 31, 961)     11.042          0               0               1          1
                 (25, 31, 961)     11.125          0               0               1          1
                 (25, 31, 961)       12.0          0               0               1          1
                 (25, 31, 961)     12.083          0               0               1          1
                 (19, 31, 961)        8.0          0               0               1          3
                 (19, 31, 961)       10.0          0               0               1          2
                 (21, 31, 961)        8.0          0               0               1          2
                 (21, 31, 961)       10.0          0               0               1          3
                 (21, 31, 961)       12.0          0               0               1          4
                 (21, 31, 961)     12.083          0               0               1          1
                 (21, 31, 961)     12.167          0               0               1          1
                 (21, 31, 961)       14.0          0               0               1          1
                 (31, 28, 961)        8.0          0               0               1          1
                 (31, 28, 961)       10.0          0               0               1          5
                 (31, 28, 961)      10.25          0               0               1          2
                 (31, 28, 961)     10.958          0               0               1          1
                 (31, 28, 961)       12.0          0               0               1          1
                 (27, 13, 961)        8.0          0               0               1          2
                  (31, 7, 961)        8.0          0               0               1          1
                 (29, 22, 961)      8.083          0               0               1          1
                 (29, 22, 961)       12.0          0               0               1          1
                 (29, 22, 961)       14.0          0               0               1          1
                 (29, 22, 961)     15.125          0               0               1          1
                 (28, 31, 961)      8.083          0               0               1          1
                 (28, 31, 961)       10.0          0               0               1          1
                 (25, 24, 961)       8.25          0               0               1          1
                 (31, 21, 961)      8.875          0               0               1          1
                 (29, 23, 961)      9.042          0               0               1          2
                 (29, 23, 961)       10.0          0               0               1          2
                 (29, 23, 961)     10.083          0               0               1          1
                 (29, 23, 961)       12.0          0               0               1          2
                 (29, 23, 961)     14.083          0               0               1          2
                 (28, 30, 961)      9.125          0               0               1          4
                 (28, 30, 961)     11.125          0               0               1          1
                  (29, 8, 961)       10.0          0               0               1          1
                 (29, 12, 961)       10.0          0               0               1          2
                 (21, 28, 961)       10.0          0               0               1          1
                 (29, 20, 961)       10.0          0               0               1          1
                 (29, 20, 961)       14.0          0               0               1          1
                  (21, 5, 961)       10.0          0               0               1          1
                  (21, 5, 961)       12.0          0               0               1          1
                 (27, 11, 961)       10.0          0               0               1          2
                 (31, 20, 961)       10.0          0               0               1          3
                 (21, 15, 961)       10.0          0               0               1          1
                 (21, 15, 961)     10.083          0               0               1          1
                 (31, 12, 961)       10.0          0               0               1          3
                 (29, 26, 961)       10.0          0               0               1          1
                 (29, 26, 961)     10.875          0               0               1          1
                 (29, 26, 961)     11.042          0               0               1          1
                 (29, 26, 961)     14.167          0               0               1          1
                 (27, 15, 961)       10.0          0               0               1          2
                 (17, 15, 961)       10.0          0               0               1          2
                 (17, 15, 961)     10.083          0               0               0          1
                 (17, 15, 961)       12.0          0               0               1          1
                 (27, 28, 961)       10.0          0               0               1          4
                 (13, 27, 961)       10.0          0               0               0          1
                 (13, 29, 961)       10.0          0               0               0          1
                 (19, 30, 961)       10.0          0               0               1          1
                 (17, 31, 961)       10.0          0               0               1          2
                 (31, 26, 961)       10.0          0               0               1          2
                 (31, 26, 961)       12.0          0               0               1          1
                 (29, 30, 961)       10.0          0               0               1          1
                 (29, 30, 961)     11.125          0               0               1          1
                 (29, 30, 961)     11.375          0               0               1          1
                 (29, 30, 961)       12.0          0               0               1          6
                 (29, 30, 961)     12.083          0               0               1          1
                 (29, 30, 961)      12.25          0               0               1          1
                 (29, 30, 961)     13.125          0               0               1          1
                 (29, 30, 961)     14.083          0               0               1          1
                 (29, 19, 961)       10.0          0               0               1          1
                 (29, 19, 961)       12.0          0               0               1          1
                 (29, 19, 961)     13.125          0               0               1          1
                 (29, 19, 961)       14.0          0               0               1          1
                 (29, 17, 961)     10.083          0               0               1          1
                 (29, 17, 961)     17.458          0               0               1          1
                 (25, 15, 961)     10.083          0               0               1          1
                 (28, 27, 961)     10.083          0               0               1          1
                 (28, 27, 961)     10.167          0               0               1          1
                 (29, 15, 961)     10.083          0               0               1          1
                 (29, 15, 961)     12.083          0               0               1          1
                 (23, 27, 961)      10.25          0               0               1          1
                 (25, 17, 961)     10.958          0               0               1          1
                 (31, 11, 961)     11.125          0               0               1          1
                 (31, 11, 961)       12.0          0               0               1          1
                  (25, 8, 961)       12.0          0               0               1          1
                 (25, 19, 961)       12.0          0               0               1          2
                 (29, 16, 961)       12.0          0               0               1          1
                 (27, 20, 961)       12.0          0               0               1          1
                  (29, 5, 961)       12.0          0               0               1          1
                  (29, 5, 961)     12.333          0               0               1          1
                 (19, 23, 961)       12.0          0               0               1          1
                 (19, 23, 961)     12.083          0               0               1          1
                 (16, 31, 961)       12.0          0               0               1          1
                  (23, 7, 961)     12.083          0               0               1          1
                 (21, 11, 961)      12.25          0               0               1          1
                 (31, 10, 961)     12.875          0               0               1          1
                 (23, 10, 961)       14.0          0               0               1          1
                 (20, 31, 961)       14.0          0               0               1          1
                 (19, 28, 961)       14.0          0               0               1          1
                 (19, 28, 961)     14.875          0               0               1          1
-:     0     1     2     3     4
0:   125   232   140   111   115
1:   256    61   107    47    51
2:   174    85    59    57   128
3:   184    52    45   249   286
4:   113    82    62   188   216
