inputs: [4111631]/1000 samples
product                 energy   A*B=out      cfhs    chains  num 
(13973, 211, 4111631)      8.167          0     0     1     1
(15021, 241, 4111631)     10.083          0     0     1     1
(15021, 241, 4111631)     12.083          0     0     1     1
(12741, 243, 4111631)     10.167          0     0     1     1
(12741, 243, 4111631)     12.333          0     0     1     1
(12741, 243, 4111631)     16.333          0     0     1     1
(12973, 241, 4111631)       12.0          0     0     1     1
(12973, 241, 4111631)     12.083          0     0     1     1
(12973, 241, 4111631)      14.25          0     0     1     1
(12949, 211, 4111631)     12.083          0     0     1     1
(12949, 211, 4111631)      12.25          0     0     1     1
(12949, 211, 4111631)      14.25          0     0     1     1
(12949, 211, 4111631)     16.333          0     0     1     1
(14997, 211, 4111631)     12.083          0     0     1     1
(14997, 211, 4111631)     12.333          0     0     1     1
(14997, 211, 4111631)     14.083          0     0     1     1
(14997, 211, 4111631)     14.167          0     0     1     1
(14997, 211, 4111631)      14.25          0     0     1     2
(14997, 211, 4111631)     16.083          0     0     1     1
(14997, 211, 4111631)     16.167          0     0     1     1
(14997, 211, 4111631)     18.417          0     0     1     1
(14997, 211, 4111631)     24.417          0     0     1     1
(14997, 115, 4111631)     12.167          0     0     1     1
(12933, 227, 4111631)     12.167          0     0     1     1
(14937, 113, 4111631)     12.167          0     0     1     1
(14937, 113, 4111631)     26.167          0     0     1     1
(14981, 179, 4111631)     12.167          0     0     1     1
(13187, 113, 4111631)     12.167          0     0     1     1
(13187, 113, 4111631)     18.083          0     0     1     1
(13187, 113, 4111631)     18.167          0     0     1     1
(15575, 113, 4111631)     12.167          0     0     1     1
(15575, 113, 4111631)     14.167          0     0     1     1
(15575, 113, 4111631)     16.083          0     0     1     1
(12933, 243, 4111631)      12.25          0     0     1     2
(12933, 243, 4111631)     12.333          0     0     1     1
(12933, 243, 4111631)     14.167          0     0     1     1
(12933, 243, 4111631)      14.25          0     0     1     1
(12933, 243, 4111631)     16.083          0     0     1     2
(12933, 243, 4111631)      16.25          0     0     1     2
(12933, 243, 4111631)     16.333          0     0     1     1
(12933, 243, 4111631)     18.083          0     0     1     1
(12933, 243, 4111631)     18.167          0     0     1     1
(12933, 243, 4111631)      18.25          0     0     1     2
(12933, 243, 4111631)     18.333          0     0     1     1
(12933, 243, 4111631)     20.167          0     0     1     1
(12933, 243, 4111631)      20.25          0     0     1     1
(12933, 243, 4111631)     20.417          0     0     1     1
(12933, 243, 4111631)     22.333          0     0     1     2
(12933, 243, 4111631)      24.25          0     0     1     1
(12933, 243, 4111631)     24.417          0     0     1     1
(14933, 115, 4111631)      12.25          0     0     1     1
(14933, 115, 4111631)     26.417          0     0     1     1
(15061, 211, 4111631)     12.333          0     0     1     1
(14613, 243, 4111631)     12.417          0     0     1     1
(14917, 243, 4111631)       14.0          0     0     1     2
(14877, 241, 4111631)       14.0          0     0     1     1
(14877, 241, 4111631)     18.167          0     0     1     1
(14877, 241, 4111631)      22.25          0     0     1     1
(14877, 241, 4111631)      24.25          0     0     1     1
(14877, 241, 4111631)     24.333          0     0     1     1
(12501, 241, 4111631)       14.0          0     0     1     1
(12501, 241, 4111631)     14.083          0     0     1     1
(12501, 241, 4111631)     18.083          0     0     1     1
(12501, 241, 4111631)     18.167          0     0     1     1
(14749, 241, 4111631)       14.0          0     0     1     1
(14749, 241, 4111631)     14.167          0     0     1     1
(14749, 241, 4111631)     16.083          0     0     1     1
(14749, 241, 4111631)     22.167          0     0     1     1
(14997, 243, 4111631)     14.083          0     0     1     1
(14997, 243, 4111631)     16.083          0     0     1     1
(14997, 243, 4111631)      18.25          0     0     1     1
(14997, 243, 4111631)     20.167          0     0     1     1
(14997, 243, 4111631)     24.167          0     0     1     1
(14981, 243, 4111631)     14.083          0     0     1     1
(14981, 243, 4111631)     14.167          0     0     1     3
(14981, 243, 4111631)     14.333          0     0     1     1
(14981, 243, 4111631)     16.083          0     0     1     1
(14981, 243, 4111631)      16.25          0     0     1     1
(14981, 243, 4111631)     16.417          0     0     1     1
(14981, 243, 4111631)     18.083          0     0     1     1
(14981, 243, 4111631)     18.167          0     0     1     1
(14981, 243, 4111631)      18.25          0     0     1     1
(14981, 243, 4111631)     20.167          0     0     1     2
(14981, 243, 4111631)     22.167          0     0     1     1
(12757, 241, 4111631)     14.083          0     0     1     1
(12757, 241, 4111631)     18.083          0     0     1     1
(14741, 241, 4111631)     14.083          0     0     1     1
(14741, 241, 4111631)      16.25          0     0     1     1
(14741, 241, 4111631)     20.083          0     0     1     1
(15317, 209, 4111631)     14.083          0     0     1     1
(14997, 113, 4111631)     14.083          0     0     1     2
(14997, 113, 4111631)     14.167          0     0     1     6
(14997, 113, 4111631)     16.083          0     0     1     5
(14997, 113, 4111631)     16.167          0     0     1     2
(14997, 113, 4111631)     18.083          0     0     1     2
(14997, 113, 4111631)     18.167          0     0     1     3
(14997, 113, 4111631)      18.25          0     0     1     1
(14997, 113, 4111631)     20.083          0     0     1     1
(14997, 113, 4111631)     20.167          0     0     1     1
(14997, 113, 4111631)     20.333          0     0     1     3
(14997, 113, 4111631)     22.333          0     0     1     1
(14997, 113, 4111631)     22.417          0     0     1     2
(14997, 113, 4111631)      24.25          0     0     1     1
(14997, 113, 4111631)     24.333          0     0     1     1
(14997, 113, 4111631)      26.25          0     0     1     1
(14997, 113, 4111631)     30.167          0     0     1     1
(15061, 113, 4111631)     14.083          0     0     1     1
(15061, 113, 4111631)     14.167          0     0     1     1
(15061, 113, 4111631)     16.083          0     0     1     1
(15061, 113, 4111631)     16.167          0     0     1     2
(15061, 113, 4111631)     18.167          0     0     1     1
(15061, 113, 4111631)      20.25          0     0     1     1
(10901, 211, 4111631)     14.083          0     0     1     1
(10901, 211, 4111631)      14.25          0     0     1     1
(10901, 211, 4111631)     16.167          0     0     1     1
(10869, 243, 4111631)     14.167          0     0     0     1
(12437, 241, 4111631)     14.167          0     0     1     1
(12437, 241, 4111631)     16.167          0     0     1     1
(12437, 241, 4111631)     18.167          0     0     1     1
(12437, 241, 4111631)     20.167          0     0     0     1
(12437, 241, 4111631)      20.25          0     0     1     2
(12437, 241, 4111631)     22.167          0     0     1     2
(12437, 241, 4111631)      24.25          0     0     1     1
(12437, 241, 4111631)     24.417          0     0     1     1
(12437, 241, 4111631)      26.25          0     0     1     1
(12437, 241, 4111631)     32.417          0     0     1     1
(13209, 241, 4111631)     14.167          0     0     1     1
(13209, 241, 4111631)     16.167          0     0     1     1
(13209, 241, 4111631)      18.25          0     0     1     1
(13209, 241, 4111631)     20.333          0     0     1     1
(12949, 241, 4111631)     14.167          0     0     1     1
(12949, 241, 4111631)     16.333          0     0     1     1
(12949, 241, 4111631)      18.25          0     0     1     1
(12949, 241, 4111631)     18.333          0     0     1     1
(12949, 241, 4111631)     20.333          0     0     1     1
(12949, 241, 4111631)     22.167          0     0     1     1
(12949, 241, 4111631)     22.333          0     0     1     1
(12949, 241, 4111631)     24.167          0     0     1     1
(12949, 241, 4111631)     26.167          0     0     1     1
(12949, 241, 4111631)     26.333          0     0     1     3
(12949, 241, 4111631)      28.25          0     0     1     1
(14997, 177, 4111631)     14.167          0     0     1     2
(14997, 177, 4111631)      14.25          0     0     1     1
(14997, 177, 4111631)     24.333          0     0     1     1
(13973, 209, 4111631)     14.167          0     0     1     1
(12949, 249, 4111631)      14.25          0     0     1     2
(12949, 249, 4111631)      20.25          0     0     1     1
(12949, 249, 4111631)       22.5          0     0     1     1
(15029, 121, 4111631)      14.25          0     0     1     1
(15029, 121, 4111631)     18.167          0     0     1     1
(15061, 243, 4111631)      14.25          0     0     1     1
(15061, 243, 4111631)      18.25          0     0     1     1
(12949, 115, 4111631)      14.25          0     0     1     2
(12949, 115, 4111631)      16.25          0     0     1     1
(12949, 115, 4111631)     18.167          0     0     1     1
(12949, 115, 4111631)     18.417          0     0     1     1
(12949, 115, 4111631)      20.25          0     0     1     1
(12949, 115, 4111631)     20.333          0     0     1     1
(12949, 115, 4111631)     22.333          0     0     1     2
(12949, 115, 4111631)       28.5          0     0     1     1
(14805, 113, 4111631)      14.25          0     0     1     1
(14805, 113, 4111631)      24.25          0     0     1     2
(15029, 249, 4111631)     14.333          0     0     1     1
(15029, 249, 4111631)     18.167          0     0     1     1
(15029, 249, 4111631)       18.5          0     0     1     1
(15029, 249, 4111631)     20.333          0     0     1     1
(15029, 249, 4111631)      28.25          0     0     1     1
(4949, 115, 4111631)     14.333          0     0     0     1
(15005, 241, 4111631)       16.0          0     0     1     1
(15005, 241, 4111631)     18.333          0     0     1     1
(15005, 241, 4111631)     20.167          0     0     1     1
(15005, 241, 4111631)      24.25          0     0     1     1
(14985, 241, 4111631)       16.0          0     0     1     3
(14985, 241, 4111631)     16.083          0     0     1     1
(14985, 241, 4111631)     18.167          0     0     1     1
(14985, 243, 4111631)     16.083          0     0     1     1
(14985, 243, 4111631)     18.333          0     0     1     1
(14985, 243, 4111631)      20.25          0     0     1     1
(8837, 243, 4111631)     16.083          0     0     1     1
(8837, 243, 4111631)     18.167          0     0     0     1
(8837, 243, 4111631)      22.25          0     0     0     1
(13013, 241, 4111631)     16.083          0     0     1     1
(13013, 241, 4111631)      16.25          0     0     1     1
(13013, 241, 4111631)     16.333          0     0     1     1
(13013, 241, 4111631)     18.083          0     0     1     1
(13013, 241, 4111631)     20.167          0     0     1     1
(13013, 241, 4111631)      20.25          0     0     1     1
(13013, 241, 4111631)     22.083          0     0     1     1
(13013, 241, 4111631)      22.25          0     0     1     1
(13013, 241, 4111631)     24.333          0     0     1     1
(13013, 241, 4111631)     24.417          0     0     1     1
(12941, 241, 4111631)     16.083          0     0     1     1
(12941, 241, 4111631)       18.0          0     0     1     1
(12941, 241, 4111631)     20.167          0     0     1     2
(12941, 241, 4111631)     22.083          0     0     1     2
(12941, 241, 4111631)      22.25          0     0     1     1
(12941, 241, 4111631)     26.333          0     0     1     1
(12445, 241, 4111631)     16.083          0     0     1     1
(12445, 241, 4111631)     16.167          0     0     1     1
(12445, 241, 4111631)     18.167          0     0     1     1
(12445, 241, 4111631)      20.25          0     0     1     1
(12445, 241, 4111631)      24.25          0     0     1     1
(12445, 241, 4111631)     24.333          0     0     1     1
(15445, 241, 4111631)     16.083          0     0     1     1
(15445, 241, 4111631)      28.25          0     0     1     1
(14937, 241, 4111631)     16.083          0     0     1     1
(14937, 241, 4111631)     20.333          0     0     1     2
(15001, 113, 4111631)     16.083          0     0     1     1
(15001, 113, 4111631)     16.167          0     0     1     1
(15001, 113, 4111631)      16.25          0     0     1     1
(15001, 113, 4111631)      18.25          0     0     1     2
(15001, 113, 4111631)     20.167          0     0     1     1
(15001, 113, 4111631)     22.167          0     0     1     1
(15001, 113, 4111631)      24.25          0     0     1     1
(10385, 115, 4111631)     16.083          0     0     1     1
(13205, 209, 4111631)     16.083          0     0     1     2
(13205, 209, 4111631)     18.083          0     0     1     1
(13205, 209, 4111631)     20.083          0     0     1     1
(13205, 209, 4111631)     22.083          0     0     1     1
(13205, 209, 4111631)      24.25          0     0     1     1
(10387, 115, 4111631)     16.083          0     0     1     1
(14921, 115, 4111631)     16.083          0     0     1     1
(14917, 113, 4111631)     16.083          0     0     1     1
(14917, 113, 4111631)     28.333          0     0     1     1
(14933, 113, 4111631)     16.083          0     0     1     1
(14933, 113, 4111631)     16.167          0     0     1     1
(14933, 113, 4111631)      16.25          0     0     1     2
(14933, 113, 4111631)     18.083          0     0     1     1
(14933, 113, 4111631)     20.167          0     0     1     1
(14933, 113, 4111631)     22.167          0     0     1     1
(12981, 249, 4111631)     16.167          0     0     1     1
(12981, 249, 4111631)     18.167          0     0     1     2
(12981, 249, 4111631)     20.167          0     0     1     1
(12981, 249, 4111631)      26.25          0     0     1     1
(12629, 241, 4111631)     16.167          0     0     1     1
(12629, 241, 4111631)      22.25          0     0     1     1
(14805, 241, 4111631)     16.167          0     0     1     1
(14805, 241, 4111631)      16.25          0     0     1     1
(14805, 241, 4111631)     18.167          0     0     1     1
(14805, 241, 4111631)     20.333          0     0     1     1
(14473, 241, 4111631)     16.167          0     0     1     2
(14473, 241, 4111631)     20.083          0     0     1     1
(13213, 113, 4111631)     16.167          0     0     1     2
(13213, 113, 4111631)     20.083          0     0     1     1
(12701, 241, 4111631)     16.167          0     0     1     1
(12701, 241, 4111631)     24.167          0     0     1     1
(14745, 241, 4111631)     16.167          0     0     1     1
(14745, 241, 4111631)     18.083          0     0     1     1
(14745, 241, 4111631)     18.167          0     0     1     2
(14745, 241, 4111631)     20.167          0     0     1     1
(14745, 241, 4111631)     22.083          0     0     0     1
(15001, 241, 4111631)     16.167          0     0     1     3
(15001, 241, 4111631)     20.167          0     0     0     1
(15001, 241, 4111631)      26.25          0     0     1     1
(15001, 241, 4111631)     26.333          0     0     1     1
(15573, 113, 4111631)     16.167          0     0     1     1
(14343, 81, 4111631)     16.167          0     0     1     1
(12953, 113, 4111631)     16.167          0     0     1     1
(12953, 113, 4111631)     20.417          0     0     1     1
(12953, 113, 4111631)       20.5          0     0     1     1
(12953, 113, 4111631)     22.167          0     0     1     1
(12953, 113, 4111631)      24.25          0     0     1     2
(12953, 113, 4111631)     24.417          0     0     1     1
(15505, 113, 4111631)     16.167          0     0     1     1
(15505, 113, 4111631)     18.083          0     0     1     1
(15505, 113, 4111631)      18.25          0     0     1     2
(14981, 115, 4111631)     16.167          0     0     1     1
(12741, 115, 4111631)     16.167          0     0     1     1
(13013, 113, 4111631)     16.167          0     0     1     1
(13013, 113, 4111631)      16.25          0     0     1     1
(13013, 113, 4111631)     22.083          0     0     1     1
(13013, 113, 4111631)      22.25          0     0     1     1
(13205, 241, 4111631)     16.167          0     0     1     1
(13205, 241, 4111631)      16.25          0     0     1     1
(13205, 241, 4111631)      18.25          0     0     1     1
(13205, 241, 4111631)     26.167          0     0     1     1
(14985, 177, 4111631)     16.167          0     0     1     1
(14985, 177, 4111631)     18.333          0     0     1     1
(14995, 113, 4111631)     16.167          0     0     1     2
(14995, 113, 4111631)     20.083          0     0     1     1
(14995, 113, 4111631)     22.083          0     0     1     1
(14995, 113, 4111631)      26.25          0     0     1     1
(12435, 113, 4111631)     16.167          0     0     1     1
(12435, 113, 4111631)     20.167          0     0     1     1
(12435, 113, 4111631)     22.333          0     0     1     1
(12435, 113, 4111631)     36.417          0     0     1     1
(12805, 243, 4111631)      16.25          0     0     1     1
(15573, 241, 4111631)      16.25          0     0     1     2
(15573, 241, 4111631)     16.333          0     0     1     1
(15573, 241, 4111631)      18.25          0     0     1     1
(15573, 241, 4111631)     18.333          0     0     1     1
(15581, 241, 4111631)      16.25          0     0     1     1
(14677, 241, 4111631)      16.25          0     0     1     1
(12949, 243, 4111631)      16.25          0     0     1     1
(12949, 243, 4111631)     18.333          0     0     1     2
(12949, 243, 4111631)       20.5          0     0     1     1
(12889, 113, 4111631)      16.25          0     0     1     1
(12889, 113, 4111631)     16.333          0     0     1     1
(12889, 113, 4111631)      18.25          0     0     1     2
(12889, 113, 4111631)     18.333          0     0     1     1
(12889, 113, 4111631)      22.25          0     0     1     1
(12889, 113, 4111631)     24.417          0     0     1     1
(12885, 113, 4111631)      16.25          0     0     1     1
(12885, 113, 4111631)     18.167          0     0     1     2
(12885, 113, 4111631)      22.25          0     0     1     1
(12885, 113, 4111631)      24.25          0     0     1     1
(16021, 249, 4111631)     16.333          0     0     1     1
(16021, 249, 4111631)      18.25          0     0     1     1
(16021, 249, 4111631)     18.333          0     0     1     1
(13205, 251, 4111631)     16.333          0     0     1     1
(12441, 115, 4111631)     16.333          0     0     1     1
(15125, 241, 4111631)     16.333          0     0     1     1
(12957, 241, 4111631)     16.417          0     0     1     1
(12957, 241, 4111631)     20.083          0     0     1     1
(12957, 241, 4111631)      20.25          0     0     1     1
(12957, 241, 4111631)     22.167          0     0     1     2
(12957, 241, 4111631)      22.25          0     0     1     1
(12957, 241, 4111631)     22.333          0     0     1     1
(12957, 241, 4111631)     24.333          0     0     1     1
(12957, 241, 4111631)     24.417          0     0     1     1
(13943, 113, 4111631)     16.417          0     0     1     1
(13943, 113, 4111631)     18.333          0     0     1     1
(14933, 243, 4111631)       18.0          0     0     1     1
(14933, 243, 4111631)     18.167          0     0     1     1
(14861, 241, 4111631)       18.0          0     0     1     1
(14861, 241, 4111631)     18.083          0     0     1     2
(14861, 241, 4111631)     22.167          0     0     1     1
(14861, 241, 4111631)     28.167          0     0     0     1
(14933, 241, 4111631)       18.0          0     0     1     1
(14933, 241, 4111631)     22.417          0     0     1     1
(14677, 209, 4111631)       18.0          0     0     1     1
(15261, 241, 4111631)       18.0          0     0     1     1
(15261, 241, 4111631)     22.333          0     0     1     1
(14871, 241, 4111631)       18.0          0     0     1     1
(10901, 249, 4111631)     18.083          0     0     1     1
(10901, 249, 4111631)     20.417          0     0     1     1
(12869, 241, 4111631)     18.083          0     0     1     1
(12869, 241, 4111631)     20.167          0     0     1     1
(12869, 241, 4111631)     28.167          0     0     1     1
(14853, 241, 4111631)     18.083          0     0     1     1
(14853, 241, 4111631)     22.083          0     0     1     1
(14853, 241, 4111631)      26.25          0     0     1     1
(14997, 241, 4111631)     18.083          0     0     1     1
(14997, 241, 4111631)      18.25          0     0     1     1
(14997, 241, 4111631)     18.333          0     0     1     1
(14997, 241, 4111631)     20.083          0     0     1     2
(14997, 241, 4111631)     20.167          0     0     1     1
(14997, 241, 4111631)      20.25          0     0     1     3
(14997, 241, 4111631)      22.25          0     0     1     2
(14997, 241, 4111631)     24.583          0     0     1     1
(14997, 241, 4111631)     28.167          0     0     1     1
(12821, 113, 4111631)     18.083          0     0     1     1
(12821, 113, 4111631)     20.167          0     0     1     1
(12821, 113, 4111631)     22.083          0     0     1     1
(12821, 113, 4111631)     26.167          0     0     1     1
(12821, 113, 4111631)     28.417          0     0     1     1
(14989, 113, 4111631)     18.083          0     0     1     1
(14989, 113, 4111631)      20.25          0     0     1     1
(12693, 241, 4111631)     18.083          0     0     1     1
(12693, 241, 4111631)     20.167          0     0     1     1
(12885, 241, 4111631)     18.083          0     0     1     1
(12885, 241, 4111631)     18.333          0     0     1     2
(12885, 241, 4111631)     20.333          0     0     1     1
(12885, 241, 4111631)     22.167          0     0     1     1
(12885, 241, 4111631)      22.25          0     0     1     1
(12885, 241, 4111631)      24.25          0     0     1     1
(12885, 241, 4111631)     24.333          0     0     1     1
(12885, 241, 4111631)     24.417          0     0     1     1
(12885, 241, 4111631)     26.333          0     0     1     2
(12885, 241, 4111631)      30.25          0     0     1     1
(12885, 241, 4111631)      32.25          0     0     0     1
(13077, 241, 4111631)     18.083          0     0     1     1
(13077, 241, 4111631)     20.167          0     0     1     1
(13077, 241, 4111631)     22.167          0     0     1     1
(13077, 241, 4111631)     24.333          0     0     1     1
(13077, 241, 4111631)     26.167          0     0     1     1
(14737, 113, 4111631)     18.083          0     0     1     1
(12693, 209, 4111631)     18.083          0     0     0     1
(12693, 209, 4111631)     18.167          0     0     1     1
(12693, 209, 4111631)     18.333          0     0     1     1
(12693, 209, 4111631)      24.25          0     0     1     1
(12693, 209, 4111631)     24.417          0     0     1     1
(12693, 209, 4111631)     26.167          0     0     1     1
(12693, 209, 4111631)      26.25          0     0     1     1
(15235, 113, 4111631)     18.083          0     0     1     1
(14853, 65, 4111631)     18.083          0     0     1     1
(14749, 113, 4111631)     18.083          0     0     1     1
(14985, 251, 4111631)     18.167          0     0     1     1
(12981, 241, 4111631)     18.167          0     0     1     2
(12981, 241, 4111631)     20.167          0     0     1     1
(12981, 241, 4111631)     22.083          0     0     1     1
(12981, 241, 4111631)     22.333          0     0     1     1
(12981, 241, 4111631)     26.333          0     0     1     1
(12981, 241, 4111631)     26.417          0     0     1     1
(14981, 211, 4111631)     18.167          0     0     1     1
(14981, 211, 4111631)     22.167          0     0     1     1
(12429, 241, 4111631)     18.167          0     0     1     1
(12429, 241, 4111631)     20.083          0     0     1     1
(12429, 241, 4111631)       24.0          0     0     1     1
(12949, 209, 4111631)     18.167          0     0     1     2
(12949, 209, 4111631)     22.083          0     0     1     1
(12949, 209, 4111631)     24.167          0     0     1     1
(12949, 209, 4111631)     26.083          0     0     0     1
(12949, 209, 4111631)      28.25          0     0     1     1
(12949, 209, 4111631)      30.25          0     0     1     1
(13525, 115, 4111631)     18.167          0     0     1     1
(12437, 113, 4111631)     18.167          0     0     1     3
(12437, 113, 4111631)     20.167          0     0     1     1
(12437, 113, 4111631)      20.25          0     0     1     2
(12437, 113, 4111631)     22.167          0     0     1     1
(12437, 113, 4111631)      22.25          0     0     1     2
(12437, 113, 4111631)     22.333          0     0     1     1
(12437, 113, 4111631)     24.167          0     0     1     1
(12437, 113, 4111631)     26.167          0     0     1     2
(12437, 113, 4111631)      26.25          0     0     1     1
(12437, 113, 4111631)     26.333          0     0     1     1
(12437, 113, 4111631)     26.417          0     0     1     1
(13701, 177, 4111631)     18.167          0     0     1     1
(12677, 177, 4111631)     18.167          0     0     1     1
(12677, 177, 4111631)     22.083          0     0     1     1
(14993, 115, 4111631)     18.167          0     0     1     1
(12957, 113, 4111631)     18.167          0     0     1     1
(12957, 113, 4111631)     20.083          0     0     1     1
(12957, 113, 4111631)     20.167          0     0     1     2
(12957, 113, 4111631)     22.167          0     0     1     1
(12957, 113, 4111631)      22.25          0     0     1     2
(12957, 113, 4111631)     24.417          0     0     1     1
(12693, 113, 4111631)     18.167          0     0     1     1
(15047, 241, 4111631)     18.167          0     0     1     1
(12629, 113, 4111631)     18.167          0     0     1     1
(12629, 113, 4111631)     20.083          0     0     1     1
(12629, 113, 4111631)     24.417          0     0     1     1
(12629, 113, 4111631)     26.083          0     0     1     1
(14915, 113, 4111631)     18.167          0     0     1     1
(14915, 113, 4111631)     20.083          0     0     1     2
(14915, 113, 4111631)     22.167          0     0     1     1
(14915, 113, 4111631)      24.25          0     0     1     1
(14915, 113, 4111631)     26.167          0     0     1     1
(12943, 81, 4111631)     18.167          0     0     1     1
(14481, 113, 4111631)     18.167          0     0     1     1
(14481, 113, 4111631)     26.167          0     0     1     1
(12949, 113, 4111631)     18.167          0     0     1     4
(12949, 113, 4111631)      18.25          0     0     1     1
(12949, 113, 4111631)     20.083          0     0     1     2
(12949, 113, 4111631)      20.25          0     0     1     1
(12949, 113, 4111631)     20.417          0     0     1     1
(12949, 113, 4111631)     22.083          0     0     1     1
(12949, 113, 4111631)     22.167          0     0     1     2
(12949, 113, 4111631)     22.333          0     0     1     2
(12949, 113, 4111631)     24.167          0     0     1     1
(12949, 113, 4111631)      24.25          0     0     1     1
(12949, 113, 4111631)     24.333          0     0     1     1
(12949, 113, 4111631)      26.25          0     0     1     1
(12949, 113, 4111631)     26.583          0     0     1     1
(12949, 113, 4111631)      30.25          0     0     1     1
(15061, 209, 4111631)     18.167          0     0     1     1
(15061, 209, 4111631)     20.167          0     0     1     1
(13909, 113, 4111631)     18.167          0     0     1     1
(13909, 113, 4111631)      22.25          0     0     1     2
(15013, 97, 4111631)     18.167          0     0     1     1
(13205, 123, 4111631)      18.25          0     0     1     1
(13205, 123, 4111631)      20.25          0     0     1     1
(13205, 123, 4111631)     20.417          0     0     1     1
(13205, 123, 4111631)       24.5          0     0     1     1
(12437, 119, 4111631)      18.25          0     0     1     1
(13173, 241, 4111631)      18.25          0     0     1     1
(13173, 241, 4111631)      20.25          0     0     1     1
(13173, 241, 4111631)      22.25          0     0     1     1
(12937, 241, 4111631)      18.25          0     0     1     1
(12937, 241, 4111631)       20.0          0     0     1     1
(12937, 241, 4111631)     20.167          0     0     1     1
(14485, 113, 4111631)      18.25          0     0     1     1
(12685, 241, 4111631)      18.25          0     0     1     1
(15581, 113, 4111631)      18.25          0     0     1     1
(12829, 113, 4111631)      18.25          0     0     1     1
(12829, 113, 4111631)      24.25          0     0     1     1
(12829, 113, 4111631)     26.083          0     0     1     1
(14939, 113, 4111631)      18.25          0     0     1     1
(15325, 113, 4111631)      18.25          0     0     1     1
(13077, 113, 4111631)      18.25          0     0     1     2
(13077, 113, 4111631)      22.25          0     0     1     1
(13077, 113, 4111631)      26.25          0     0     1     1
(13141, 113, 4111631)      18.25          0     0     1     1
(13141, 113, 4111631)      20.25          0     0     1     1
(10901, 243, 4111631)     18.333          0     0     1     1
(10901, 243, 4111631)       18.5          0     0     1     1
(14965, 241, 4111631)     18.333          0     0     1     1
(12757, 243, 4111631)     18.333          0     0     1     1
(12933, 115, 4111631)     18.333          0     0     1     1
(12933, 115, 4111631)     20.333          0     0     1     1
(12933, 115, 4111631)     32.583          0     0     1     1
(13701, 185, 4111631)     18.333          0     0     1     1
(14925, 113, 4111631)     18.333          0     0     1     1
(13213, 241, 4111631)     18.333          0     0     1     1
(13213, 241, 4111631)     20.083          0     0     1     1
(13781, 113, 4111631)     18.333          0     0     1     1
(15125, 209, 4111631)     18.333          0     0     1     1
(15257, 241, 4111631)     18.417          0     0     1     1
(14869, 241, 4111631)     18.417          0     0     1     1
(14869, 241, 4111631)     20.167          0     0     1     1
(14869, 241, 4111631)     22.333          0     0     1     1
(12941, 243, 4111631)       18.5          0     0     1     1
(13461, 83, 4111631)       18.5          0     0     1     1
(14981, 241, 4111631)       20.0          0     0     1     4
(14981, 241, 4111631)     20.083          0     0     1     8
(14981, 241, 4111631)     20.167          0     0     1     3
(14981, 241, 4111631)     22.083          0     0     1     1
(14981, 241, 4111631)     22.167          0     0     1     2
(14981, 241, 4111631)       24.0          0     0     1     1
(14981, 241, 4111631)     24.083          0     0     1     2
(14981, 241, 4111631)     24.167          0     0     1     1
(14981, 241, 4111631)      24.25          0     0     1     1
(14981, 241, 4111631)      30.25          0     0     1     1
(13081, 241, 4111631)       20.0          0     0     1     1
(13253, 209, 4111631)       20.0          0     0     1     1
(12941, 113, 4111631)     20.083          0     0     1     1
(12941, 113, 4111631)      20.25          0     0     1     1
(12941, 113, 4111631)     20.333          0     0     1     1
(12941, 113, 4111631)     22.167          0     0     1     2
(12941, 113, 4111631)     22.417          0     0     1     1
(12941, 113, 4111631)     24.167          0     0     1     1
(12941, 113, 4111631)     26.167          0     0     1     1
(12815, 113, 4111631)     20.083          0     0     1     1
(12429, 113, 4111631)     20.083          0     0     1     1
(12429, 113, 4111631)     20.167          0     0     1     1
(12429, 113, 4111631)     22.083          0     0     1     1
(12429, 113, 4111631)      28.25          0     0     1     1
(13185, 241, 4111631)     20.083          0     0     1     2
(13185, 241, 4111631)     22.083          0     0     1     1
(8837, 227, 4111631)     20.083          0     0     0     1
(15005, 113, 4111631)     20.083          0     0     1     1
(15005, 113, 4111631)     22.333          0     0     1     1
(15005, 113, 4111631)      26.25          0     0     1     1
(14921, 113, 4111631)     20.083          0     0     1     2
(14921, 113, 4111631)     26.167          0     0     1     1
(14921, 113, 4111631)      26.25          0     0     1     1
(14353, 113, 4111631)     20.083          0     0     1     1
(14353, 113, 4111631)      20.25          0     0     1     1
(14353, 113, 4111631)     22.083          0     0     1     1
(14353, 113, 4111631)     22.167          0     0     1     1
(14353, 113, 4111631)      22.25          0     0     1     1
(14353, 113, 4111631)     26.083          0     0     1     1
(14923, 113, 4111631)     20.083          0     0     1     1
(15001, 97, 4111631)     20.083          0     0     1     1
(14725, 177, 4111631)     20.083          0     0     1     1
(14725, 177, 4111631)     24.333          0     0     1     1
(14869, 113, 4111631)     20.083          0     0     1     1
(14869, 113, 4111631)     20.417          0     0     1     1
(14869, 113, 4111631)      24.25          0     0     1     1
(14947, 113, 4111631)     20.083          0     0     1     1
(14993, 113, 4111631)     20.083          0     0     1     1
(14993, 113, 4111631)     20.167          0     0     1     1
(15045, 113, 4111631)     20.083          0     0     1     1
(14979, 113, 4111631)     20.083          0     0     1     3
(14979, 113, 4111631)     20.167          0     0     1     1
(14741, 209, 4111631)     20.083          0     0     1     1
(14741, 209, 4111631)     26.333          0     0     1     1
(10905, 81, 4111631)     20.083          0     0     1     1
(12933, 251, 4111631)     20.167          0     0     1     1
(12813, 241, 4111631)     20.167          0     0     1     1
(12813, 241, 4111631)     26.417          0     0     1     1
(13973, 241, 4111631)     20.167          0     0     1     1
(13973, 241, 4111631)     22.167          0     0     1     1
(13973, 241, 4111631)     24.333          0     0     1     1
(14485, 241, 4111631)     20.167          0     0     1     1
(14485, 241, 4111631)      20.25          0     0     1     2
(14485, 241, 4111631)     24.167          0     0     1     1
(14485, 241, 4111631)     26.333          0     0     1     1
(14485, 241, 4111631)     28.333          0     0     1     1
(14989, 241, 4111631)     20.167          0     0     1     2
(14989, 241, 4111631)     22.417          0     0     1     1
(13469, 113, 4111631)     20.167          0     0     1     1
(14901, 121, 4111631)     20.167          0     0     1     1
(14549, 209, 4111631)     20.167          0     0     1     1
(14477, 241, 4111631)     20.167          0     0     1     1
(10141, 113, 4111631)     20.167          0     0     0     1
(15363, 101, 4111631)     20.167          0     0     1     1
(13465, 241, 4111631)     20.167          0     0     1     1
(13465, 241, 4111631)     22.333          0     0     1     1
(14981, 209, 4111631)     20.167          0     0     1     1
(12945, 117, 4111631)     20.167          0     0     1     1
(12945, 117, 4111631)      22.25          0     0     1     1
(13211, 113, 4111631)     20.167          0     0     1     1
(13201, 113, 4111631)     20.167          0     0     1     1
(13201, 113, 4111631)      24.25          0     0     1     1
(15189, 113, 4111631)     20.167          0     0     1     1
(14997, 209, 4111631)     20.167          0     0     1     1
(14997, 209, 4111631)     22.083          0     0     1     1
(14997, 209, 4111631)     22.167          0     0     1     1
(16021, 113, 4111631)     20.167          0     0     1     1
(16021, 113, 4111631)      20.25          0     0     1     1
(12947, 113, 4111631)     20.167          0     0     1     1
(12947, 113, 4111631)      22.25          0     0     1     1
(12947, 113, 4111631)       24.5          0     0     1     1
(12947, 113, 4111631)     26.167          0     0     1     1
(12947, 113, 4111631)     26.167          0     0     0     1
(12965, 97, 4111631)     20.167          0     0     1     1
(12561, 113, 4111631)     20.167          0     0     1     1
(12561, 113, 4111631)      24.25          0     0     1     1
(14341, 113, 4111631)     20.167          0     0     1     1
(14341, 113, 4111631)     22.167          0     0     1     1
(14993, 81, 4111631)     20.167          0     0     1     1
(12933, 241, 4111631)      20.25          0     0     1     1
(12933, 241, 4111631)       22.0          0     0     1     1
(12933, 241, 4111631)     24.083          0     0     1     3
(12933, 241, 4111631)     24.167          0     0     1     1
(12933, 241, 4111631)       26.0          0     0     1     1
(12933, 241, 4111631)     26.083          0     0     1     1
(12933, 241, 4111631)     26.167          0     0     0     1
(12933, 241, 4111631)     28.417          0     0     1     1
(12933, 241, 4111631)      32.25          0     0     1     1
(16085, 241, 4111631)      20.25          0     0     1     1
(16085, 241, 4111631)     20.333          0     0     1     1
(12885, 243, 4111631)      20.25          0     0     1     1
(12885, 243, 4111631)     22.167          0     0     1     1
(14935, 241, 4111631)      20.25          0     0     1     1
(12821, 241, 4111631)      20.25          0     0     1     2
(12821, 241, 4111631)     22.333          0     0     1     1
(12821, 241, 4111631)     24.167          0     0     1     1
(12821, 241, 4111631)      24.25          0     0     1     1
(12825, 241, 4111631)      20.25          0     0     1     1
(12825, 241, 4111631)     22.167          0     0     1     1
(12825, 241, 4111631)     26.083          0     0     1     1
(12441, 241, 4111631)      20.25          0     0     1     1
(15035, 81, 4111631)      20.25          0     0     1     1
(12301, 113, 4111631)      20.25          0     0     1     1
(12301, 113, 4111631)     24.167          0     0     1     1
(12301, 113, 4111631)      24.25          0     0     1     1
(12301, 113, 4111631)     26.167          0     0     1     1
(12945, 113, 4111631)      20.25          0     0     1     1
(12945, 113, 4111631)     22.083          0     0     1     1
(12945, 113, 4111631)      22.25          0     0     1     2
(12945, 113, 4111631)     26.333          0     0     1     1
(12945, 113, 4111631)     28.167          0     0     1     1
(12945, 113, 4111631)      28.25          0     0     1     1
(10907, 81, 4111631)      20.25          0     0     1     1
(13461, 113, 4111631)      20.25          0     0     1     1
(13461, 113, 4111631)     20.333          0     0     1     1
(10893, 113, 4111631)      20.25          0     0     1     1
(15253, 113, 4111631)      20.25          0     0     1     1
(15285, 249, 4111631)     20.333          0     0     1     1
(12945, 241, 4111631)     20.333          0     0     1     1
(12945, 241, 4111631)       26.0          0     0     1     1
(12945, 241, 4111631)     26.333          0     0     1     1
(15261, 113, 4111631)     20.333          0     0     1     1
(13527, 113, 4111631)     20.333          0     0     1     1
(13527, 113, 4111631)     24.083          0     0     0     1
(12981, 113, 4111631)     20.333          0     0     1     1
(12981, 113, 4111631)     30.667          0     0     1     1
(14357, 211, 4111631)     20.333          0     0     1     1
(12933, 113, 4111631)     20.333          0     0     1     1
(12933, 113, 4111631)     24.167          0     0     1     1
(12845, 113, 4111631)     20.333          0     0     1     1
(12757, 209, 4111631)     20.333          0     0     1     1
(13581, 113, 4111631)     20.333          0     0     1     1
(13189, 123, 4111631)     20.417          0     0     1     1
(15029, 241, 4111631)     20.417          0     0     0     1
(15029, 241, 4111631)     24.333          0     0     1     1
(12421, 241, 4111631)       22.0          0     0     1     1
(12421, 241, 4111631)     22.083          0     0     1     3
(12421, 241, 4111631)     22.167          0     0     1     1
(12461, 241, 4111631)       22.0          0     0     1     1
(13209, 249, 4111631)       22.0          0     0     1     1
(13141, 209, 4111631)       22.0          0     0     1     1
(14469, 241, 4111631)       22.0          0     0     1     1
(14469, 241, 4111631)      24.25          0     0     0     1
(14469, 241, 4111631)     28.333          0     0     1     1
(14485, 209, 4111631)       22.0          0     0     1     1
(14485, 209, 4111631)     22.083          0     0     1     1
(14485, 209, 4111631)     22.167          0     0     1     1
(14485, 209, 4111631)      26.25          0     0     1     1
(10901, 209, 4111631)       22.0          0     0     1     1
(14925, 241, 4111631)     22.083          0     0     1     1
(12933, 249, 4111631)     22.083          0     0     1     1
(14983, 241, 4111631)     22.083          0     0     1     1
(14101, 113, 4111631)     22.083          0     0     1     1
(14101, 113, 4111631)     28.167          0     0     1     1
(12421, 113, 4111631)     22.083          0     0     1     1
(12941, 97, 4111631)     22.083          0     0     1     1
(14341, 81, 4111631)     22.083          0     0     1     1
(12693, 81, 4111631)     22.083          0     0     1     1
(12693, 81, 4111631)     28.167          0     0     0     1
(12693, 219, 4111631)     22.167          0     0     1     1
(13005, 113, 4111631)     22.167          0     0     1     1
(12697, 241, 4111631)     22.167          0     0     1     1
(12697, 241, 4111631)     22.333          0     0     1     1
(12885, 209, 4111631)     22.167          0     0     1     2
(12885, 209, 4111631)      22.25          0     0     1     1
(12885, 209, 4111631)      24.25          0     0     1     1
(14861, 113, 4111631)     22.167          0     0     1     1
(14861, 113, 4111631)     28.083          0     0     1     1
(14933, 209, 4111631)     22.167          0     0     1     1
(14933, 209, 4111631)     24.167          0     0     1     1
(14933, 209, 4111631)      24.25          0     0     1     1
(12697, 113, 4111631)     22.167          0     0     1     1
(12697, 113, 4111631)     22.333          0     0     1     2
(12697, 113, 4111631)     24.333          0     0     1     1
(15003, 113, 4111631)     22.167          0     0     1     1
(12965, 249, 4111631)      22.25          0     0     1     1
(12965, 249, 4111631)     26.167          0     0     1     1
(12829, 241, 4111631)      22.25          0     0     1     1
(12829, 241, 4111631)     24.167          0     0     1     1
(12829, 241, 4111631)      24.25          0     0     1     1
(12829, 241, 4111631)       26.0          0     0     1     1
(12445, 245, 4111631)      22.25          0     0     1     1
(12951, 113, 4111631)      22.25          0     0     1     1
(12953, 241, 4111631)      22.25          0     0     1     1
(12953, 241, 4111631)     24.417          0     0     1     1
(14165, 113, 4111631)      22.25          0     0     1     1
(12821, 209, 4111631)      22.25          0     0     1     1
(12813, 113, 4111631)      22.25          0     0     1     1
(12813, 113, 4111631)     22.333          0     0     1     1
(12813, 113, 4111631)     24.333          0     0     1     1
(12813, 113, 4111631)     26.167          0     0     1     1
(15061, 241, 4111631)      22.25          0     0     1     1
(15061, 241, 4111631)      24.25          0     0     1     1
(14981, 113, 4111631)      22.25          0     0     1     1
(14981, 113, 4111631)     28.417          0     0     1     1
(14981, 113, 4111631)      32.25          0     0     1     1
(12565, 113, 4111631)      22.25          0     0     1     1
(12673, 177, 4111631)      22.25          0     0     1     1
(14481, 81, 4111631)      22.25          0     0     1     1
(12953, 97, 4111631)      22.25          0     0     1     1
(16021, 241, 4111631)     22.333          0     0     1     1
(15285, 241, 4111631)     22.333          0     0     1     1
(14365, 241, 4111631)     22.333          0     0     1     1
(12933, 209, 4111631)     22.333          0     0     1     1
(12933, 209, 4111631)      24.25          0     0     1     1
(12933, 209, 4111631)     30.167          0     0     1     1
(15517, 225, 4111631)     22.333          0     0     1     1
(14999, 241, 4111631)     22.333          0     0     0     1
(15029, 113, 4111631)     22.333          0     0     1     1
(15029, 113, 4111631)       24.5          0     0     1     1
(12817, 115, 4111631)     22.333          0     0     1     1
(12817, 115, 4111631)     24.333          0     0     1     1
(13141, 241, 4111631)     22.333          0     0     1     1
(14869, 209, 4111631)     22.333          0     0     1     1
(14869, 209, 4111631)     24.333          0     0     1     1
(14727, 113, 4111631)     22.417          0     0     1     1
(13205, 243, 4111631)       22.5          0     0     1     1
(12437, 209, 4111631)       24.0          0     0     1     1
(12437, 209, 4111631)     24.167          0     0     1     2
(13173, 113, 4111631)     24.083          0     0     1     1
(15363, 97, 4111631)     24.083          0     0     1     1
(14341, 209, 4111631)     24.083          0     0     1     1
(15493, 209, 4111631)     24.083          0     0     1     1
(13709, 113, 4111631)     24.083          0     0     1     1
(12309, 113, 4111631)     24.083          0     0     1     1
(12309, 113, 4111631)     32.333          0     0     1     1
(14357, 81, 4111631)     24.083          0     0     1     1
(14357, 81, 4111631)     42.333          0     0     0     1
(14493, 113, 4111631)     24.083          0     0     1     1
(12451, 97, 4111631)     24.083          0     0     1     1
(12681, 241, 4111631)     24.167          0     0     1     1
(14941, 113, 4111631)     24.167          0     0     1     1
(14421, 241, 4111631)     24.167          0     0     1     1
(12957, 97, 4111631)     24.167          0     0     1     1
(13085, 113, 4111631)     24.167          0     0     0     1
(12419, 113, 4111631)     24.167          0     0     1     2
(12419, 113, 4111631)     26.167          0     0     1     1
(12419, 113, 4111631)      28.25          0     0     1     1
(14469, 209, 4111631)     24.167          0     0     1     1
(14485, 81, 4111631)     24.167          0     0     1     1
(13251, 113, 4111631)     24.167          0     0     1     1
(14485, 177, 4111631)     24.167          0     0     1     1
(12931, 113, 4111631)     24.167          0     0     1     2
(12931, 113, 4111631)     26.083          0     0     1     1
(12931, 113, 4111631)     26.167          0     0     1     1
(12931, 113, 4111631)     28.167          0     0     1     1
(12803, 97, 4111631)     24.167          0     0     1     1
(14593, 81, 4111631)     24.167          0     0     1     1
(10901, 241, 4111631)      24.25          0     0     1     1
(13149, 113, 4111631)      24.25          0     0     1     1
(12885, 115, 4111631)      24.25          0     0     1     1
(14343, 113, 4111631)      24.25          0     0     1     1
(14343, 113, 4111631)      28.25          0     0     1     1
(12893, 113, 4111631)      24.25          0     0     1     1
(14997, 81, 4111631)      24.25          0     0     1     1
(13317, 65, 4111631)      24.25          0     0     1     1
(13013, 121, 4111631)     24.333          0     0     1     1
(13525, 241, 4111631)     24.333          0     0     1     1
(13469, 241, 4111631)     24.333          0     0     1     1
(9093, 123, 4111631)     24.333          0     0     1     1
(13837, 113, 4111631)     24.333          0     0     1     1
(14489, 113, 4111631)     24.333          0     0     1     1
(12817, 113, 4111631)     24.333          0     0     1     1
(12817, 113, 4111631)      26.25          0     0     1     1
(12817, 113, 4111631)      32.25          0     0     1     1
(12949, 177, 4111631)     24.333          0     0     1     1
(12957, 243, 4111631)     24.417          0     0     1     1
(13961, 113, 4111631)     24.417          0     0     1     1
(14101, 241, 4111631)     24.417          0     0     1     1
(14101, 241, 4111631)     26.417          0     0     1     1
(14805, 209, 4111631)     24.417          0     0     1     1
(14861, 225, 4111631)     24.417          0     0     1     1
(12693, 243, 4111631)       24.5          0     0     1     1
(13013, 209, 4111631)     26.083          0     0     1     1
(12947, 241, 4111631)     26.083          0     0     1     1
(10005, 241, 4111631)     26.167          0     0     1     1
(12317, 113, 4111631)     26.167          0     0     1     1
(14365, 113, 4111631)     26.167          0     0     1     1
(10885, 241, 4111631)     26.167          0     0     1     1
(10885, 241, 4111631)     28.167          0     0     1     1
(12805, 113, 4111631)     26.167          0     0     1     1
(14341, 241, 4111631)     26.167          0     0     1     1
(14339, 97, 4111631)     26.167          0     0     1     1
(14339, 97, 4111631)      32.25          0     0     1     1
(12433, 113, 4111631)     26.167          0     0     1     1
(14977, 113, 4111631)      26.25          0     0     1     1
(15109, 241, 4111631)      26.25          0     0     1     1
(13209, 113, 4111631)      26.25          0     0     1     1
(12929, 113, 4111631)      26.25          0     0     1     1
(14989, 225, 4111631)      26.25          0     0     1     1
(12497, 113, 4111631)      26.25          0     0     1     1
(12757, 81, 4111631)      26.25          0     0     0     1
(12679, 113, 4111631)      26.25          0     0     1     1
(15045, 245, 4111631)     26.333          0     0     1     1
(8851, 115, 4111631)     26.333          0     0     0     1
(12697, 115, 4111631)     26.333          0     0     1     1
(14357, 113, 4111631)     26.333          0     0     1     1
(14357, 97, 4111631)     26.333          0     0     1     1
(13209, 49, 4111631)     26.333          0     0     1     1
(14531, 97, 4111631)     26.333          0     0     1     1
(14489, 97, 4111631)     26.333          0     0     1     1
(12673, 49, 4111631)     26.333          0     0     1     1
(12313, 81, 4111631)     26.333          0     0     1     1
(12313, 81, 4111631)     34.583          0     0     1     1
(10901, 113, 4111631)     26.417          0     0     1     1
(13059, 97, 4111631)     26.417          0     0     1     1
(12887, 113, 4111631)     26.417          0     0     1     1
(10907, 117, 4111631)     26.417          0     0     1     1
(13205, 115, 4111631)       26.5          0     0     1     1
(13189, 241, 4111631)     28.083          0     0     1     1
(13189, 241, 4111631)     30.583          0     0     1     1
(8853, 209, 4111631)     28.083          0     0     0     1
(15025, 121, 4111631)     28.167          0     0     1     1
(15045, 241, 4111631)     28.167          0     0     0     1
(12677, 241, 4111631)     28.167          0     0     1     1
(12677, 241, 4111631)      34.25          0     0     1     1
(13653, 113, 4111631)     28.167          0     0     1     1
(13941, 113, 4111631)     28.167          0     0     1     1
(15957, 241, 4111631)      28.25          0     0     0     1
(13461, 241, 4111631)      28.25          0     0     1     1
(15897, 113, 4111631)      28.25          0     0     1     1
(12501, 209, 4111631)      28.25          0     0     1     1
(12993, 113, 4111631)      28.25          0     0     1     1
(13969, 113, 4111631)      28.25          0     0     1     1
(13061, 113, 4111631)      28.25          0     0     1     1
(15749, 241, 4111631)     28.333          0     0     1     1
(15749, 241, 4111631)     30.167          0     0     1     1
(14375, 113, 4111631)     28.333          0     0     1     1
(13399, 113, 4111631)     28.333          0     0     1     1
(13399, 113, 4111631)     30.333          0     0     1     1
(14213, 241, 4111631)     28.417          0     0     1     1
(13781, 209, 4111631)     28.417          0     0     1     1
(12305, 213, 4111631)     28.417          0     0     0     1
(12547, 97, 4111631)     28.417          0     0     1     1
(14421, 113, 4111631)     30.167          0     0     1     1
(10773, 113, 4111631)      30.25          0     0     1     1
(12441, 113, 4111631)      30.25          0     0     1     1
(14357, 209, 4111631)     30.333          0     0     1     1
(12877, 113, 4111631)     30.333          0     0     1     1
(12311, 81, 4111631)     30.333          0     0     0     1
(13061, 241, 4111631)     30.417          0     0     1     1
(13853, 241, 4111631)     30.417          0     0     1     1
(10801, 113, 4111631)     30.417          0     0     1     1
(12697, 49, 4111631)     30.417          0     0     1     1
(12445, 113, 4111631)     30.583          0     0     1     1
(14337, 65, 4111631)     32.083          0     0     1     1
(12545, 65, 4111631)     32.167          0     0     1     1
(13333, 113, 4111631)      32.25          0     0     1     1
(12929, 225, 4111631)      32.25          0     0     1     1
(10769, 113, 4111631)      32.25          0     0     1     1
(12423, 113, 4111631)     32.333          0     0     1     1
(13589, 113, 4111631)       32.5          0     0     1     1
(12565, 177, 4111631)       32.5          0     0     1     1
(12805, 241, 4111631)     34.167          0     0     0     1
(13829, 113, 4111631)     34.333          0     0     1     1
(12293, 113, 4111631)     34.333          0     0     0     1
(13313, 97, 4111631)     34.333          0     0     1     1
(12425, 241, 4111631)     36.333          0     0     1     1
(12801, 1, 4111631)       38.25          0     0     0     1
(12309, 241, 4111631)     38.417          0     0     1     1
(12321, 241, 4111631)       38.5          0     0     0     1
