inputs: [4111631]/1000 samples
product                 energy   A*B=out      cfhs    chains  num 
(16021, 243, 4111631)     12.083          0     0     1     1
(12501, 241, 4111631)     12.083          0     0     1     1
(12501, 241, 4111631)     12.167          0     0     1     1
(12501, 241, 4111631)     22.417          0     0     1     1
(12501, 241, 4111631)     28.167          0     0     1     1
(14981, 179, 4111631)      12.25          0     0     1     1
(14981, 179, 4111631)      16.25          0     0     1     1
(14981, 179, 4111631)     16.333          0     0     1     1
(14981, 243, 4111631)       14.0          0     0     1     1
(14981, 243, 4111631)     16.083          0     0     1     1
(14981, 243, 4111631)     16.167          0     0     1     1
(14981, 243, 4111631)      18.25          0     0     1     3
(14981, 243, 4111631)     18.417          0     0     1     1
(14981, 243, 4111631)      20.25          0     0     1     1
(14981, 243, 4111631)     20.333          0     0     1     1
(14981, 243, 4111631)     22.333          0     0     1     1
(15061, 241, 4111631)     14.083          0     0     1     2
(15061, 241, 4111631)     14.167          0     0     1     1
(15061, 241, 4111631)      16.25          0     0     1     1
(15061, 241, 4111631)     18.167          0     0     1     3
(15061, 241, 4111631)      18.25          0     0     1     1
(15061, 241, 4111631)     20.333          0     0     1     2
(15061, 241, 4111631)     20.417          0     0     1     2
(15061, 241, 4111631)       22.0          0     0     1     1
(15061, 241, 4111631)       22.5          0     0     1     1
(15061, 241, 4111631)     24.417          0     0     1     1
(15061, 241, 4111631)     26.583          0     0     1     1
(15061, 241, 4111631)      28.25          0     0     1     1
(15061, 241, 4111631)       30.5          0     0     1     1
(15061, 241, 4111631)       32.5          0     0     1     1
(15061, 113, 4111631)     14.083          0     0     1     1
(15061, 113, 4111631)      18.25          0     0     1     1
(15061, 113, 4111631)     18.333          0     0     1     1
(14037, 241, 4111631)      14.25          0     0     1     1
(14037, 241, 4111631)     20.417          0     0     1     1
(14037, 241, 4111631)     24.417          0     0     1     1
(14037, 241, 4111631)     26.417          0     0     1     1
(15053, 241, 4111631)       16.0          0     0     1     1
(15053, 241, 4111631)     16.167          0     0     1     1
(15053, 241, 4111631)     24.083          0     0     1     1
(14741, 241, 4111631)     16.083          0     0     1     1
(14741, 241, 4111631)       24.5          0     0     1     1
(14741, 241, 4111631)     30.417          0     0     1     1
(13205, 209, 4111631)     16.083          0     0     1     1
(13205, 209, 4111631)     16.167          0     0     1     1
(12501, 243, 4111631)     16.167          0     0     1     1
(14997, 211, 4111631)     16.167          0     0     1     1
(14997, 211, 4111631)       18.5          0     0     1     1
(15253, 209, 4111631)     16.167          0     0     1     1
(10933, 249, 4111631)      16.25          0     0     1     1
(14997, 123, 4111631)      16.25          0     0     1     1
(14021, 241, 4111631)      16.25          0     0     1     1
(14021, 241, 4111631)     18.167          0     0     1     1
(14021, 241, 4111631)      22.25          0     0     1     1
(15253, 185, 4111631)     16.333          0     0     1     1
(14997, 241, 4111631)     18.083          0     0     1     1
(14997, 241, 4111631)     18.167          0     0     1     2
(14997, 241, 4111631)      18.25          0     0     1     2
(14997, 241, 4111631)      20.25          0     0     1     2
(14997, 241, 4111631)     20.333          0     0     1     2
(14997, 241, 4111631)       22.0          0     0     1     1
(14997, 241, 4111631)     22.167          0     0     1     2
(14997, 241, 4111631)      22.25          0     0     1     3
(14997, 241, 4111631)     22.333          0     0     1     1
(14997, 241, 4111631)     24.167          0     0     1     1
(14997, 241, 4111631)      26.25          0     0     1     1
(14997, 241, 4111631)     26.333          0     0     1     2
(14997, 241, 4111631)     26.417          0     0     1     2
(14997, 241, 4111631)     28.167          0     0     1     1
(14997, 241, 4111631)     28.417          0     0     1     1
(14997, 241, 4111631)       30.5          0     0     1     1
(14997, 241, 4111631)     32.167          0     0     1     1
(15045, 241, 4111631)     18.083          0     0     1     2
(15045, 241, 4111631)     18.167          0     0     1     1
(15045, 241, 4111631)     20.417          0     0     1     2
(15045, 241, 4111631)     22.083          0     0     1     1
(15045, 241, 4111631)      22.25          0     0     1     1
(15045, 241, 4111631)     22.333          0     0     1     1
(15045, 241, 4111631)      24.25          0     0     1     1
(15045, 241, 4111631)      26.25          0     0     1     1
(15045, 241, 4111631)     26.333          0     0     1     2
(15045, 241, 4111631)     26.417          0     0     1     3
(15045, 241, 4111631)     28.333          0     0     1     1
(15045, 241, 4111631)     28.417          0     0     1     2
(15045, 241, 4111631)     28.583          0     0     1     1
(15045, 241, 4111631)     30.333          0     0     1     1
(15045, 241, 4111631)     32.167          0     0     1     1
(14917, 113, 4111631)     18.083          0     0     1     1
(14917, 113, 4111631)     18.167          0     0     1     1
(14917, 113, 4111631)     20.083          0     0     1     1
(14485, 209, 4111631)     18.083          0     0     1     1
(14485, 209, 4111631)       20.0          0     0     1     1
(14485, 209, 4111631)     20.083          0     0     1     1
(14485, 209, 4111631)       22.0          0     0     1     1
(14485, 209, 4111631)      28.25          0     0     1     1
(13005, 241, 4111631)     18.167          0     0     1     1
(13005, 241, 4111631)      22.25          0     0     1     1
(13205, 241, 4111631)     18.167          0     0     1     1
(13205, 241, 4111631)     18.333          0     0     1     1
(13205, 241, 4111631)      20.25          0     0     1     1
(13205, 241, 4111631)      22.25          0     0     1     2
(14997, 209, 4111631)     18.167          0     0     1     1
(14997, 209, 4111631)     24.083          0     0     1     1
(14997, 209, 4111631)     24.167          0     0     1     1
(14997, 209, 4111631)     24.333          0     0     1     2
(14997, 209, 4111631)     24.417          0     0     1     1
(14997, 209, 4111631)      26.25          0     0     1     1
(14997, 209, 4111631)     32.417          0     0     1     1
(14789, 113, 4111631)     18.167          0     0     1     1
(14229, 209, 4111631)     18.167          0     0     1     1
(14229, 209, 4111631)      18.25          0     0     1     1
(14211, 97, 4111631)     18.167          0     0     1     1
(15061, 249, 4111631)      18.25          0     0     1     1
(15061, 249, 4111631)      22.25          0     0     1     1
(15957, 243, 4111631)      18.25          0     0     1     1
(15957, 243, 4111631)       22.5          0     0     1     1
(12693, 241, 4111631)      18.25          0     0     1     1
(12693, 241, 4111631)      24.25          0     0     1     1
(12981, 249, 4111631)      18.25          0     0     1     1
(16069, 241, 4111631)      18.25          0     0     1     1
(16069, 241, 4111631)      22.25          0     0     1     1
(16069, 241, 4111631)     28.583          0     0     1     1
(16069, 241, 4111631)       30.5          0     0     1     1
(12997, 241, 4111631)      18.25          0     0     1     1
(12997, 241, 4111631)     20.083          0     0     1     1
(12997, 241, 4111631)     20.167          0     0     1     1
(12997, 241, 4111631)      20.25          0     0     1     1
(12997, 241, 4111631)     22.083          0     0     1     2
(12997, 241, 4111631)      22.25          0     0     1     1
(12997, 241, 4111631)     22.333          0     0     1     1
(12997, 241, 4111631)     24.167          0     0     1     1
(12997, 241, 4111631)      24.25          0     0     1     1
(12997, 241, 4111631)      26.25          0     0     1     2
(12997, 241, 4111631)     26.333          0     0     1     2
(12997, 241, 4111631)     28.417          0     0     1     1
(12997, 241, 4111631)       28.5          0     0     1     1
(12997, 241, 4111631)     28.583          0     0     1     1
(12997, 241, 4111631)     30.083          0     0     1     1
(12997, 241, 4111631)     30.167          0     0     1     1
(12997, 241, 4111631)     30.333          0     0     1     1
(12997, 241, 4111631)     30.417          0     0     1     1
(12997, 241, 4111631)       30.5          0     0     1     1
(12997, 241, 4111631)     30.583          0     0     1     1
(12997, 241, 4111631)     30.667          0     0     1     1
(12997, 241, 4111631)     32.667          0     0     1     1
(12997, 241, 4111631)     38.333          0     0     1     1
(12933, 233, 4111631)      18.25          0     0     1     1
(13653, 241, 4111631)      18.25          0     0     1     1
(13653, 241, 4111631)       26.5          0     0     1     1
(13965, 113, 4111631)      18.25          0     0     1     1
(15061, 209, 4111631)      18.25          0     0     1     1
(15061, 209, 4111631)     22.083          0     0     1     1
(15061, 209, 4111631)     24.333          0     0     1     1
(10973, 113, 4111631)      18.25          0     0     1     1
(12949, 209, 4111631)      18.25          0     0     1     1
(12949, 209, 4111631)     22.083          0     0     1     2
(12949, 209, 4111631)      22.25          0     0     1     1
(12949, 209, 4111631)     24.167          0     0     1     1
(12949, 209, 4111631)      24.25          0     0     1     1
(12949, 209, 4111631)       26.0          0     0     1     1
(12949, 209, 4111631)     26.167          0     0     1     2
(12949, 209, 4111631)      28.25          0     0     1     1
(12949, 209, 4111631)     28.417          0     0     1     1
(15047, 209, 4111631)      18.25          0     0     1     1
(12973, 245, 4111631)     18.333          0     0     1     1
(14937, 241, 4111631)     18.333          0     0     1     1
(14997, 249, 4111631)     18.333          0     0     1     1
(14997, 249, 4111631)     24.083          0     0     1     1
(14997, 249, 4111631)      26.25          0     0     1     1
(14997, 249, 4111631)     26.667          0     0     1     1
(13009, 125, 4111631)     18.333          0     0     1     1
(14029, 241, 4111631)     18.333          0     0     1     1
(14029, 241, 4111631)       30.5          0     0     1     1
(13013, 241, 4111631)     18.417          0     0     1     1
(13013, 241, 4111631)     20.417          0     0     1     1
(13013, 241, 4111631)       20.5          0     0     1     1
(13013, 241, 4111631)     22.167          0     0     1     1
(13013, 241, 4111631)      22.25          0     0     1     1
(13013, 241, 4111631)     22.333          0     0     1     5
(13013, 241, 4111631)     24.333          0     0     1     2
(13013, 241, 4111631)     24.417          0     0     1     1
(13013, 241, 4111631)     24.583          0     0     1     1
(13013, 241, 4111631)     26.417          0     0     1     1
(13013, 241, 4111631)       26.5          0     0     1     1
(13013, 241, 4111631)      28.25          0     0     1     1
(13013, 241, 4111631)     28.333          0     0     1     1
(13013, 241, 4111631)     30.333          0     0     1     1
(13013, 241, 4111631)       30.5          0     0     1     1
(13013, 241, 4111631)       34.5          0     0     1     1
(13013, 241, 4111631)     34.583          0     0     1     1
(10927, 113, 4111631)     18.417          0     0     1     1
(14981, 241, 4111631)       20.0          0     0     1     2
(14981, 241, 4111631)     20.167          0     0     1     1
(14981, 241, 4111631)      20.25          0     0     1     1
(14981, 241, 4111631)     20.333          0     0     1     1
(14981, 241, 4111631)     22.083          0     0     1     2
(14981, 241, 4111631)     22.167          0     0     1     2
(14981, 241, 4111631)      22.25          0     0     1     4
(14981, 241, 4111631)     22.417          0     0     1     1
(14981, 241, 4111631)     24.083          0     0     1     3
(14981, 241, 4111631)     24.167          0     0     1     1
(14981, 241, 4111631)      24.25          0     0     1     2
(14981, 241, 4111631)     24.333          0     0     1     1
(14981, 241, 4111631)       26.0          0     0     1     1
(14981, 241, 4111631)     26.083          0     0     1     2
(14981, 241, 4111631)     26.167          0     0     1     5
(14981, 241, 4111631)      26.25          0     0     1     2
(14981, 241, 4111631)     26.333          0     0     1     2
(14981, 241, 4111631)     26.417          0     0     1     1
(14981, 241, 4111631)      28.25          0     0     1     2
(14981, 241, 4111631)     28.333          0     0     1     2
(14981, 241, 4111631)     30.417          0     0     1     1
(14981, 241, 4111631)     34.417          0     0     1     1
(14981, 241, 4111631)     36.167          0     0     1     1
(14981, 241, 4111631)       36.5          0     0     1     1
(14861, 241, 4111631)       20.0          0     0     1     1
(14853, 243, 4111631)     20.083          0     0     1     1
(14853, 243, 4111631)     24.167          0     0     1     1
(14853, 243, 4111631)       26.5          0     0     1     1
(16005, 241, 4111631)     20.083          0     0     1     1
(16005, 241, 4111631)     24.083          0     0     1     1
(16005, 241, 4111631)     28.333          0     0     1     1
(16005, 241, 4111631)     32.167          0     0     1     1
(10949, 241, 4111631)     20.083          0     0     1     1
(10949, 241, 4111631)      24.25          0     0     1     1
(10949, 241, 4111631)     24.417          0     0     1     2
(10949, 241, 4111631)     26.167          0     0     1     1
(10949, 241, 4111631)     28.333          0     0     1     1
(10949, 241, 4111631)       28.5          0     0     1     1
(10949, 241, 4111631)     28.583          0     0     1     1
(12933, 209, 4111631)     20.083          0     0     1     1
(12933, 209, 4111631)     24.083          0     0     1     1
(12933, 209, 4111631)     26.083          0     0     1     1
(12933, 209, 4111631)       28.0          0     0     1     1
(12933, 209, 4111631)     28.417          0     0     1     1
(12933, 209, 4111631)     30.417          0     0     1     1
(12423, 225, 4111631)     20.083          0     0     1     1
(12423, 225, 4111631)     32.417          0     0     1     1
(14485, 241, 4111631)     20.083          0     0     1     1
(10885, 209, 4111631)     20.083          0     0     1     2
(10885, 209, 4111631)     28.167          0     0     1     1
(10885, 209, 4111631)     28.417          0     0     1     1
(14981, 225, 4111631)     20.083          0     0     1     1
(14981, 225, 4111631)     26.167          0     0     1     1
(13013, 209, 4111631)     20.083          0     0     1     1
(13013, 209, 4111631)     22.083          0     0     1     1
(13013, 209, 4111631)     38.417          0     0     1     1
(15013, 243, 4111631)     20.167          0     0     1     1
(16277, 249, 4111631)     20.167          0     0     1     1
(10885, 241, 4111631)     20.167          0     0     1     1
(10885, 241, 4111631)     22.083          0     0     1     1
(10885, 241, 4111631)     22.167          0     0     1     2
(10885, 241, 4111631)     24.167          0     0     1     1
(10885, 241, 4111631)     28.083          0     0     1     1
(10885, 241, 4111631)      28.25          0     0     1     1
(10885, 241, 4111631)     32.333          0     0     1     1
(13013, 113, 4111631)     20.167          0     0     1     1
(12933, 225, 4111631)     20.167          0     0     1     1
(12933, 225, 4111631)     24.083          0     0     1     2
(12933, 225, 4111631)     28.083          0     0     1     1
(14981, 177, 4111631)     20.167          0     0     1     2
(14981, 177, 4111631)      24.25          0     0     1     2
(14981, 177, 4111631)     26.333          0     0     1     1
(14981, 177, 4111631)      28.25          0     0     1     1
(14981, 177, 4111631)     28.417          0     0     1     1
(14469, 161, 4111631)     20.167          0     0     1     1
(12807, 225, 4111631)     20.167          0     0     1     1
(12807, 225, 4111631)     26.083          0     0     1     1
(12807, 225, 4111631)      28.25          0     0     1     1
(14981, 209, 4111631)     20.167          0     0     1     1
(14981, 209, 4111631)     22.083          0     0     1     1
(14981, 209, 4111631)     24.167          0     0     1     1
(14981, 209, 4111631)      24.25          0     0     1     1
(14981, 209, 4111631)     24.333          0     0     1     1
(14981, 209, 4111631)     26.333          0     0     1     1
(14981, 209, 4111631)     26.417          0     0     1     1
(14981, 209, 4111631)     30.583          0     0     1     1
(12931, 97, 4111631)     20.167          0     0     1     1
(12931, 97, 4111631)     24.167          0     0     1     2
(12949, 241, 4111631)      20.25          0     0     1     2
(12949, 241, 4111631)     20.333          0     0     1     2
(12949, 241, 4111631)     24.083          0     0     1     1
(12949, 241, 4111631)     24.167          0     0     1     1
(12949, 241, 4111631)      24.25          0     0     1     1
(12949, 241, 4111631)     24.333          0     0     1     1
(12949, 241, 4111631)     26.167          0     0     1     2
(12949, 241, 4111631)      26.25          0     0     1     1
(12949, 241, 4111631)     26.333          0     0     1     2
(12949, 241, 4111631)      30.25          0     0     1     1
(12949, 241, 4111631)      32.25          0     0     1     1
(12949, 241, 4111631)     34.417          0     0     1     2
(15285, 249, 4111631)      20.25          0     0     1     1
(9909, 249, 4111631)      20.25          0     0     1     1
(14533, 241, 4111631)      20.25          0     0     1     1
(14533, 241, 4111631)     24.417          0     0     1     1
(14533, 241, 4111631)      26.25          0     0     1     1
(14533, 241, 4111631)     26.417          0     0     1     1
(14533, 241, 4111631)     28.333          0     0     1     1
(15025, 113, 4111631)      20.25          0     0     1     1
(13957, 241, 4111631)      20.25          0     0     1     1
(13957, 241, 4111631)      24.25          0     0     1     1
(13957, 241, 4111631)     28.083          0     0     1     1
(15045, 225, 4111631)      20.25          0     0     1     1
(15045, 225, 4111631)     32.417          0     0     1     1
(14773, 241, 4111631)      20.25          0     0     1     1
(14861, 113, 4111631)      20.25          0     0     1     1
(14861, 113, 4111631)      26.25          0     0     1     1
(15261, 113, 4111631)      20.25          0     0     1     1
(15125, 113, 4111631)      20.25          0     0     1     1
(15047, 81, 4111631)      20.25          0     0     1     1
(14979, 97, 4111631)      20.25          0     0     1     1
(14979, 97, 4111631)     22.417          0     0     1     1
(14535, 249, 4111631)     20.333          0     0     0     1
(11925, 241, 4111631)     20.333          0     0     1     1
(14029, 249, 4111631)     20.333          0     0     1     1
(14933, 241, 4111631)     20.333          0     0     1     1
(14933, 241, 4111631)       26.5          0     0     1     1
(14933, 241, 4111631)     28.417          0     0     1     1
(12997, 113, 4111631)     20.333          0     0     1     1
(12997, 113, 4111631)      24.25          0     0     1     1
(12997, 113, 4111631)     24.417          0     0     1     1
(12997, 113, 4111631)     26.333          0     0     1     2
(12997, 113, 4111631)     26.417          0     0     1     1
(12997, 113, 4111631)       30.5          0     0     1     1
(12997, 113, 4111631)      32.25          0     0     1     1
(12997, 113, 4111631)     34.167          0     0     1     1
(15245, 177, 4111631)     20.333          0     0     1     1
(12973, 113, 4111631)     20.333          0     0     1     1
(12973, 113, 4111631)     24.167          0     0     1     1
(15045, 113, 4111631)     20.333          0     0     1     1
(15045, 113, 4111631)       22.5          0     0     1     1
(15045, 113, 4111631)     24.333          0     0     1     1
(15045, 113, 4111631)     32.417          0     0     1     1
(13957, 113, 4111631)     20.333          0     0     1     1
(13201, 113, 4111631)     20.333          0     0     1     1
(16261, 241, 4111631)     20.417          0     0     1     1
(14005, 249, 4111631)     20.417          0     0     1     1
(14005, 249, 4111631)      22.25          0     0     1     1
(14997, 251, 4111631)       20.5          0     0     1     1
(12933, 241, 4111631)       22.0          0     0     1     2
(12933, 241, 4111631)     22.083          0     0     1     2
(12933, 241, 4111631)      22.25          0     0     1     1
(12933, 241, 4111631)     22.333          0     0     1     2
(12933, 241, 4111631)       24.0          0     0     1     1
(12933, 241, 4111631)     24.083          0     0     1     7
(12933, 241, 4111631)     24.167          0     0     1     5
(12933, 241, 4111631)      24.25          0     0     1     1
(12933, 241, 4111631)       26.0          0     0     1     3
(12933, 241, 4111631)     26.083          0     0     1     3
(12933, 241, 4111631)     26.167          0     0     1     5
(12933, 241, 4111631)      26.25          0     0     1     2
(12933, 241, 4111631)     26.333          0     0     1     2
(12933, 241, 4111631)     26.667          0     0     1     1
(12933, 241, 4111631)     28.083          0     0     1     5
(12933, 241, 4111631)      28.25          0     0     1     3
(12933, 241, 4111631)     28.333          0     0     1     2
(12933, 241, 4111631)     28.417          0     0     1     1
(12933, 241, 4111631)     30.167          0     0     1     3
(12933, 241, 4111631)       30.5          0     0     1     1
(12933, 241, 4111631)     32.167          0     0     1     2
(12933, 241, 4111631)     32.333          0     0     1     1
(12933, 241, 4111631)     32.667          0     0     1     1
(12933, 241, 4111631)      36.25          0     0     1     1
(14469, 241, 4111631)       22.0          0     0     1     2
(14469, 241, 4111631)       22.0          0     0     0     1
(14469, 241, 4111631)     22.167          0     0     1     1
(14469, 241, 4111631)       24.0          0     0     1     1
(14469, 241, 4111631)     24.083          0     0     1     1
(14469, 241, 4111631)     24.167          0     0     1     2
(14469, 241, 4111631)     26.083          0     0     1     2
(14469, 241, 4111631)     26.167          0     0     1     1
(14469, 241, 4111631)      28.25          0     0     1     1
(14469, 241, 4111631)      30.25          0     0     1     1
(12973, 241, 4111631)     22.083          0     0     1     1
(12973, 241, 4111631)       24.5          0     0     1     1
(12421, 241, 4111631)     22.083          0     0     1     3
(12421, 241, 4111631)     22.167          0     0     1     2
(12421, 241, 4111631)     24.083          0     0     1     1
(12421, 241, 4111631)     24.167          0     0     1     1
(12421, 241, 4111631)     26.083          0     0     1     2
(12421, 241, 4111631)     28.417          0     0     1     1
(12421, 241, 4111631)      30.25          0     0     1     1
(12421, 241, 4111631)     32.083          0     0     1     1
(12421, 241, 4111631)      32.25          0     0     1     1
(12421, 241, 4111631)     34.417          0     0     1     1
(15029, 249, 4111631)     22.083          0     0     1     1
(15029, 249, 4111631)     22.417          0     0     1     1
(13061, 241, 4111631)     22.083          0     0     1     1
(13061, 241, 4111631)       36.5          0     0     1     1
(14965, 113, 4111631)     22.083          0     0     1     1
(15047, 241, 4111631)     22.083          0     0     1     1
(15047, 241, 4111631)      24.25          0     0     1     1
(12965, 241, 4111631)     22.167          0     0     1     1
(12965, 241, 4111631)     28.333          0     0     1     1
(13973, 241, 4111631)     22.167          0     0     1     1
(13973, 241, 4111631)      22.25          0     0     1     1
(13973, 241, 4111631)     22.333          0     0     1     1
(13973, 241, 4111631)      24.25          0     0     1     1
(13973, 241, 4111631)      26.25          0     0     1     1
(13973, 241, 4111631)     28.167          0     0     1     1
(14885, 217, 4111631)     22.167          0     0     1     1
(14989, 241, 4111631)     22.167          0     0     1     1
(12885, 241, 4111631)     22.167          0     0     1     1
(12885, 241, 4111631)       32.5          0     0     1     1
(13189, 241, 4111631)     22.167          0     0     1     1
(13189, 241, 4111631)      22.25          0     0     1     1
(13189, 241, 4111631)     26.167          0     0     1     1
(12869, 241, 4111631)     22.167          0     0     1     1
(12869, 241, 4111631)     24.083          0     0     1     1
(12869, 241, 4111631)     26.083          0     0     1     1
(12869, 241, 4111631)       30.5          0     0     1     1
(12869, 241, 4111631)     44.583          0     0     1     1
(15253, 241, 4111631)     22.167          0     0     1     1
(14997, 233, 4111631)     22.167          0     0     1     1
(12941, 241, 4111631)     22.167          0     0     1     1
(12941, 241, 4111631)     24.083          0     0     1     1
(12941, 241, 4111631)      24.25          0     0     1     1
(12677, 241, 4111631)     22.167          0     0     1     1
(12677, 241, 4111631)     34.333          0     0     1     1
(12677, 241, 4111631)     36.667          0     0     1     1
(11909, 241, 4111631)     22.167          0     0     1     1
(14983, 225, 4111631)     22.167          0     0     1     1
(14983, 225, 4111631)     22.417          0     0     1     1
(15045, 209, 4111631)     22.167          0     0     1     1
(15045, 209, 4111631)      22.25          0     0     1     2
(15045, 209, 4111631)     22.333          0     0     1     1
(15045, 209, 4111631)     22.417          0     0     1     1
(15045, 209, 4111631)      24.25          0     0     1     1
(15045, 209, 4111631)       26.5          0     0     1     1
(15045, 209, 4111631)     28.333          0     0     1     1
(15045, 209, 4111631)     34.583          0     0     1     1
(12759, 113, 4111631)     22.167          0     0     1     1
(15173, 241, 4111631)     22.167          0     0     1     1
(12885, 209, 4111631)     22.167          0     0     1     1
(12885, 209, 4111631)      24.25          0     0     1     1
(12997, 209, 4111631)     22.167          0     0     1     1
(12997, 209, 4111631)     24.167          0     0     1     1
(12997, 209, 4111631)      26.25          0     0     1     1
(12997, 209, 4111631)       28.5          0     0     1     2
(12997, 209, 4111631)     30.417          0     0     1     1
(12995, 97, 4111631)     22.167          0     0     1     1
(15237, 241, 4111631)      22.25          0     0     1     1
(10901, 241, 4111631)      22.25          0     0     1     1
(10901, 241, 4111631)     24.333          0     0     1     1
(10901, 241, 4111631)      26.25          0     0     1     1
(10901, 241, 4111631)     26.417          0     0     1     1
(15493, 241, 4111631)      22.25          0     0     1     1
(15493, 241, 4111631)     36.333          0     0     1     1
(12829, 113, 4111631)      22.25          0     0     1     1
(14869, 241, 4111631)      22.25          0     0     1     1
(14869, 241, 4111631)      30.25          0     0     1     1
(12805, 225, 4111631)      22.25          0     0     1     1
(14551, 241, 4111631)      22.25          0     0     1     1
(14937, 113, 4111631)      22.25          0     0     1     1
(13957, 91, 4111631)      22.25          0     0     1     1
(14933, 113, 4111631)      22.25          0     0     1     1
(14023, 225, 4111631)      22.25          0     0     1     1
(12997, 177, 4111631)      22.25          0     0     1     1
(12997, 177, 4111631)     32.167          0     0     1     1
(13509, 113, 4111631)      22.25          0     0     1     1
(8901, 211, 4111631)      22.25          0     0     0     1
(12757, 241, 4111631)     22.333          0     0     1     1
(14465, 113, 4111631)     22.333          0     0     1     1
(14725, 243, 4111631)     22.333          0     0     1     1
(13043, 117, 4111631)     22.333          0     0     1     1
(15005, 241, 4111631)     22.333          0     0     1     1
(15005, 241, 4111631)       37.0          0     0     1     1
(12373, 241, 4111631)     22.333          0     0     1     1
(12373, 241, 4111631)      34.25          0     0     0     1
(14981, 115, 4111631)     22.333          0     0     1     1
(14549, 241, 4111631)     22.333          0     0     1     1
(14549, 241, 4111631)     26.417          0     0     1     1
(13973, 185, 4111631)     22.333          0     0     1     1
(12613, 115, 4111631)     22.333          0     0     1     1
(12949, 113, 4111631)     22.333          0     0     1     1
(12949, 113, 4111631)     28.333          0     0     1     1
(14855, 209, 4111631)     22.333          0     0     1     1
(14997, 243, 4111631)     22.417          0     0     1     1
(14997, 243, 4111631)       30.5          0     0     1     1
(12957, 241, 4111631)     22.417          0     0     1     1
(13145, 241, 4111631)     22.417          0     0     1     1
(13253, 241, 4111631)     22.417          0     0     1     1
(13253, 241, 4111631)     30.417          0     0     1     1
(13253, 241, 4111631)     32.333          0     0     1     1
(14933, 187, 4111631)     22.417          0     0     1     1
(13059, 97, 4111631)     22.417          0     0     1     1
(16085, 241, 4111631)       22.5          0     0     1     1
(16085, 241, 4111631)     32.417          0     0     0     1
(14983, 249, 4111631)     24.083          0     0     1     1
(15877, 241, 4111631)     24.083          0     0     1     1
(14485, 217, 4111631)     24.083          0     0     1     1
(15509, 209, 4111631)     24.083          0     0     1     1
(14541, 121, 4111631)     24.083          0     0     0     1
(14021, 209, 4111631)     24.083          0     0     1     1
(12951, 113, 4111631)     24.083          0     0     1     1
(15973, 249, 4111631)     24.167          0     0     1     1
(12805, 241, 4111631)     24.167          0     0     1     2
(12805, 241, 4111631)     26.167          0     0     1     1
(12805, 241, 4111631)     30.167          0     0     0     1
(12805, 241, 4111631)     36.333          0     0     1     1
(12805, 241, 4111631)     36.417          0     0     1     1
(15029, 241, 4111631)     24.167          0     0     1     1
(14357, 211, 4111631)     24.167          0     0     1     1
(14613, 113, 4111631)     24.167          0     0     1     1
(12999, 241, 4111631)     24.167          0     0     1     1
(14357, 241, 4111631)     24.167          0     0     1     1
(14357, 241, 4111631)      26.25          0     0     1     1
(10957, 241, 4111631)     24.167          0     0     1     1
(14541, 113, 4111631)     24.167          0     0     1     1
(10945, 241, 4111631)     24.167          0     0     1     1
(14949, 121, 4111631)     24.167          0     0     1     1
(14497, 209, 4111631)     24.167          0     0     1     1
(13005, 113, 4111631)     24.167          0     0     1     1
(12871, 113, 4111631)     24.167          0     0     1     1
(12929, 225, 4111631)     24.167          0     0     1     1
(12929, 225, 4111631)     34.333          0     0     1     1
(13973, 209, 4111631)     24.167          0     0     1     1
(13973, 209, 4111631)      30.25          0     0     1     1
(14121, 209, 4111631)     24.167          0     0     1     1
(14981, 249, 4111631)      24.25          0     0     1     1
(10837, 241, 4111631)      24.25          0     0     1     1
(14997, 121, 4111631)      24.25          0     0     1     1
(14341, 241, 4111631)      24.25          0     0     1     1
(14341, 241, 4111631)     36.333          0     0     1     1
(14341, 241, 4111631)     38.583          0     0     1     1
(14341, 209, 4111631)      24.25          0     0     1     1
(14341, 209, 4111631)       36.5          0     0     1     1
(10951, 225, 4111631)      24.25          0     0     1     1
(15085, 121, 4111631)      24.25          0     0     1     1
(12741, 113, 4111631)      24.25          0     0     1     1
(15875, 121, 4111631)      24.25          0     0     1     1
(12965, 177, 4111631)      24.25          0     0     1     1
(16177, 113, 4111631)      24.25          0     0     1     1
(15041, 225, 4111631)      24.25          0     0     1     1
(12963, 97, 4111631)      24.25          0     0     1     1
(13237, 241, 4111631)     24.333          0     0     1     1
(12933, 181, 4111631)     24.333          0     0     1     1
(13909, 241, 4111631)     24.333          0     0     1     1
(13125, 241, 4111631)     24.333          0     0     1     1
(12821, 243, 4111631)     24.333          0     0     1     1
(12933, 113, 4111631)     24.333          0     0     1     1
(12933, 113, 4111631)      26.25          0     0     1     1
(12933, 113, 4111631)     30.083          0     0     1     1
(13959, 113, 4111631)     24.333          0     0     1     2
(15013, 113, 4111631)     24.333          0     0     1     1
(12947, 97, 4111631)     24.333          0     0     1     1
(14597, 193, 4111631)     24.333          0     0     1     1
(10949, 113, 4111631)     24.333          0     0     1     1
(10949, 113, 4111631)     28.333          0     0     1     1
(14339, 97, 4111631)     24.333          0     0     1     1
(14979, 99, 4111631)     24.333          0     0     0     1
(10869, 249, 4111631)     24.417          0     0     1     1
(11861, 241, 4111631)     24.417          0     0     1     1
(12949, 243, 4111631)     24.417          0     0     1     1
(13269, 241, 4111631)       24.5          0     0     1     1
(15253, 243, 4111631)     24.583          0     0     1     1
(15813, 241, 4111631)     24.583          0     0     1     1
(12935, 225, 4111631)       26.0          0     0     1     1
(12935, 225, 4111631)     28.417          0     0     1     1
(8901, 209, 4111631)     26.083          0     0     0     1
(13511, 209, 4111631)     26.083          0     0     1     1
(13205, 249, 4111631)     26.167          0     0     1     1
(8901, 241, 4111631)     26.167          0     0     0     1
(12935, 241, 4111631)     26.167          0     0     1     1
(12935, 241, 4111631)      26.25          0     0     1     1
(12935, 241, 4111631)     26.417          0     0     1     1
(12437, 209, 4111631)     26.167          0     0     1     1
(12437, 209, 4111631)     28.333          0     0     1     1
(12421, 177, 4111631)     26.167          0     0     1     1
(12821, 113, 4111631)     26.167          0     0     1     1
(12487, 241, 4111631)     26.167          0     0     1     1
(14471, 113, 4111631)     26.167          0     0     1     1
(12955, 49, 4111631)     26.167          0     0     1     1
(14949, 241, 4111631)     26.167          0     0     1     1
(10757, 225, 4111631)     26.167          0     0     1     1
(12423, 113, 4111631)     26.167          0     0     1     1
(13827, 97, 4111631)     26.167          0     0     1     1
(14557, 241, 4111631)      26.25          0     0     1     1
(12821, 241, 4111631)      26.25          0     0     1     1
(12821, 241, 4111631)     30.417          0     0     1     1
(12821, 241, 4111631)     30.583          0     0     1     1
(12821, 241, 4111631)     32.417          0     0     1     1
(10309, 241, 4111631)      26.25          0     0     1     1
(14989, 177, 4111631)      26.25          0     0     1     1
(12437, 241, 4111631)      26.25          0     0     1     1
(12437, 241, 4111631)     26.333          0     0     1     1
(12437, 241, 4111631)      28.25          0     0     1     1
(14913, 113, 4111631)      26.25          0     0     1     1
(12935, 97, 4111631)      26.25          0     0     1     1
(13061, 225, 4111631)      26.25          0     0     1     1
(13061, 225, 4111631)       30.5          0     0     1     1
(15043, 97, 4111631)      26.25          0     0     1     1
(15049, 113, 4111631)      26.25          0     0     1     1
(16005, 113, 4111631)     26.333          0     0     1     1
(11157, 241, 4111631)     26.333          0     0     1     1
(15077, 241, 4111631)     26.333          0     0     1     1
(15077, 241, 4111631)      32.25          0     0     1     1
(10885, 243, 4111631)     26.333          0     0     1     1
(10885, 243, 4111631)     30.417          0     0     1     1
(12485, 177, 4111631)     26.333          0     0     1     1
(14981, 113, 4111631)     26.333          0     0     1     1
(14981, 113, 4111631)     32.333          0     0     1     1
(14981, 113, 4111631)     34.583          0     0     1     1
(14851, 1, 4111631)      26.333          0     0     1     1
(14469, 177, 4111631)     26.333          0     0     1     1
(14469, 177, 4111631)     26.417          0     0     1     1
(15109, 97, 4111631)     26.333          0     0     1     1
(12965, 113, 4111631)     26.333          0     0     1     1
(12675, 97, 4111631)     26.333          0     0     1     1
(15245, 241, 4111631)     26.417          0     0     1     1
(12901, 241, 4111631)     26.417          0     0     1     1
(12877, 113, 4111631)     26.417          0     0     1     1
(11221, 241, 4111631)     26.417          0     0     1     1
(12517, 241, 4111631)     26.417          0     0     1     1
(16153, 113, 4111631)     26.417          0     0     1     1
(13525, 113, 4111631)     26.417          0     0     1     1
(14851, 65, 4111631)     26.417          0     0     1     1
(14851, 65, 4111631)     30.417          0     0     1     1
(15061, 243, 4111631)       26.5          0     0     1     1
(12853, 241, 4111631)       26.5          0     0     1     1
(12853, 241, 4111631)       28.5          0     0     1     1
(12485, 241, 4111631)       26.5          0     0     1     1
(12485, 241, 4111631)      28.25          0     0     1     1
(12485, 241, 4111631)     30.083          0     0     1     1
(16065, 241, 4111631)       26.5          0     0     1     1
(10965, 241, 4111631)       26.5          0     0     1     1
(10965, 241, 4111631)      28.25          0     0     1     1
(10965, 241, 4111631)     28.417          0     0     1     1
(10965, 241, 4111631)     32.333          0     0     1     1
(11973, 241, 4111631)     26.583          0     0     1     1
(10757, 209, 4111631)       28.0          0     0     1     1
(14917, 241, 4111631)     28.083          0     0     1     1
(14917, 241, 4111631)     28.417          0     0     1     1
(14405, 241, 4111631)     28.083          0     0     1     1
(14405, 241, 4111631)     28.417          0     0     1     1
(15013, 241, 4111631)     28.083          0     0     1     1
(14349, 209, 4111631)     28.083          0     0     1     1
(8837, 209, 4111631)     28.083          0     0     0     1
(8837, 209, 4111631)      36.25          0     0     0     1
(10951, 249, 4111631)     28.167          0     0     1     1
(12429, 113, 4111631)     28.167          0     0     1     1
(8837, 241, 4111631)     28.167          0     0     0     1
(8837, 241, 4111631)     30.083          0     0     1     1
(8837, 241, 4111631)     30.167          0     0     0     1
(8837, 241, 4111631)      34.25          0     0     1     1
(14471, 97, 4111631)     28.167          0     0     1     1
(14917, 225, 4111631)     28.167          0     0     1     1
(14533, 177, 4111631)     28.167          0     0     1     1
(12933, 177, 4111631)     28.167          0     0     1     1
(12933, 177, 4111631)     28.583          0     0     1     1
(12933, 177, 4111631)     30.333          0     0     1     1
(12933, 177, 4111631)      32.25          0     0     1     1
(14853, 145, 4111631)     28.167          0     0     1     1
(14853, 145, 4111631)      28.25          0     0     1     1
(10373, 113, 4111631)     28.167          0     0     1     1
(13857, 113, 4111631)     28.167          0     0     1     1
(12829, 249, 4111631)      28.25          0     0     1     1
(12901, 209, 4111631)      28.25          0     0     1     1
(12867, 241, 4111631)      28.25          0     0     1     1
(14485, 113, 4111631)      28.25          0     0     1     1
(14485, 113, 4111631)      36.25          0     0     1     1
(12501, 209, 4111631)      28.25          0     0     1     1
(15041, 177, 4111631)      28.25          0     0     1     1
(14885, 209, 4111631)      28.25          0     0     1     1
(14341, 65, 4111631)      28.25          0     0     1     1
(10885, 113, 4111631)      28.25          0     0     1     1
(14337, 17, 4111631)      28.25          0     0     1     1
(14337, 17, 4111631)     40.333          0     0     1     1
(10773, 209, 4111631)      28.25          0     0     1     1
(13653, 113, 4111631)      28.25          0     0     1     1
(15057, 249, 4111631)     28.333          0     0     1     1
(12803, 161, 4111631)     28.333          0     0     1     1
(12803, 161, 4111631)     38.333          0     0     1     1
(8789, 249, 4111631)     28.333          0     0     0     1
(12805, 161, 4111631)     28.333          0     0     1     1
(12805, 161, 4111631)      36.25          0     0     1     1
(14853, 209, 4111631)     28.333          0     0     1     1
(13003, 113, 4111631)     28.333          0     0     1     1
(12951, 249, 4111631)     28.333          0     0     1     1
(15277, 113, 4111631)     28.333          0     0     1     1
(12929, 65, 4111631)     28.333          0     0     1     1
(12817, 81, 4111631)     28.333          0     0     1     1
(10917, 241, 4111631)     28.417          0     0     1     1
(11061, 249, 4111631)     28.417          0     0     1     1
(12955, 113, 4111631)     28.417          0     0     1     1
(12997, 213, 4111631)     28.417          0     0     0     1
(9989, 241, 4111631)     28.417          0     0     0     1
(14965, 241, 4111631)       28.5          0     0     1     1
(15509, 243, 4111631)       28.5          0     0     1     1
(12629, 209, 4111631)       28.5          0     0     1     1
(16021, 209, 4111631)       28.5          0     0     1     1
(14925, 241, 4111631)       28.5          0     0     1     1
(16005, 249, 4111631)     28.583          0     0     1     1
(14085, 241, 4111631)     28.583          0     0     1     1
(14085, 241, 4111631)      32.25          0     0     0     1
(12117, 241, 4111631)     28.667          0     0     1     1
(12805, 209, 4111631)     30.083          0     0     1     1
(12805, 209, 4111631)     34.417          0     0     1     1
(12483, 97, 4111631)     30.083          0     0     1     1
(10949, 209, 4111631)     30.167          0     0     1     1
(14917, 209, 4111631)     30.167          0     0     1     1
(12929, 241, 4111631)     30.167          0     0     1     1
(12929, 81, 4111631)     30.167          0     0     1     1
(12933, 81, 4111631)     30.167          0     0     1     1
(12421, 209, 4111631)      30.25          0     0     1     1
(14337, 113, 4111631)      30.25          0     0     1     1
(15877, 113, 4111631)      30.25          0     0     1     1
(12965, 121, 4111631)      30.25          0     0     1     1
(14853, 65, 4111631)      30.25          0     0     1     1
(12821, 161, 4111631)      30.25          0     0     1     1
(14929, 241, 4111631)     30.333          0     0     1     1
(15133, 241, 4111631)     30.333          0     0     1     1
(12935, 113, 4111631)     30.333          0     0     1     1
(14345, 97, 4111631)     30.333          0     0     1     1
(12549, 161, 4111631)     30.333          0     0     1     1
(15233, 81, 4111631)     30.333          0     0     1     1
(15157, 249, 4111631)     30.417          0     0     1     1
(13189, 113, 4111631)     30.417          0     0     1     1
(12933, 179, 4111631)     30.417          0     0     1     1
(14853, 113, 4111631)     30.417          0     0     1     1
(14979, 113, 4111631)     30.417          0     0     1     2
(12805, 177, 4111631)     30.417          0     0     1     1
(10885, 161, 4111631)     30.417          0     0     1     1
(14597, 81, 4111631)     30.417          0     0     1     1
(14337, 1, 4111631)      30.417          0     0     1     1
(10925, 241, 4111631)       30.5          0     0     1     1
(13845, 241, 4111631)       30.5          0     0     1     1
(12867, 49, 4111631)       30.5          0     0     1     1
(10755, 97, 4111631)       30.5          0     0     0     1
(13829, 241, 4111631)     30.583          0     0     1     1
(15081, 113, 4111631)     30.583          0     0     1     1
(11018, 33, 4111631)     30.583          0     0     1     1
(8789, 209, 4111631)       32.0          0     0     0     1
(8789, 209, 4111631)     32.333          0     0     0     1
(12355, 97, 4111631)       32.0          0     0     1     1
(12293, 209, 4111631)     32.167          0     0     1     1
(12423, 193, 4111631)     32.167          0     0     0     1
(10309, 177, 4111631)      32.25          0     0     1     1
(13139, 241, 4111631)      32.25          0     0     1     1
(10389, 209, 4111631)      32.25          0     0     1     1
(11057, 113, 4111631)      32.25          0     0     0     1
(10881, 193, 4111631)      32.25          0     0     1     1
(13141, 241, 4111631)     32.333          0     0     1     1
(12549, 241, 4111631)     32.333          0     0     1     1
(13009, 241, 4111631)     32.333          0     0     1     1
(14349, 241, 4111631)     32.333          0     0     1     1
(14997, 113, 4111631)     32.333          0     0     1     1
(12821, 209, 4111631)     32.333          0     0     1     1
(13063, 241, 4111631)     32.333          0     0     1     1
(9925, 241, 4111631)     32.333          0     0     1     1
(14339, 145, 4111631)     32.333          0     0     1     1
(15045, 249, 4111631)     32.417          0     0     1     1
(14805, 209, 4111631)     32.417          0     0     0     1
(14727, 241, 4111631)     32.417          0     0     1     1
(10373, 177, 4111631)     32.417          0     0     1     1
(12819, 113, 4111631)     32.417          0     0     1     1
(14849, 129, 4111631)     32.417          0     0     1     1
(12421, 129, 4111631)     32.417          0     0     1     1
(12481, 241, 4111631)       32.5          0     0     1     1
(14501, 113, 4111631)       32.5          0     0     1     1
(13573, 241, 4111631)       32.5          0     0     1     1
(14901, 169, 4111631)       32.5          0     0     1     1
(10951, 113, 4111631)       32.5          0     0     1     1
(13441, 209, 4111631)       32.5          0     0     1     1
(13057, 161, 4111631)       32.5          0     0     1     1
(15105, 49, 4111631)       32.5          0     0     1     1
(12869, 225, 4111631)     34.167          0     0     1     1
(14337, 81, 4111631)     34.167          0     0     0     1
(14337, 81, 4111631)     38.333          0     0     1     1
(14337, 81, 4111631)       40.5          0     0     1     1
(14337, 81, 4111631)     44.583          0     0     1     1
(12877, 241, 4111631)      34.25          0     0     1     1
(14853, 161, 4111631)      34.25          0     0     1     1
(8773, 113, 4111631)      34.25          0     0     1     1
(12867, 97, 4111631)      34.25          0     0     1     1
(12293, 161, 4111631)      34.25          0     0     0     1
(12293, 161, 4111631)     38.833          0     0     1     1
(12293, 161, 4111631)     40.583          0     0     0     1
(12293, 161, 4111631)       44.5          0     0     1     1
(12453, 241, 4111631)     34.333          0     0     1     1
(12865, 241, 4111631)     34.333          0     0     1     1
(10765, 49, 4111631)     34.333          0     0     1     1
(13012, 113, 4111631)     34.333          0     0     1     1
(13841, 241, 4111631)     34.333          0     0     1     1
(12817, 113, 4111631)     34.333          0     0     1     1
(14725, 209, 4111631)     34.333          0     0     1     1
(12837, 241, 4111631)     34.417          0     0     1     1
(14341, 225, 4111631)     34.417          0     0     1     1
(8453, 177, 4111631)     34.417          0     0     0     1
(9413, 241, 4111631)     34.583          0     0     1     1
(14501, 243, 4111631)     34.583          0     0     1     1
(14338, 113, 4111631)     34.583          0     0     1     1
(14853, 177, 4111631)     34.583          0     0     1     1
(13441, 1, 4111631)      34.583          0     0     1     1
(11797, 177, 4111631)     34.667          0     0     1     1
(14977, 145, 4111631)     34.667          0     0     1     1
(12805, 145, 4111631)     36.083          0     0     1     1
(12293, 241, 4111631)     36.167          0     0     1     1
(12295, 65, 4111631)     36.167          0     0     0     1
(10373, 241, 4111631)      36.25          0     0     0     1
(8327, 113, 4111631)      36.25          0     0     0     1
(15045, 49, 4111631)      36.25          0     0     1     1
(14341, 1, 4111631)       36.25          0     0     0     1
(14336, 1, 4111631)       36.25          0     0     1     1
(14336, 1, 4111631)       38.25          0     0     1     1
(14336, 1, 4111631)      38.417          0     0     1     1
(14336, 1, 4111631)       42.25          0     0     1     1
(13317, 177, 4111631)      36.25          0     0     0     1
(12801, 145, 4111631)     36.333          0     0     1     1
(12929, 35, 4111631)     36.333          0     0     1     1
(14339, 17, 4111631)     36.333          0     0     1     1
(15877, 245, 4111631)     36.417          0     0     1     1
(14389, 241, 4111631)     36.417          0     0     1     1
(16001, 241, 4111631)     36.417          0     0     1     1
(12801, 241, 4111631)     36.417          0     0     1     1
(15049, 177, 4111631)     36.417          0     0     1     1
(14595, 17, 4111631)     36.417          0     0     1     1
(15361, 1, 4111631)      36.417          0     0     1     1
(13345, 17, 4111631)     36.417          0     0     1     1
(12291, 65, 4111631)       36.5          0     0     1     1
(15269, 241, 4111631)     36.833          0     0     1     1
(14336, 65, 4111631)     38.083          0     0     0     1
(14336, 65, 4111631)       48.5          0     0     1     1
(12293, 1, 4111631)      38.083          0     0     0     1
(14853, 249, 4111631)      38.25          0     0     1     1
(14849, 65, 4111631)      38.25          0     0     1     1
(8197, 65, 4111631)       38.25          0     0     0     1
(13057, 65, 4111631)      38.25          0     0     0     1
(14341, 193, 4111631)     38.417          0     0     1     1
(12961, 113, 4111631)     38.417          0     0     1     1
(12293, 177, 4111631)     38.417          0     0     0     1
(14337, 65, 4111631)     38.417          0     0     1     1
(14337, 65, 4111631)     40.333          0     0     1     1
(12289, 1, 4111631)      38.417          0     0     1     1
(12289, 1, 4111631)      42.333          0     0     1     1
(12289, 1, 4111631)      42.417          0     0     0     1
(12289, 1, 4111631)      44.417          0     0     0     1
(12293, 129, 4111631)     38.417          0     0     0     1
(13121, 81, 4111631)     38.417          0     0     1     1
(13121, 81, 4111631)     42.167          0     0     1     1
(12289, 65, 4111631)     38.417          0     0     1     1
(12289, 65, 4111631)     40.167          0     0     0     1
(12289, 65, 4111631)       42.5          0     0     0     1
(11143, 81, 4111631)     38.417          0     0     1     1
(12293, 225, 4111631)       38.5          0     0     1     1
(13125, 209, 4111631)       38.5          0     0     1     1
(12801, 81, 4111631)       38.5          0     0     1     1
(10869, 241, 4111631)      38.75          0     0     1     1
(12929, 97, 4111631)     40.167          0     0     1     1
(10754, 1, 4111631)       40.25          0     0     0     1
(14341, 49, 4111631)     40.333          0     0     1     1
(8837, 177, 4111631)     40.417          0     0     0     1
(12645, 241, 4111631)       40.5          0     0     1     1
(14465, 97, 4111631)       40.5          0     0     1     1
(12289, 33, 4111631)       40.5          0     0     0     1
(12289, 33, 4111631)     42.333          0     0     0     1
(12289, 33, 4111631)       42.5          0     0     0     1
(10243, 17, 4111631)       40.5          0     0     1     1
(10243, 17, 4111631)     42.167          0     0     0     1
(12801, 113, 4111631)     40.583          0     0     1     1
(10240, 1, 4111631)      42.083          0     0     0     1
(12289, 97, 4111631)      42.25          0     0     0     1
(12289, 49, 4111631)     42.333          0     0     1     1
(12290, 17, 4111631)     42.333          0     0     1     1
(12289, 17, 4111631)     42.333          0     0     0     1
(14341, 129, 4111631)     42.417          0     0     1     1
(10245, 161, 4111631)       42.5          0     0     0     1
(14337, 49, 4111631)     42.667          0     0     1     1
(12288, 1, 4111631)       44.25          0     0     0     1
(12288, 1, 4111631)        44.5          0     0     1     1
(12288, 1, 4111631)       46.25          0     0     1     1
(12288, 1, 4111631)      46.417          0     0     1     1
(12288, 1, 4111631)      50.333          0     0     0     1
(10242, 1, 4111631)       44.25          0     0     0     1
(12289, 129, 4111631)     44.333          0     0     1     1
(12288, 33, 4111631)     44.417          0     0     1     1
(14337, 225, 4111631)     44.417          0     0     0     1
(8193, 65, 4111631)      46.167          0     0     0     1
(8193, 17, 4111631)      46.167          0     0     0     1
(8195, 1, 4111631)        46.25          0     0     0     1
(12288, 17, 4111631)     46.417          0     0     0     1
(12288, 17, 4111631)     48.333          0     0     0     1
(12416, 1, 4111631)        46.5          0     0     1     1
(14337, 161, 4111631)     46.667          0     0     1     1
(8197, 161, 4111631)      48.25          0     0     0     1
(12289, 193, 4111631)     48.333          0     0     1     1
(12329, 113, 4111631)     48.667          0     0     1     1
(12289, 81, 4111631)     50.333          0     0     1     1
(8193, 33, 4111631)      50.333          0     0     0     1
(12289, 161, 4111631)       50.5          0     0     1     1
