inputs: [1027343]/1000 samples
product                 energy   A*B=out      cfhs    chains  num 
(3753, 247, 1027343)        6.0          0     0     1     1
(3753, 247, 1027343)        8.0          0     0     1     1
(3753, 247, 1027343)     12.083          0     0     1     1
(3301, 227, 1027343)        6.0          0     0     1     1
(3301, 227, 1027343)       8.25          0     0     1     1
(3749, 239, 1027343)      6.083          0     0     1     1
(3749, 239, 1027343)       10.0          0     0     1     1
(3749, 239, 1027343)     12.167          0     0     1     1
(3271, 249, 1027343)      6.167          0     0     1     1
(3271, 249, 1027343)       6.25          0     0     1     2
(3271, 249, 1027343)      8.167          0     0     1     1
(3271, 249, 1027343)       8.25          0     0     1     1
(3271, 249, 1027343)     12.167          0     0     1     2
(3271, 249, 1027343)     16.167          0     0     1     1
(4069, 251, 1027343)        8.0          0     0     1     2
(4069, 251, 1027343)      8.083          0     0     1     3
(4069, 251, 1027343)       10.0          0     0     1     1
(4069, 251, 1027343)     10.167          0     0     1     1
(4069, 251, 1027343)     12.083          0     0     1     1
(4069, 251, 1027343)     12.167          0     0     1     1
(4069, 251, 1027343)     28.667          0     0     1     1
(3237, 239, 1027343)        8.0          0     0     1     1
(3237, 239, 1027343)      8.167          0     0     1     1
(3237, 239, 1027343)       16.0          0     0     1     1
(3621, 243, 1027343)        8.0          0     0     1     1
(3621, 243, 1027343)     10.083          0     0     1     1
(3621, 243, 1027343)     12.083          0     0     1     1
(3621, 243, 1027343)     14.167          0     0     1     1
(4093, 253, 1027343)      8.083          0     0     1     1
(4069, 255, 1027343)      8.083          0     0     1     1
(3045, 251, 1027343)      8.083          0     0     1     1
(3045, 251, 1027343)      8.167          0     0     1     1
(3783, 249, 1027343)      8.083          0     0     1     1
(3783, 249, 1027343)      8.167          0     0     1     1
(3783, 249, 1027343)     14.083          0     0     1     1
(3157, 243, 1027343)      8.083          0     0     1     1
(3877, 227, 1027343)      8.083          0     0     1     2
(3877, 227, 1027343)       10.0          0     0     1     1
(3877, 227, 1027343)     12.167          0     0     1     1
(3237, 163, 1027343)      8.167          0     0     1     1
(4039, 249, 1027343)       8.25          0     0     1     1
(4007, 253, 1027343)       10.0          0     0     1     1
(4007, 253, 1027343)      10.25          0     0     1     1
(4007, 253, 1027343)       12.0          0     0     1     1
(4007, 253, 1027343)     12.083          0     0     1     2
(4007, 253, 1027343)       14.0          0     0     1     2
(4007, 253, 1027343)     14.083          0     0     1     2
(4007, 253, 1027343)      16.25          0     0     1     2
(4007, 253, 1027343)     16.333          0     0     1     1
(4007, 253, 1027343)     22.333          0     0     1     1
(3991, 249, 1027343)       10.0          0     0     1     1
(3991, 249, 1027343)      16.25          0     0     1     1
(3285, 233, 1027343)       10.0          0     0     1     1
(3303, 233, 1027343)       10.0          0     0     1     1
(3967, 253, 1027343)     10.083          0     0     1     1
(4069, 247, 1027343)     10.083          0     0     1     1
(4069, 247, 1027343)      16.25          0     0     1     1
(4069, 247, 1027343)     16.417          0     0     1     1
(4021, 249, 1027343)     10.083          0     0     1     1
(4069, 243, 1027343)     10.083          0     0     1     1
(4069, 243, 1027343)     10.167          0     0     1     1
(4069, 243, 1027343)      10.25          0     0     1     1
(3141, 241, 1027343)     10.083          0     0     1     1
(3141, 241, 1027343)      14.25          0     0     1     1
(3141, 241, 1027343)     16.333          0     0     1     1
(3765, 243, 1027343)     10.083          0     0     1     1
(3765, 243, 1027343)     10.167          0     0     1     2
(3765, 243, 1027343)     12.083          0     0     1     1
(3765, 243, 1027343)     14.167          0     0     1     2
(3765, 243, 1027343)      14.25          0     0     1     1
(3765, 243, 1027343)     18.167          0     0     1     1
(3623, 253, 1027343)     10.083          0     0     1     1
(3623, 253, 1027343)     10.167          0     0     1     1
(3623, 253, 1027343)      18.25          0     0     1     1
(3117, 245, 1027343)     10.083          0     0     1     1
(3117, 245, 1027343)       14.0          0     0     1     1
(3747, 245, 1027343)     10.083          0     0     1     1
(3175, 241, 1027343)     10.083          0     0     1     1
(3175, 241, 1027343)     14.167          0     0     1     1
(3413, 241, 1027343)     10.083          0     0     1     1
(3209, 241, 1027343)     10.083          0     0     1     1
(3209, 241, 1027343)     12.083          0     0     1     1
(3209, 241, 1027343)      20.25          0     0     1     1
(3239, 217, 1027343)     10.083          0     0     1     1
(3239, 217, 1027343)      10.25          0     0     1     1
(3239, 217, 1027343)       12.0          0     0     1     1
(3239, 217, 1027343)     12.167          0     0     1     1
(3239, 217, 1027343)      14.25          0     0     1     1
(3277, 241, 1027343)     10.083          0     0     1     2
(3277, 241, 1027343)     10.167          0     0     1     2
(3277, 241, 1027343)       12.0          0     0     1     1
(3277, 241, 1027343)     12.083          0     0     1     2
(3277, 241, 1027343)     12.167          0     0     1     1
(3277, 241, 1027343)     14.167          0     0     1     4
(3277, 241, 1027343)     16.167          0     0     1     2
(3277, 241, 1027343)     16.417          0     0     1     1
(3277, 241, 1027343)     18.167          0     0     1     2
(3277, 241, 1027343)      18.25          0     0     1     1
(3277, 241, 1027343)     18.333          0     0     1     1
(3277, 241, 1027343)     20.167          0     0     1     1
(3277, 241, 1027343)     20.333          0     0     1     1
(3495, 253, 1027343)     10.083          0     0     1     1
(3495, 253, 1027343)     12.083          0     0     1     1
(3237, 225, 1027343)     10.083          0     0     1     1
(3237, 225, 1027343)     14.083          0     0     1     1
(3237, 225, 1027343)     14.167          0     0     1     1
(3237, 225, 1027343)     20.167          0     0     1     1
(3637, 243, 1027343)     10.083          0     0     1     1
(3637, 243, 1027343)      18.25          0     0     1     1
(3157, 241, 1027343)     10.083          0     0     1     1
(3157, 241, 1027343)     10.167          0     0     1     1
(3157, 241, 1027343)       14.0          0     0     1     1
(3157, 241, 1027343)      14.25          0     0     1     2
(3245, 225, 1027343)     10.083          0     0     1     1
(3245, 225, 1027343)     10.167          0     0     1     1
(3245, 225, 1027343)     16.083          0     0     1     1
(3245, 225, 1027343)     16.333          0     0     1     1
(3245, 225, 1027343)      18.25          0     0     1     1
(3301, 233, 1027343)     10.083          0     0     1     1
(3301, 233, 1027343)       12.0          0     0     1     1
(3301, 233, 1027343)     12.083          0     0     1     1
(3301, 233, 1027343)     18.333          0     0     1     1
(3301, 233, 1027343)      24.25          0     0     1     1
(3749, 235, 1027343)     10.083          0     0     1     1
(3749, 235, 1027343)     16.167          0     0     1     1
(3284, 233, 1027343)     10.083          0     0     1     1
(3284, 233, 1027343)     20.167          0     0     1     1
(3365, 227, 1027343)     10.083          0     0     1     1
(3365, 227, 1027343)     14.333          0     0     1     1
(3965, 247, 1027343)     10.167          0     0     1     1
(4005, 253, 1027343)     10.167          0     0     1     1
(4005, 253, 1027343)     12.167          0     0     1     1
(4005, 253, 1027343)     14.167          0     0     1     1
(4005, 253, 1027343)      20.25          0     0     1     1
(4005, 253, 1027343)     20.333          0     0     1     1
(4073, 255, 1027343)     10.167          0     0     1     1
(4037, 243, 1027343)     10.167          0     0     1     1
(4037, 243, 1027343)     18.417          0     0     1     1
(3239, 245, 1027343)     10.167          0     0     1     1
(3733, 243, 1027343)     10.167          0     0     1     1
(3733, 243, 1027343)     14.167          0     0     1     1
(3733, 243, 1027343)      16.25          0     0     0     1
(3733, 243, 1027343)     22.333          0     0     1     1
(3781, 243, 1027343)     10.167          0     0     1     1
(3781, 243, 1027343)      10.25          0     0     1     2
(3781, 243, 1027343)     10.417          0     0     1     1
(3781, 243, 1027343)     12.417          0     0     1     1
(3781, 243, 1027343)     14.167          0     0     1     1
(3781, 243, 1027343)     14.333          0     0     1     1
(3781, 243, 1027343)     16.083          0     0     1     1
(3781, 243, 1027343)     18.167          0     0     1     1
(3781, 243, 1027343)      18.25          0     0     1     1
(3753, 243, 1027343)     10.167          0     0     1     1
(3881, 247, 1027343)     10.167          0     0     1     1
(3303, 225, 1027343)     10.167          0     0     1     1
(4039, 121, 1027343)     10.167          0     0     1     1
(4039, 121, 1027343)      12.25          0     0     1     1
(4069, 187, 1027343)      10.25          0     0     1     1
(4069, 249, 1027343)      10.25          0     0     1     1
(4069, 249, 1027343)     12.083          0     0     1     1
(4069, 249, 1027343)     14.167          0     0     1     1
(4069, 249, 1027343)     16.167          0     0     1     1
(4069, 249, 1027343)     16.333          0     0     1     1
(3989, 243, 1027343)      10.25          0     0     1     1
(3653, 243, 1027343)      10.25          0     0     1     1
(3653, 243, 1027343)     12.083          0     0     1     1
(3653, 243, 1027343)     12.167          0     0     1     2
(3653, 243, 1027343)       14.0          0     0     1     1
(3653, 243, 1027343)     14.083          0     0     1     1
(3653, 243, 1027343)      14.25          0     0     1     1
(3653, 243, 1027343)       16.0          0     0     1     1
(3653, 243, 1027343)      16.25          0     0     1     1
(3653, 243, 1027343)      18.25          0     0     1     1
(2535, 249, 1027343)      10.25          0     0     1     1
(2535, 249, 1027343)      14.25          0     0     1     1
(3759, 217, 1027343)      10.25          0     0     1     1
(3237, 227, 1027343)      10.25          0     0     1     1
(3621, 227, 1027343)      10.25          0     0     1     1
(3749, 187, 1027343)      10.25          0     0     1     1
(3749, 187, 1027343)       12.0          0     0     1     1
(3749, 187, 1027343)     12.167          0     0     1     1
(3749, 187, 1027343)      12.25          0     0     1     1
(3749, 187, 1027343)     12.333          0     0     1     1
(3749, 187, 1027343)     16.167          0     0     1     1
(3749, 187, 1027343)      16.25          0     0     1     1
(3749, 187, 1027343)     16.583          0     0     1     1
(3751, 253, 1027343)     10.333          0     0     1     1
(3751, 253, 1027343)     12.083          0     0     1     1
(3751, 253, 1027343)     12.167          0     0     1     1
(3751, 253, 1027343)      12.25          0     0     1     3
(3751, 253, 1027343)     14.167          0     0     1     1
(3751, 253, 1027343)      14.25          0     0     1     1
(3751, 253, 1027343)     16.417          0     0     1     1
(3751, 253, 1027343)     18.083          0     0     1     1
(3751, 253, 1027343)     18.167          0     0     1     2
(3751, 253, 1027343)      18.25          0     0     1     1
(3751, 253, 1027343)      20.25          0     0     1     1
(3781, 251, 1027343)       12.0          0     0     1     1
(3493, 251, 1027343)       12.0          0     0     1     1
(4069, 237, 1027343)       12.0          0     0     1     1
(3749, 247, 1027343)       12.0          0     0     1     1
(3749, 247, 1027343)       16.0          0     0     1     1
(3749, 247, 1027343)     16.167          0     0     1     1
(3717, 243, 1027343)       12.0          0     0     1     1
(3717, 243, 1027343)     12.083          0     0     1     1
(3717, 243, 1027343)     14.083          0     0     1     1
(3717, 243, 1027343)       16.0          0     0     0     1
(3717, 243, 1027343)     16.083          0     0     1     1
(3717, 243, 1027343)     20.333          0     0     1     1
(3981, 243, 1027343)       12.0          0     0     1     1
(3361, 227, 1027343)       12.0          0     0     1     1
(4069, 253, 1027343)     12.083          0     0     1     1
(4069, 253, 1027343)     18.333          0     0     1     1
(4021, 247, 1027343)     12.083          0     0     1     1
(2733, 253, 1027343)     12.083          0     0     1     3
(2733, 253, 1027343)     14.083          0     0     1     1
(2733, 253, 1027343)     16.083          0     0     1     1
(2733, 253, 1027343)     20.167          0     0     0     1
(2733, 253, 1027343)     24.167          0     0     1     1
(3173, 251, 1027343)     12.083          0     0     1     1
(3901, 251, 1027343)     12.083          0     0     1     1
(3901, 251, 1027343)     16.417          0     0     1     1
(3887, 253, 1027343)     12.083          0     0     1     1
(3887, 253, 1027343)      18.25          0     0     1     1
(3887, 253, 1027343)     18.333          0     0     1     1
(3253, 249, 1027343)     12.083          0     0     1     1
(3253, 249, 1027343)     12.167          0     0     1     2
(3253, 249, 1027343)      14.25          0     0     1     1
(3165, 241, 1027343)     12.083          0     0     1     1
(4023, 249, 1027343)     12.083          0     0     1     1
(3173, 241, 1027343)     12.083          0     0     1     1
(3173, 241, 1027343)     14.083          0     0     1     1
(3173, 241, 1027343)     18.083          0     0     1     1
(3173, 241, 1027343)     20.083          0     0     1     1
(3811, 249, 1027343)     12.083          0     0     1     1
(3245, 241, 1027343)     12.083          0     0     1     1
(3245, 241, 1027343)       14.0          0     0     1     2
(3245, 241, 1027343)     14.167          0     0     1     1
(3245, 241, 1027343)      14.25          0     0     1     1
(3245, 241, 1027343)     16.083          0     0     1     1
(3245, 241, 1027343)      16.25          0     0     1     1
(3245, 241, 1027343)     18.167          0     0     1     1
(3245, 241, 1027343)      18.25          0     0     1     1
(3245, 241, 1027343)     22.333          0     0     1     1
(3245, 241, 1027343)     22.417          0     0     1     1
(3245, 241, 1027343)     24.333          0     0     1     1
(3629, 245, 1027343)     12.083          0     0     1     1
(3725, 241, 1027343)     12.083          0     0     1     1
(3725, 241, 1027343)     16.083          0     0     1     2
(3725, 241, 1027343)       18.0          0     0     1     1
(3725, 241, 1027343)     18.167          0     0     1     1
(3719, 249, 1027343)     12.083          0     0     1     1
(3757, 241, 1027343)     12.083          0     0     1     2
(3757, 241, 1027343)     12.167          0     0     1     1
(3757, 241, 1027343)     14.167          0     0     1     1
(3757, 241, 1027343)     14.333          0     0     1     2
(3757, 241, 1027343)     14.417          0     0     1     2
(3757, 241, 1027343)     16.333          0     0     1     1
(3757, 241, 1027343)     18.083          0     0     1     1
(3757, 241, 1027343)     18.167          0     0     1     1
(3757, 241, 1027343)      18.25          0     0     1     2
(3757, 241, 1027343)     18.333          0     0     1     1
(3757, 241, 1027343)     20.417          0     0     1     1
(3285, 237, 1027343)     12.083          0     0     1     1
(3757, 243, 1027343)     12.083          0     0     1     1
(3757, 243, 1027343)     18.083          0     0     0     1
(3175, 245, 1027343)     12.083          0     0     1     1
(3175, 245, 1027343)     16.417          0     0     1     1
(3759, 241, 1027343)     12.083          0     0     0     1
(3759, 241, 1027343)     22.417          0     0     1     1
(3431, 249, 1027343)     12.083          0     0     1     1
(3747, 99, 1027343)      12.083          0     0     1     1
(3965, 251, 1027343)     12.167          0     0     1     1
(4069, 245, 1027343)     12.167          0     0     1     2
(3245, 247, 1027343)     12.167          0     0     1     1
(3245, 247, 1027343)     14.167          0     0     1     1
(3245, 247, 1027343)      20.25          0     0     1     1
(3245, 247, 1027343)     22.333          0     0     1     1
(3733, 251, 1027343)     12.167          0     0     1     1
(4005, 251, 1027343)     12.167          0     0     1     1
(4005, 251, 1027343)       14.0          0     0     1     1
(4005, 251, 1027343)     16.083          0     0     1     1
(4005, 251, 1027343)      16.25          0     0     1     1
(4005, 251, 1027343)     18.167          0     0     1     1
(2725, 253, 1027343)     12.167          0     0     1     1
(2725, 253, 1027343)     14.167          0     0     1     1
(2725, 253, 1027343)      14.25          0     0     1     2
(2725, 253, 1027343)      16.25          0     0     1     1
(3501, 251, 1027343)     12.167          0     0     1     1
(3989, 249, 1027343)     12.167          0     0     1     1
(3989, 249, 1027343)     14.333          0     0     1     1
(3045, 243, 1027343)     12.167          0     0     1     1
(3045, 243, 1027343)     12.333          0     0     1     1
(3749, 253, 1027343)     12.167          0     0     1     2
(3749, 253, 1027343)      12.25          0     0     1     1
(3749, 253, 1027343)       14.0          0     0     1     1
(3749, 253, 1027343)     14.083          0     0     1     1
(3749, 253, 1027343)     14.333          0     0     1     1
(3749, 253, 1027343)     16.083          0     0     1     1
(3749, 253, 1027343)     16.167          0     0     1     1
(3749, 253, 1027343)     18.167          0     0     1     1
(3749, 253, 1027343)      18.25          0     0     1     2
(3749, 253, 1027343)      22.25          0     0     1     1
(3749, 253, 1027343)     24.333          0     0     1     1
(3557, 247, 1027343)     12.167          0     0     1     1
(3213, 241, 1027343)     12.167          0     0     1     1
(3213, 241, 1027343)     14.083          0     0     1     1
(3213, 241, 1027343)     14.167          0     0     1     3
(3213, 241, 1027343)     18.167          0     0     1     2
(3213, 241, 1027343)     18.333          0     0     1     1
(3213, 241, 1027343)     20.167          0     0     1     1
(3253, 243, 1027343)     12.167          0     0     1     1
(3253, 243, 1027343)     14.167          0     0     1     1
(3253, 243, 1027343)     16.167          0     0     1     1
(3253, 243, 1027343)      18.25          0     0     1     1
(3109, 225, 1027343)     12.167          0     0     1     2
(3109, 225, 1027343)     20.083          0     0     1     1
(2741, 243, 1027343)     12.167          0     0     1     1
(2741, 243, 1027343)     12.333          0     0     1     1
(2741, 243, 1027343)     14.167          0     0     1     1
(2741, 243, 1027343)      14.25          0     0     1     1
(2741, 243, 1027343)     14.333          0     0     1     2
(2741, 243, 1027343)     14.417          0     0     1     1
(2741, 243, 1027343)     18.333          0     0     1     1
(3629, 241, 1027343)     12.167          0     0     1     1
(3749, 251, 1027343)     12.167          0     0     1     1
(3749, 251, 1027343)     16.083          0     0     1     1
(3749, 251, 1027343)     20.333          0     0     1     1
(3349, 243, 1027343)     12.167          0     0     1     1
(3349, 243, 1027343)      12.25          0     0     1     1
(3349, 243, 1027343)     14.083          0     0     1     1
(3693, 241, 1027343)     12.167          0     0     1     1
(3749, 211, 1027343)     12.167          0     0     1     1
(2277, 227, 1027343)     12.167          0     0     1     1
(3749, 189, 1027343)     12.167          0     0     1     1
(3749, 189, 1027343)      12.25          0     0     1     2
(3749, 189, 1027343)     20.167          0     0     1     1
(3749, 189, 1027343)     24.333          0     0     1     1
(2741, 255, 1027343)      12.25          0     0     1     1
(2741, 255, 1027343)      16.25          0     0     1     1
(2613, 243, 1027343)      12.25          0     0     1     1
(4071, 245, 1027343)      12.25          0     0     1     1
(3237, 231, 1027343)      12.25          0     0     1     1
(4085, 243, 1027343)      12.25          0     0     0     1
(3243, 253, 1027343)      12.25          0     0     1     1
(3243, 253, 1027343)     16.083          0     0     1     1
(2735, 249, 1027343)      12.25          0     0     0     1
(3239, 221, 1027343)      12.25          0     0     1     1
(3175, 249, 1027343)      12.25          0     0     1     1
(3301, 249, 1027343)      12.25          0     0     1     1
(3301, 249, 1027343)     18.083          0     0     1     1
(3237, 211, 1027343)      12.25          0     0     1     1
(3237, 211, 1027343)     16.083          0     0     1     1
(3237, 211, 1027343)     16.167          0     0     1     1
(3237, 211, 1027343)     16.333          0     0     1     2
(2739, 245, 1027343)      12.25          0     0     1     1
(3749, 163, 1027343)      12.25          0     0     1     1
(3783, 121, 1027343)      12.25          0     0     1     1
(3749, 185, 1027343)      12.25          0     0     1     1
(3749, 185, 1027343)     12.333          0     0     1     1
(3749, 185, 1027343)      14.25          0     0     1     2
(3749, 183, 1027343)      12.25          0     0     1     1
(3749, 179, 1027343)      12.25          0     0     1     1
(3749, 179, 1027343)     12.333          0     0     1     2
(3749, 179, 1027343)     16.333          0     0     1     1
(4007, 249, 1027343)     12.333          0     0     1     1
(4007, 249, 1027343)     14.083          0     0     1     1
(4007, 249, 1027343)     14.167          0     0     1     1
(4007, 249, 1027343)     18.167          0     0     1     1
(4007, 249, 1027343)      18.25          0     0     1     1
(4007, 249, 1027343)       18.5          0     0     1     1
(3767, 249, 1027343)     12.333          0     0     1     2
(3767, 249, 1027343)     22.333          0     0     1     1
(3767, 249, 1027343)     26.417          0     0     1     1
(3245, 235, 1027343)     12.333          0     0     1     1
(4021, 255, 1027343)       14.0          0     0     0     1
(4005, 249, 1027343)       14.0          0     0     1     1
(4005, 249, 1027343)      16.25          0     0     1     1
(4005, 249, 1027343)     16.333          0     0     1     1
(4005, 249, 1027343)       16.5          0     0     1     1
(4005, 249, 1027343)     18.083          0     0     1     1
(3973, 241, 1027343)       14.0          0     0     1     1
(3973, 241, 1027343)     14.167          0     0     1     1
(3973, 241, 1027343)       18.0          0     0     1     1
(3973, 241, 1027343)     20.083          0     0     1     1
(3973, 241, 1027343)     24.333          0     0     1     1
(3797, 247, 1027343)       14.0          0     0     1     1
(4071, 255, 1027343)       14.0          0     0     1     1
(4071, 255, 1027343)      18.25          0     0     1     1
(3721, 241, 1027343)       14.0          0     0     1     1
(3279, 241, 1027343)       14.0          0     0     1     1
(3399, 249, 1027343)       14.0          0     0     1     1
(3399, 249, 1027343)     14.333          0     0     1     1
(3399, 249, 1027343)     16.167          0     0     1     1
(3813, 251, 1027343)     14.083          0     0     1     1
(3813, 251, 1027343)     14.333          0     0     1     1
(3813, 251, 1027343)     18.083          0     0     1     1
(3813, 251, 1027343)     22.333          0     0     1     1
(2727, 253, 1027343)     14.083          0     0     1     2
(2727, 253, 1027343)     14.167          0     0     1     1
(2727, 253, 1027343)     16.167          0     0     1     3
(2727, 253, 1027343)     18.083          0     0     1     1
(2727, 253, 1027343)      20.25          0     0     0     1
(2727, 253, 1027343)      20.25          0     0     1     1
(3879, 253, 1027343)     14.083          0     0     1     1
(3879, 253, 1027343)     14.167          0     0     0     1
(3245, 255, 1027343)     14.083          0     0     1     1
(3245, 255, 1027343)     16.167          0     0     1     1
(3149, 241, 1027343)     14.083          0     0     1     1
(3149, 241, 1027343)     22.167          0     0     0     1
(3245, 245, 1027343)     14.083          0     0     1     1
(3245, 245, 1027343)     16.167          0     0     1     1
(3245, 245, 1027343)     20.333          0     0     1     1
(3301, 235, 1027343)     14.083          0     0     1     1
(3631, 245, 1027343)     14.083          0     0     1     1
(3631, 245, 1027343)      16.25          0     0     1     1
(3631, 255, 1027343)     14.083          0     0     1     1
(3631, 255, 1027343)     22.167          0     0     1     1
(3685, 241, 1027343)     14.083          0     0     1     1
(3685, 241, 1027343)     16.083          0     0     1     1
(3685, 241, 1027343)      20.25          0     0     1     1
(3725, 113, 1027343)     14.083          0     0     1     1
(3725, 113, 1027343)     26.333          0     0     1     1
(3175, 117, 1027343)     14.083          0     0     1     1
(3141, 115, 1027343)     14.083          0     0     1     1
(3285, 249, 1027343)     14.167          0     0     1     1
(3285, 249, 1027343)      14.25          0     0     1     1
(4013, 255, 1027343)     14.167          0     0     1     1
(3759, 253, 1027343)     14.167          0     0     1     1
(3759, 253, 1027343)      16.25          0     0     1     1
(3759, 253, 1027343)     18.083          0     0     1     1
(2789, 251, 1027343)     14.167          0     0     1     1
(2789, 251, 1027343)      16.25          0     0     1     1
(3967, 249, 1027343)     14.167          0     0     1     1
(3077, 241, 1027343)     14.167          0     0     1     1
(3077, 241, 1027343)      20.25          0     0     1     1
(3077, 241, 1027343)     26.167          0     0     1     1
(3143, 249, 1027343)     14.167          0     0     1     1
(3143, 249, 1027343)      22.25          0     0     1     1
(3813, 253, 1027343)     14.167          0     0     1     1
(3813, 253, 1027343)     18.333          0     0     1     1
(3813, 253, 1027343)     28.667          0     0     1     1
(2767, 253, 1027343)     14.167          0     0     1     1
(2767, 253, 1027343)      22.25          0     0     1     1
(3237, 237, 1027343)     14.167          0     0     1     1
(3237, 237, 1027343)       16.0          0     0     1     1
(3237, 237, 1027343)     16.083          0     0     1     1
(3237, 237, 1027343)     16.167          0     0     1     1
(3757, 245, 1027343)     14.167          0     0     1     2
(3757, 245, 1027343)      14.25          0     0     1     1
(3757, 245, 1027343)       18.0          0     0     1     1
(3765, 249, 1027343)     14.167          0     0     1     1
(3765, 249, 1027343)     16.167          0     0     1     1
(3765, 249, 1027343)     20.167          0     0     1     1
(3765, 249, 1027343)     24.333          0     0     1     1
(3239, 253, 1027343)     14.167          0     0     1     1
(3239, 253, 1027343)     20.083          0     0     1     1
(3239, 253, 1027343)     20.167          0     0     1     2
(4007, 245, 1027343)     14.167          0     0     1     1
(2661, 243, 1027343)     14.167          0     0     1     1
(3861, 241, 1027343)     14.167          0     0     1     1
(3655, 121, 1027343)     14.167          0     0     1     1
(3763, 253, 1027343)     14.167          0     0     1     1
(3213, 243, 1027343)     14.167          0     0     1     1
(2733, 245, 1027343)     14.167          0     0     1     1
(2733, 245, 1027343)      14.25          0     0     1     1
(2733, 245, 1027343)     16.167          0     0     1     1
(2733, 245, 1027343)     18.083          0     0     1     1
(2733, 245, 1027343)      18.25          0     0     1     1
(2733, 245, 1027343)      20.25          0     0     1     1
(3591, 249, 1027343)     14.167          0     0     1     1
(3621, 241, 1027343)     14.167          0     0     1     1
(3621, 241, 1027343)     16.083          0     0     1     1
(3621, 241, 1027343)     24.167          0     0     1     1
(3748, 235, 1027343)     14.167          0     0     1     1
(3235, 99, 1027343)      14.167          0     0     1     1
(2725, 249, 1027343)      14.25          0     0     1     1
(2725, 249, 1027343)     14.333          0     0     1     1
(2725, 249, 1027343)      18.25          0     0     1     1
(2725, 249, 1027343)     22.167          0     0     1     1
(2725, 249, 1027343)      24.25          0     0     1     1
(3781, 245, 1027343)      14.25          0     0     1     1
(2741, 249, 1027343)      14.25          0     0     1     1
(2741, 249, 1027343)     14.333          0     0     1     1
(2741, 249, 1027343)     18.333          0     0     1     1
(2741, 249, 1027343)     18.417          0     0     1     1
(4077, 245, 1027343)      14.25          0     0     1     2
(4077, 245, 1027343)     20.417          0     0     1     1
(2725, 247, 1027343)      14.25          0     0     1     1
(2725, 247, 1027343)     14.333          0     0     1     1
(2725, 247, 1027343)      16.25          0     0     1     2
(3789, 251, 1027343)      14.25          0     0     1     1
(3789, 251, 1027343)     24.667          0     0     1     1
(3813, 247, 1027343)      14.25          0     0     1     1
(3813, 247, 1027343)     14.333          0     0     1     1
(3205, 241, 1027343)      14.25          0     0     1     1
(3205, 241, 1027343)     16.083          0     0     1     1
(3205, 241, 1027343)     20.167          0     0     1     3
(3205, 241, 1027343)      20.25          0     0     1     1
(3205, 241, 1027343)     22.167          0     0     1     2
(3205, 241, 1027343)     24.083          0     0     1     1
(3205, 241, 1027343)     26.417          0     0     1     1
(3751, 249, 1027343)      14.25          0     0     1     2
(3751, 249, 1027343)     16.083          0     0     1     1
(3751, 249, 1027343)      16.25          0     0     1     1
(3751, 249, 1027343)     16.417          0     0     1     1
(3751, 249, 1027343)     18.167          0     0     1     1
(3751, 249, 1027343)      18.25          0     0     1     1
(3269, 243, 1027343)      14.25          0     0     1     1
(3269, 243, 1027343)     20.333          0     0     1     1
(3781, 247, 1027343)      14.25          0     0     1     1
(3781, 247, 1027343)      16.25          0     0     1     2
(3759, 249, 1027343)      14.25          0     0     0     1
(3759, 249, 1027343)     16.417          0     0     1     1
(3815, 253, 1027343)      14.25          0     0     1     1
(3717, 247, 1027343)      14.25          0     0     1     1
(3717, 247, 1027343)      16.25          0     0     1     1
(3717, 247, 1027343)      18.25          0     0     1     1
(3813, 243, 1027343)      14.25          0     0     1     1
(3813, 243, 1027343)     16.417          0     0     1     1
(3813, 245, 1027343)      14.25          0     0     1     1
(3333, 243, 1027343)      14.25          0     0     1     1
(3333, 243, 1027343)     16.083          0     0     1     1
(2765, 241, 1027343)      14.25          0     0     1     1
(2765, 241, 1027343)     18.167          0     0     1     1
(3671, 119, 1027343)      14.25          0     0     1     1
(3639, 119, 1027343)      14.25          0     0     1     1
(3653, 211, 1027343)      14.25          0     0     1     1
(4071, 253, 1027343)     14.333          0     0     1     1
(4021, 243, 1027343)     14.333          0     0     1     1
(3749, 249, 1027343)     14.333          0     0     1     1
(3749, 249, 1027343)      16.25          0     0     1     2
(3749, 249, 1027343)     16.333          0     0     1     1
(3749, 249, 1027343)     16.417          0     0     1     1
(3749, 249, 1027343)     18.333          0     0     1     1
(3749, 249, 1027343)     20.167          0     0     1     1
(3749, 249, 1027343)      20.25          0     0     1     1
(3749, 249, 1027343)     20.333          0     0     1     1
(3749, 249, 1027343)     20.417          0     0     1     1
(3749, 249, 1027343)      24.25          0     0     1     1
(3893, 243, 1027343)     14.333          0     0     1     1
(2733, 241, 1027343)     14.333          0     0     1     1
(2733, 241, 1027343)     16.167          0     0     1     1
(2733, 241, 1027343)     18.083          0     0     1     1
(2733, 241, 1027343)     18.333          0     0     1     1
(2733, 241, 1027343)     20.333          0     0     1     2
(3749, 245, 1027343)     14.333          0     0     1     1
(3749, 245, 1027343)       18.0          0     0     1     1
(3749, 245, 1027343)     18.333          0     0     1     1
(3749, 245, 1027343)      20.25          0     0     1     1
(3687, 249, 1027343)     14.333          0     0     1     1
(3687, 249, 1027343)     16.083          0     0     1     1
(3755, 253, 1027343)     14.333          0     0     1     1
(3749, 227, 1027343)     14.333          0     0     1     1
(3751, 245, 1027343)     14.333          0     0     1     1
(3751, 245, 1027343)      24.25          0     0     1     1
(3247, 225, 1027343)     14.333          0     0     1     1
(3639, 121, 1027343)     14.333          0     0     1     1
(3639, 121, 1027343)     18.417          0     0     1     1
(2919, 121, 1027343)     14.333          0     0     1     1
(2919, 121, 1027343)     16.333          0     0     1     1
(3237, 251, 1027343)     14.417          0     0     1     1
(3797, 251, 1027343)     14.417          0     0     1     1
(4013, 243, 1027343)     14.417          0     0     1     1
(4013, 243, 1027343)     18.083          0     0     1     1
(3717, 227, 1027343)     14.417          0     0     1     1
(3725, 251, 1027343)       16.0          0     0     1     1
(3725, 251, 1027343)      16.25          0     0     1     1
(3239, 241, 1027343)       16.0          0     0     1     1
(3239, 241, 1027343)     18.083          0     0     1     2
(3239, 241, 1027343)     18.167          0     0     1     1
(3623, 245, 1027343)       16.0          0     0     1     2
(3687, 241, 1027343)       16.0          0     0     1     1
(2981, 253, 1027343)     16.083          0     0     1     1
(3981, 247, 1027343)     16.083          0     0     1     1
(3725, 247, 1027343)     16.083          0     0     1     1
(3725, 247, 1027343)     18.417          0     0     1     1
(3237, 249, 1027343)     16.083          0     0     1     2
(3237, 249, 1027343)     16.167          0     0     1     3
(3237, 249, 1027343)      16.25          0     0     1     2
(3237, 249, 1027343)     18.083          0     0     1     2
(3237, 249, 1027343)     18.333          0     0     1     1
(3237, 249, 1027343)     22.167          0     0     1     1
(3237, 249, 1027343)      28.25          0     0     1     1
(3207, 241, 1027343)     16.083          0     0     1     1
(3207, 241, 1027343)     22.333          0     0     1     2
(3237, 253, 1027343)     16.083          0     0     1     1
(3171, 241, 1027343)     16.083          0     0     1     1
(3773, 241, 1027343)     16.083          0     0     1     1
(3301, 237, 1027343)     16.083          0     0     1     1
(3301, 237, 1027343)      22.25          0     0     1     1
(3735, 245, 1027343)     16.083          0     0     1     1
(3689, 243, 1027343)     16.083          0     0     1     1
(3689, 243, 1027343)      16.25          0     0     1     1
(3689, 243, 1027343)     26.333          0     0     1     1
(3645, 241, 1027343)     16.083          0     0     1     1
(3213, 225, 1027343)     16.083          0     0     1     1
(4005, 243, 1027343)     16.167          0     0     1     1
(4005, 243, 1027343)     16.333          0     0     1     1
(4005, 243, 1027343)     18.333          0     0     1     1
(2725, 245, 1027343)     16.167          0     0     1     1
(2725, 245, 1027343)      16.25          0     0     1     1
(2725, 245, 1027343)      20.25          0     0     1     1
(2597, 251, 1027343)     16.167          0     0     1     1
(4071, 241, 1027343)     16.167          0     0     1     1
(2981, 245, 1027343)     16.167          0     0     1     1
(3045, 249, 1027343)     16.167          0     0     1     1
(3205, 249, 1027343)     16.167          0     0     1     1
(3749, 243, 1027343)     16.167          0     0     1     2
(3749, 243, 1027343)      16.25          0     0     1     2
(3749, 243, 1027343)     18.167          0     0     1     1
(3493, 253, 1027343)     16.167          0     0     0     1
(3749, 233, 1027343)     16.167          0     0     1     1
(3751, 241, 1027343)     16.167          0     0     1     1
(3229, 241, 1027343)     16.167          0     0     1     1
(3229, 241, 1027343)      18.25          0     0     1     1
(3247, 241, 1027343)     16.167          0     0     1     1
(3109, 243, 1027343)     16.167          0     0     1     1
(3469, 241, 1027343)     16.167          0     0     1     1
(3305, 245, 1027343)     16.167          0     0     1     1
(3087, 225, 1027343)     16.167          0     0     1     1
(3087, 225, 1027343)     18.083          0     0     1     1
(3509, 247, 1027343)     16.167          0     0     1     1
(3753, 245, 1027343)     16.167          0     0     1     1
(3253, 241, 1027343)     16.167          0     0     1     1
(3253, 241, 1027343)     22.167          0     0     1     1
(4023, 113, 1027343)     16.167          0     0     1     1
(3895, 119, 1027343)     16.167          0     0     1     1
(3895, 119, 1027343)     20.333          0     0     1     1
(3511, 249, 1027343)     16.167          0     0     1     1
(3269, 161, 1027343)     16.167          0     0     1     1
(3717, 249, 1027343)      16.25          0     0     1     1
(3989, 247, 1027343)      16.25          0     0     1     1
(3989, 247, 1027343)     20.333          0     0     1     1
(3797, 253, 1027343)      16.25          0     0     1     1
(2879, 253, 1027343)      16.25          0     0     1     1
(2879, 253, 1027343)     16.417          0     0     1     1
(2389, 249, 1027343)      16.25          0     0     1     1
(3221, 249, 1027343)      16.25          0     0     1     1
(3463, 249, 1027343)      16.25          0     0     1     1
(2701, 241, 1027343)      16.25          0     0     1     1
(2701, 241, 1027343)     18.333          0     0     1     1
(2701, 241, 1027343)      22.25          0     0     1     1
(4005, 241, 1027343)      16.25          0     0     1     1
(4005, 241, 1027343)     16.333          0     0     1     1
(2855, 253, 1027343)      16.25          0     0     1     1
(3237, 235, 1027343)      16.25          0     0     1     1
(3237, 235, 1027343)       22.5          0     0     1     1
(2725, 243, 1027343)      16.25          0     0     1     2
(2725, 243, 1027343)      18.25          0     0     1     1
(2725, 243, 1027343)     20.417          0     0     1     1
(2725, 243, 1027343)     22.417          0     0     1     1
(2725, 243, 1027343)      24.25          0     0     1     1
(3061, 243, 1027343)      16.25          0     0     1     1
(3205, 243, 1027343)      16.25          0     0     1     1
(3205, 243, 1027343)     18.333          0     0     1     1
(2735, 241, 1027343)      16.25          0     0     1     1
(2645, 115, 1027343)      16.25          0     0     1     3
(2645, 115, 1027343)      18.25          0     0     0     1
(3269, 217, 1027343)      16.25          0     0     1     1
(3623, 241, 1027343)      16.25          0     0     1     1
(3811, 225, 1027343)      16.25          0     0     1     1
(3277, 161, 1027343)      16.25          0     0     1     1
(3173, 121, 1027343)      16.25          0     0     1     1
(2709, 243, 1027343)     16.333          0     0     1     1
(2735, 253, 1027343)     16.333          0     0     1     1
(2735, 253, 1027343)     18.333          0     0     1     1
(2735, 253, 1027343)     20.333          0     0     1     1
(2741, 241, 1027343)     16.333          0     0     1     1
(2741, 241, 1027343)     18.333          0     0     1     2
(2741, 241, 1027343)       20.5          0     0     1     1
(3221, 243, 1027343)     16.333          0     0     1     1
(2213, 247, 1027343)     16.333          0     0     1     1
(4053, 241, 1027343)     16.333          0     0     1     1
(3885, 249, 1027343)     16.333          0     0     1     1
(3285, 241, 1027343)     16.333          0     0     1     1
(3285, 241, 1027343)      18.25          0     0     1     1
(3903, 245, 1027343)     16.333          0     0     1     1
(3341, 227, 1027343)     16.333          0     0     1     1
(3749, 177, 1027343)     16.333          0     0     1     1
(2629, 115, 1027343)     16.333          0     0     1     1
(2981, 249, 1027343)     16.417          0     0     1     1
(2981, 249, 1027343)     32.667          0     0     1     1
(3299, 121, 1027343)     16.417          0     0     1     1
(3237, 179, 1027343)     16.417          0     0     1     1
(3717, 241, 1027343)       18.0          0     0     1     1
(3717, 241, 1027343)     20.083          0     0     1     1
(3717, 241, 1027343)     22.167          0     0     1     2
(3717, 241, 1027343)     28.333          0     0     1     1
(3845, 241, 1027343)       18.0          0     0     1     2
(3599, 249, 1027343)       18.0          0     0     1     1
(4053, 247, 1027343)     18.083          0     0     1     1
(3271, 253, 1027343)     18.083          0     0     1     1
(3271, 225, 1027343)     18.083          0     0     1     2
(3239, 225, 1027343)     18.083          0     0     1     1
(3239, 225, 1027343)     22.167          0     0     1     1
(3111, 241, 1027343)     18.083          0     0     1     1
(3269, 181, 1027343)     18.083          0     0     1     1
(3557, 241, 1027343)     18.083          0     0     1     1
(3125, 225, 1027343)     18.083          0     0     1     1
(2789, 209, 1027343)     18.083          0     0     1     1
(3269, 249, 1027343)     18.167          0     0     1     1
(3269, 249, 1027343)     20.083          0     0     1     1
(2325, 251, 1027343)     18.167          0     0     1     1
(3813, 241, 1027343)     18.167          0     0     1     1
(3271, 245, 1027343)     18.167          0     0     1     1
(2703, 241, 1027343)     18.167          0     0     1     1
(2703, 241, 1027343)     20.333          0     0     1     2
(3717, 245, 1027343)     18.167          0     0     1     1
(3717, 245, 1027343)      18.25          0     0     1     1
(3717, 245, 1027343)     20.083          0     0     1     1
(3717, 245, 1027343)     20.167          0     0     1     1
(3757, 253, 1027343)     18.167          0     0     1     1
(3765, 241, 1027343)     18.167          0     0     1     1
(3145, 229, 1027343)     18.167          0     0     1     1
(3171, 249, 1027343)     18.167          0     0     1     1
(3171, 249, 1027343)     20.167          0     0     1     1
(3205, 209, 1027343)     18.167          0     0     1     1
(4013, 123, 1027343)     18.167          0     0     1     1
(2629, 243, 1027343)     18.167          0     0     1     1
(2277, 233, 1027343)     18.167          0     0     1     1
(3431, 121, 1027343)     18.167          0     0     1     1
(3821, 191, 1027343)     18.167          0     0     0     1
(3303, 253, 1027343)      18.25          0     0     0     1
(3303, 253, 1027343)       20.5          0     0     1     1
(3277, 249, 1027343)      18.25          0     0     1     1
(3269, 241, 1027343)      18.25          0     0     1     1
(3269, 241, 1027343)     18.333          0     0     1     1
(3269, 241, 1027343)      20.25          0     0     1     1
(3269, 241, 1027343)     20.333          0     0     1     1
(3269, 241, 1027343)     22.167          0     0     1     1
(3269, 241, 1027343)     24.167          0     0     1     1
(3269, 241, 1027343)     24.333          0     0     1     2
(2797, 245, 1027343)      18.25          0     0     1     1
(2797, 245, 1027343)      22.25          0     0     1     1
(3821, 241, 1027343)      18.25          0     0     1     1
(3237, 243, 1027343)      18.25          0     0     1     1
(3237, 243, 1027343)     22.167          0     0     1     1
(3887, 245, 1027343)      18.25          0     0     1     1
(3717, 185, 1027343)      18.25          0     0     1     1
(3789, 241, 1027343)      18.25          0     0     1     1
(3789, 241, 1027343)     18.333          0     0     1     1
(2983, 121, 1027343)      18.25          0     0     0     1
(3237, 217, 1027343)      18.25          0     0     1     1
(3269, 185, 1027343)      18.25          0     0     1     1
(3157, 89, 1027343)       18.25          0     0     1     1
(3255, 241, 1027343)      18.25          0     0     1     1
(2679, 121, 1027343)      18.25          0     0     1     1
(3269, 113, 1027343)      18.25          0     0     1     1
(3269, 113, 1027343)     22.583          0     0     1     1
(2647, 241, 1027343)      18.25          0     0     1     1
(3273, 165, 1027343)      18.25          0     0     1     1
(3237, 185, 1027343)     18.333          0     0     1     1
(3237, 185, 1027343)     20.333          0     0     1     1
(3661, 241, 1027343)     18.333          0     0     1     1
(3259, 253, 1027343)     18.333          0     0     1     1
(3733, 241, 1027343)     18.333          0     0     1     1
(2773, 243, 1027343)     18.333          0     0     1     1
(3557, 249, 1027343)     18.333          0     0     1     1
(2789, 241, 1027343)     18.333          0     0     1     1
(3751, 217, 1027343)     18.333          0     0     1     1
(3271, 241, 1027343)     18.333          0     0     1     1
(3271, 241, 1027343)      26.25          0     0     1     1
(3887, 241, 1027343)     18.333          0     0     1     1
(3501, 245, 1027343)     18.333          0     0     1     1
(3669, 243, 1027343)     18.333          0     0     1     1
(3271, 113, 1027343)     18.333          0     0     1     1
(3269, 165, 1027343)     18.333          0     0     1     1
(3661, 115, 1027343)     18.417          0     0     1     1
(3767, 241, 1027343)       18.5          0     0     1     1
(3729, 241, 1027343)       20.0          0     0     1     1
(3301, 225, 1027343)       20.0          0     0     1     1
(3109, 249, 1027343)     20.083          0     0     1     1
(2853, 249, 1027343)     20.083          0     0     1     1
(3981, 241, 1027343)     20.083          0     0     1     1
(3111, 225, 1027343)     20.083          0     0     1     1
(3109, 241, 1027343)     20.083          0     0     1     1
(3125, 241, 1027343)     20.083          0     0     1     1
(3783, 225, 1027343)     20.083          0     0     1     1
(2919, 125, 1027343)     20.083          0     0     1     1
(2799, 253, 1027343)     20.167          0     0     1     1
(3493, 249, 1027343)     20.167          0     0     1     1
(3687, 217, 1027343)     20.167          0     0     1     1
(3207, 225, 1027343)     20.167          0     0     1     1
(3207, 225, 1027343)     20.333          0     0     1     1
(2695, 241, 1027343)     20.167          0     0     1     1
(3903, 247, 1027343)     20.167          0     0     1     1
(3702, 119, 1027343)     20.167          0     0     0     1
(3237, 241, 1027343)      20.25          0     0     1     1
(2733, 249, 1027343)      20.25          0     0     1     1
(3309, 249, 1027343)      20.25          0     0     1     1
(3733, 189, 1027343)      20.25          0     0     1     1
(3253, 233, 1027343)      20.25          0     0     1     1
(3479, 249, 1027343)      20.25          0     0     1     1
(2821, 249, 1027343)      20.25          0     0     1     1
(3789, 123, 1027343)      20.25          0     0     1     1
(3789, 123, 1027343)       22.5          0     0     1     1
(3239, 125, 1027343)      20.25          0     0     1     1
(2725, 213, 1027343)      20.25          0     0     1     1
(3235, 241, 1027343)      20.25          0     0     1     1
(3279, 249, 1027343)      20.25          0     0     1     1
(3235, 113, 1027343)      20.25          0     0     1     1
(3685, 247, 1027343)      20.25          0     0     1     1
(3173, 209, 1027343)      20.25          0     0     1     1
(3895, 117, 1027343)      20.25          0     0     1     1
(2601, 115, 1027343)      20.25          0     0     1     1
(4069, 123, 1027343)     20.333          0     0     1     1
(3223, 249, 1027343)     20.333          0     0     1     1
(3191, 241, 1027343)     20.333          0     0     1     1
(3397, 227, 1027343)     20.333          0     0     1     1
(4067, 245, 1027343)     20.333          0     0     1     1
(2645, 241, 1027343)     20.333          0     0     1     1
(3365, 243, 1027343)     20.333          0     0     1     1
(3919, 121, 1027343)     20.333          0     0     1     1
(2981, 243, 1027343)     20.417          0     0     1     1
(3541, 249, 1027343)     20.417          0     0     1     1
(2229, 241, 1027343)     20.417          0     0     1     1
(2723, 245, 1027343)     20.417          0     0     1     1
(3365, 115, 1027343)     20.417          0     0     1     1
(3757, 123, 1027343)     20.583          0     0     1     1
(2214, 253, 1027343)       22.0          0     0     1     1
(3110, 225, 1027343)       22.0          0     0     1     1
(3249, 225, 1027343)     22.083          0     0     1     1
(2355, 109, 1027343)     22.083          0     0     0     1
(2355, 109, 1027343)     30.333          0     0     0     1
(2261, 253, 1027343)     22.167          0     0     1     1
(2261, 253, 1027343)      22.25          0     0     1     1
(3077, 225, 1027343)     22.167          0     0     1     1
(3077, 225, 1027343)     30.083          0     0     1     1
(3205, 179, 1027343)     22.167          0     0     1     1
(3815, 249, 1027343)     22.167          0     0     1     1
(3203, 97, 1027343)      22.167          0     0     1     1
(2339, 109, 1027343)     22.167          0     0     0     1
(3653, 249, 1027343)      22.25          0     0     1     2
(2767, 249, 1027343)      22.25          0     0     1     1
(2797, 241, 1027343)      22.25          0     0     0     1
(2949, 241, 1027343)      22.25          0     0     1     1
(2221, 241, 1027343)      22.25          0     0     1     1
(2277, 251, 1027343)      22.25          0     0     1     1
(3235, 225, 1027343)      22.25          0     0     1     1
(3237, 233, 1027343)      22.25          0     0     1     1
(3357, 227, 1027343)      22.25          0     0     1     1
(3331, 97, 1027343)       22.25          0     0     1     1
(3277, 119, 1027343)      22.25          0     0     1     1
(2981, 241, 1027343)     22.333          0     0     0     1
(2213, 245, 1027343)     22.333          0     0     1     1
(3277, 245, 1027343)     22.333          0     0     1     1
(2887, 125, 1027343)     22.333          0     0     1     1
(3207, 249, 1027343)     22.333          0     0     1     1
(3814, 253, 1027343)     22.333          0     0     1     1
(3143, 225, 1027343)     22.333          0     0     1     1
(3143, 225, 1027343)     24.583          0     0     1     1
(3669, 241, 1027343)     22.333          0     0     1     1
(3237, 169, 1027343)     22.333          0     0     1     1
(3261, 255, 1027343)     22.417          0     0     1     1
(2791, 253, 1027343)     22.417          0     0     1     1
(3173, 245, 1027343)     22.417          0     0     1     1
(3093, 241, 1027343)     22.417          0     0     1     1
(3823, 245, 1027343)     22.417          0     0     1     1
(3557, 225, 1027343)     22.417          0     0     1     1
(3749, 237, 1027343)     22.417          0     0     1     1
(2615, 125, 1027343)     22.417          0     0     1     1
(2407, 113, 1027343)     22.417          0     0     0     1
(3205, 233, 1027343)       22.5          0     0     1     1
(3307, 253, 1027343)       22.5          0     0     1     1
(3813, 225, 1027343)       22.5          0     0     1     1
(2403, 105, 1027343)       22.5          0     0     1     1
(3829, 225, 1027343)     22.583          0     0     1     1
(3751, 221, 1027343)     24.083          0     0     1     1
(3463, 253, 1027343)     24.083          0     0     1     1
(3269, 237, 1027343)     24.167          0     0     1     1
(3780, 245, 1027343)     24.167          0     0     0     1
(3205, 225, 1027343)     24.167          0     0     1     1
(3219, 115, 1027343)     24.167          0     0     0     1
(3109, 253, 1027343)      24.25          0     0     1     1
(3079, 225, 1027343)      24.25          0     0     1     1
(3079, 225, 1027343)     24.333          0     0     1     1
(3079, 225, 1027343)     24.417          0     0     1     1
(3623, 249, 1027343)      24.25          0     0     1     1
(3399, 225, 1027343)      24.25          0     0     1     1
(3781, 179, 1027343)      24.25          0     0     1     1
(3885, 123, 1027343)     24.333          0     0     1     1
(3785, 113, 1027343)     24.333          0     0     1     1
(3201, 241, 1027343)     24.333          0     0     1     1
(4007, 189, 1027343)     24.333          0     0     1     1
(3509, 225, 1027343)     24.333          0     0     1     1
(3817, 241, 1027343)     24.333          0     0     1     1
(3367, 241, 1027343)     24.333          0     0     1     1
(2755, 101, 1027343)     24.333          0     0     1     1
(3781, 241, 1027343)     24.417          0     0     1     1
(3271, 89, 1027343)      24.417          0     0     1     1
(3813, 185, 1027343)     24.417          0     0     1     1
(3751, 113, 1027343)       24.5          0     0     1     1
(2119, 225, 1027343)     26.083          0     0     0     1
(4005, 245, 1027343)     26.167          0     0     1     1
(3085, 241, 1027343)      26.25          0     0     1     1
(3885, 253, 1027343)      26.25          0     0     1     1
(3219, 243, 1027343)      26.25          0     0     0     1
(1769, 119, 1027343)      26.25          0     0     0     1
(3653, 241, 1027343)     26.333          0     0     1     1
(3220, 237, 1027343)     26.333          0     0     1     1
(3204, 233, 1027343)     26.333          0     0     1     1
(3301, 241, 1027343)     26.417          0     0     1     1
(3309, 241, 1027343)     26.417          0     0     1     1
(3813, 249, 1027343)       26.5          0     0     1     1
(3893, 249, 1027343)       26.5          0     0     1     1
(3747, 249, 1027343)     26.583          0     0     1     1
(2863, 249, 1027343)     26.583          0     0     1     1
(3349, 225, 1027343)     28.083          0     0     1     1
(2733, 111, 1027343)     28.167          0     0     1     1
(3075, 225, 1027343)     28.167          0     0     1     1
(3719, 241, 1027343)      28.25          0     0     1     1
(2535, 49, 1027343)      28.333          0     0     0     1
(3749, 125, 1027343)     28.583          0     0     1     1
(2343, 105, 1027343)      30.25          0     0     0     1
(2757, 241, 1027343)       30.5          0     0     1     1
(3269, 225, 1027343)      34.25          0     0     1     1
