inputs: [1027343]/1000 samples
product                 energy   A*B=out      cfhs    chains  num 
(3687, 241, 1027343)     10.083          0     0     1     1
(3109, 225, 1027343)     14.083          0     0     1     1
(3109, 225, 1027343)     20.083          0     0     1     1
(3109, 225, 1027343)     20.167          0     0     1     1
(3109, 225, 1027343)     22.333          0     0     1     1
(3109, 225, 1027343)     24.167          0     0     1     1
(3109, 225, 1027343)     26.083          0     0     1     1
(3109, 225, 1027343)     26.167          0     0     1     1
(3109, 225, 1027343)      28.25          0     0     0     1
(3619, 225, 1027343)     16.083          0     0     1     1
(3619, 225, 1027343)     16.167          0     0     1     1
(3619, 225, 1027343)       22.0          0     0     1     1
(3619, 225, 1027343)      28.25          0     0     0     1
(3861, 241, 1027343)     16.167          0     0     1     1
(3143, 225, 1027343)     16.167          0     0     1     1
(3143, 225, 1027343)     24.333          0     0     1     1
(3143, 225, 1027343)      26.25          0     0     1     1
(3747, 177, 1027343)      16.25          0     0     1     1
(3361, 225, 1027343)       18.0          0     0     1     1
(3367, 225, 1027343)     18.083          0     0     1     1
(3253, 241, 1027343)     18.167          0     0     1     1
(3253, 241, 1027343)     22.083          0     0     1     1
(3125, 241, 1027343)     18.167          0     0     1     1
(3621, 225, 1027343)     18.167          0     0     1     1
(3107, 225, 1027343)     18.167          0     0     1     1
(3107, 225, 1027343)     22.167          0     0     1     1
(3107, 225, 1027343)     24.083          0     0     1     1
(3107, 225, 1027343)     26.083          0     0     1     1
(3107, 225, 1027343)     30.333          0     0     1     1
(3237, 225, 1027343)     18.167          0     0     1     1
(3237, 225, 1027343)     22.083          0     0     1     1
(3363, 225, 1027343)     18.167          0     0     1     1
(3109, 161, 1027343)      18.25          0     0     1     1
(3109, 161, 1027343)     20.083          0     0     1     1
(3109, 161, 1027343)     22.167          0     0     1     1
(3109, 161, 1027343)     24.333          0     0     1     1
(3109, 161, 1027343)      26.25          0     0     1     1
(3109, 161, 1027343)      28.25          0     0     1     1
(3111, 225, 1027343)     20.083          0     0     1     1
(3111, 225, 1027343)      20.25          0     0     1     2
(3111, 225, 1027343)     24.167          0     0     1     1
(3111, 225, 1027343)      24.25          0     0     1     1
(3233, 241, 1027343)     20.083          0     0     1     1
(3233, 241, 1027343)      24.25          0     0     1     1
(3233, 241, 1027343)     28.083          0     0     1     1
(3233, 241, 1027343)      30.25          0     0     1     1
(3105, 225, 1027343)     20.083          0     0     1     1
(3105, 225, 1027343)     22.167          0     0     1     1
(3105, 225, 1027343)     24.167          0     0     1     1
(3105, 225, 1027343)      24.25          0     0     1     1
(3105, 225, 1027343)       26.0          0     0     1     1
(3105, 225, 1027343)     26.083          0     0     1     2
(3105, 225, 1027343)     26.083          0     0     0     1
(3105, 225, 1027343)     26.167          0     0     1     4
(3105, 225, 1027343)     28.083          0     0     1     1
(3105, 225, 1027343)     28.167          0     0     1     1
(3105, 225, 1027343)      28.25          0     0     1     2
(3105, 225, 1027343)     30.167          0     0     1     1
(3105, 225, 1027343)      36.25          0     0     0     1
(3617, 225, 1027343)     20.083          0     0     1     2
(3617, 225, 1027343)     24.083          0     0     1     1
(3617, 225, 1027343)     26.083          0     0     1     1
(3717, 225, 1027343)     20.167          0     0     1     1
(3717, 225, 1027343)     26.083          0     0     1     1
(3205, 241, 1027343)     20.167          0     0     1     1
(3205, 241, 1027343)     24.167          0     0     1     1
(3205, 241, 1027343)      28.25          0     0     1     1
(3205, 225, 1027343)     20.167          0     0     1     1
(3205, 225, 1027343)       22.0          0     0     1     1
(3205, 225, 1027343)     28.167          0     0     1     1
(3235, 225, 1027343)     20.167          0     0     1     1
(3235, 225, 1027343)      24.25          0     0     1     1
(3235, 225, 1027343)     26.167          0     0     1     1
(3235, 225, 1027343)     28.167          0     0     1     1
(3207, 225, 1027343)     20.167          0     0     1     1
(3207, 225, 1027343)     22.083          0     0     1     1
(3109, 209, 1027343)     20.167          0     0     1     1
(3109, 209, 1027343)      20.25          0     0     1     1
(3109, 209, 1027343)      22.25          0     0     1     1
(3591, 193, 1027343)      20.25          0     0     1     1
(3109, 99, 1027343)       20.25          0     0     1     1
(3459, 97, 1027343)       20.25          0     0     1     1
(3669, 241, 1027343)     20.333          0     0     1     1
(3749, 177, 1027343)     20.333          0     0     1     1
(3237, 241, 1027343)     20.417          0     0     1     1
(3237, 241, 1027343)     24.333          0     0     1     1
(3237, 241, 1027343)     24.417          0     0     1     1
(3237, 241, 1027343)     28.333          0     0     1     1
(3399, 225, 1027343)     20.417          0     0     1     1
(3143, 193, 1027343)     22.083          0     0     1     1
(3301, 241, 1027343)     22.083          0     0     1     1
(3109, 241, 1027343)     22.167          0     0     1     1
(3109, 241, 1027343)     24.167          0     0     1     1
(3109, 241, 1027343)      28.25          0     0     1     1
(3941, 209, 1027343)     22.167          0     0     1     1
(3173, 209, 1027343)     22.167          0     0     1     1
(3141, 177, 1027343)     22.167          0     0     0     1
(3141, 177, 1027343)     24.417          0     0     1     1
(2565, 67, 1027343)      22.167          0     0     0     1
(3077, 225, 1027343)      22.25          0     0     1     1
(3077, 225, 1027343)     30.083          0     0     1     1
(3201, 193, 1027343)      22.25          0     0     1     1
(3201, 193, 1027343)     34.167          0     0     0     1
(3587, 97, 1027343)       22.25          0     0     1     1
(3459, 113, 1027343)     22.333          0     0     1     1
(3733, 241, 1027343)     22.417          0     0     1     1
(3141, 241, 1027343)     22.417          0     0     1     1
(3141, 241, 1027343)      24.25          0     0     1     1
(3079, 225, 1027343)       24.0          0     0     1     1
(3079, 225, 1027343)     24.083          0     0     1     1
(3079, 225, 1027343)     24.167          0     0     1     1
(3079, 225, 1027343)      24.25          0     0     1     1
(3079, 225, 1027343)     24.333          0     0     1     1
(3079, 225, 1027343)     26.333          0     0     1     1
(3079, 225, 1027343)      30.25          0     0     1     1
(3093, 241, 1027343)     24.083          0     0     1     1
(3749, 241, 1027343)     24.083          0     0     1     1
(3329, 225, 1027343)     24.083          0     0     1     1
(3329, 225, 1027343)     32.167          0     0     1     1
(3077, 161, 1027343)     24.083          0     0     1     1
(3077, 161, 1027343)     28.083          0     0     1     1
(3077, 161, 1027343)     28.417          0     0     1     1
(3077, 161, 1027343)     30.333          0     0     1     1
(3077, 161, 1027343)     32.083          0     0     1     1
(3077, 161, 1027343)     34.333          0     0     1     2
(3077, 161, 1027343)     34.333          0     0     0     1
(3077, 161, 1027343)     34.417          0     0     1     1
(3077, 161, 1027343)     38.417          0     0     1     1
(3077, 161, 1027343)       38.5          0     0     1     1
(3137, 177, 1027343)     24.167          0     0     1     1
(3233, 161, 1027343)     24.167          0     0     1     1
(3333, 241, 1027343)      24.25          0     0     1     1
(3201, 225, 1027343)      24.25          0     0     1     1
(3201, 225, 1027343)     26.083          0     0     1     2
(3201, 225, 1027343)     32.333          0     0     1     1
(3201, 225, 1027343)     34.333          0     0     1     1
(3205, 209, 1027343)      24.25          0     0     1     1
(2817, 193, 1027343)      24.25          0     0     1     1
(3617, 209, 1027343)      24.25          0     0     1     1
(3585, 193, 1027343)      24.25          0     0     1     1
(3585, 193, 1027343)     28.083          0     0     1     1
(3585, 193, 1027343)     30.083          0     0     1     1
(3585, 193, 1027343)     30.417          0     0     1     1
(3585, 193, 1027343)     38.167          0     0     1     1
(3233, 227, 1027343)      24.25          0     0     1     1
(3203, 97, 1027343)       24.25          0     0     1     1
(3203, 97, 1027343)       26.25          0     0     1     1
(3107, 97, 1027343)       24.25          0     0     1     1
(3237, 161, 1027343)      24.25          0     0     1     1
(3237, 161, 1027343)      26.25          0     0     1     1
(3237, 209, 1027343)      24.25          0     0     1     1
(3925, 241, 1027343)     24.333          0     0     1     1
(3361, 113, 1027343)     24.333          0     0     1     1
(2151, 225, 1027343)     24.333          0     0     0     1
(3075, 129, 1027343)     24.333          0     0     1     1
(3075, 129, 1027343)      34.25          0     0     1     1
(3075, 129, 1027343)     34.333          0     0     1     1
(3075, 129, 1027343)     36.333          0     0     1     1
(3075, 129, 1027343)      38.25          0     0     1     1
(3075, 129, 1027343)     40.167          0     0     1     1
(3075, 129, 1027343)       40.5          0     0     1     1
(3205, 161, 1027343)     24.333          0     0     1     1
(3105, 241, 1027343)     26.083          0     0     1     2
(3105, 241, 1027343)      28.25          0     0     1     1
(3105, 241, 1027343)      32.25          0     0     1     1
(3105, 241, 1027343)     34.417          0     0     1     1
(3591, 225, 1027343)     26.083          0     0     1     1
(3079, 209, 1027343)     26.083          0     0     1     1
(3075, 97, 1027343)      26.083          0     0     1     1
(3075, 97, 1027343)        32.5          0     0     1     1
(3169, 225, 1027343)     26.083          0     0     1     1
(3077, 241, 1027343)     26.167          0     0     1     1
(3077, 241, 1027343)     34.333          0     0     1     1
(3109, 193, 1027343)     26.167          0     0     0     1
(3361, 241, 1027343)     26.167          0     0     1     1
(3075, 193, 1027343)     26.167          0     0     1     1
(3075, 193, 1027343)      26.25          0     0     1     1
(3075, 193, 1027343)     32.333          0     0     1     1
(3713, 129, 1027343)     26.167          0     0     1     1
(3139, 97, 1027343)      26.167          0     0     1     1
(2477, 209, 1027343)     26.167          0     0     1     1
(3717, 241, 1027343)      26.25          0     0     1     1
(3717, 241, 1027343)     26.333          0     0     1     1
(3233, 225, 1027343)      26.25          0     0     1     1
(3233, 225, 1027343)     28.083          0     0     1     1
(2341, 97, 1027343)       26.25          0     0     0     1
(3425, 225, 1027343)      26.25          0     0     1     1
(3585, 209, 1027343)      26.25          0     0     1     1
(2115, 65, 1027343)       26.25          0     0     0     1
(2115, 65, 1027343)      44.333          0     0     0     1
(2573, 241, 1027343)     26.333          0     0     0     1
(3095, 241, 1027343)     26.333          0     0     1     1
(3877, 241, 1027343)     26.333          0     0     1     1
(3621, 241, 1027343)     26.333          0     0     1     1
(2881, 241, 1027343)     26.333          0     0     1     1
(2337, 225, 1027343)     26.333          0     0     0     1
(3585, 97, 1027343)      26.333          0     0     1     1
(2113, 193, 1027343)     26.333          0     0     0     1
(2113, 193, 1027343)      46.25          0     0     0     1
(2243, 195, 1027343)     26.333          0     0     0     1
(3105, 129, 1027343)     26.417          0     0     1     1
(3105, 129, 1027343)     30.083          0     0     1     1
(3105, 129, 1027343)     30.417          0     0     1     1
(3105, 129, 1027343)     36.417          0     0     0     1
(3845, 225, 1027343)       26.5          0     0     1     1
(2087, 225, 1027343)     28.083          0     0     0     1
(2087, 225, 1027343)     32.167          0     0     0     1
(3073, 161, 1027343)     28.083          0     0     0     1
(3073, 161, 1027343)     30.083          0     0     0     1
(3073, 161, 1027343)      32.25          0     0     1     1
(3073, 161, 1027343)     32.417          0     0     1     1
(3073, 161, 1027343)      34.25          0     0     1     2
(3073, 161, 1027343)     34.333          0     0     1     3
(3073, 161, 1027343)     36.167          0     0     1     1
(3073, 161, 1027343)      36.25          0     0     1     1
(3073, 161, 1027343)      36.25          0     0     0     2
(3073, 161, 1027343)     36.333          0     0     1     1
(3073, 161, 1027343)      38.25          0     0     1     1
(3073, 161, 1027343)     38.333          0     0     1     1
(3073, 161, 1027343)     38.417          0     0     1     1
(3073, 161, 1027343)     40.333          0     0     0     1
(3073, 161, 1027343)     42.167          0     0     0     2
(3073, 161, 1027343)     44.167          0     0     0     1
(3073, 161, 1027343)     46.333          0     0     1     2
(3073, 161, 1027343)      48.75          0     0     1     1
(3089, 225, 1027343)     28.167          0     0     1     1
(3089, 225, 1027343)      34.25          0     0     1     1
(3157, 161, 1027343)     28.167          0     0     1     1
(2721, 241, 1027343)     28.167          0     0     1     1
(3333, 177, 1027343)     28.167          0     0     1     1
(3073, 181, 1027343)     28.167          0     0     0     1
(3074, 5, 1027343)       28.167          0     0     0     1
(3073, 177, 1027343)     28.167          0     0     0     1
(3073, 177, 1027343)      32.25          0     0     1     2
(3073, 177, 1027343)     32.417          0     0     1     1
(3073, 177, 1027343)     36.333          0     0     1     1
(3073, 177, 1027343)      38.25          0     0     1     1
(3073, 177, 1027343)       38.5          0     0     1     1
(3073, 177, 1027343)       38.5          0     0     0     1
(2085, 129, 1027343)     28.167          0     0     0     1
(2597, 243, 1027343)      28.25          0     0     1     1
(3201, 241, 1027343)      28.25          0     0     1     1
(3093, 161, 1027343)      28.25          0     0     1     1
(2085, 225, 1027343)      28.25          0     0     0     1
(2085, 225, 1027343)       32.0          0     0     0     1
(2599, 177, 1027343)      28.25          0     0     1     1
(3203, 65, 1027343)       28.25          0     0     0     1
(3585, 65, 1027343)       28.25          0     0     1     1
(3585, 65, 1027343)       32.25          0     0     1     1
(3365, 241, 1027343)     28.333          0     0     1     1
(3585, 1, 1027343)       28.333          0     0     1     1
(3235, 161, 1027343)     28.333          0     0     1     1
(2593, 225, 1027343)     28.333          0     0     1     1
(3591, 241, 1027343)     28.417          0     0     1     1
(3173, 177, 1027343)     28.417          0     0     1     1
(3077, 177, 1027343)     28.417          0     0     1     1
(3077, 177, 1027343)     30.417          0     0     1     1
(3077, 177, 1027343)     32.333          0     0     1     1
(3077, 177, 1027343)       34.5          0     0     1     1
(3077, 177, 1027343)     38.333          0     0     1     1
(3877, 209, 1027343)     28.417          0     0     1     1
(3335, 241, 1027343)     28.583          0     0     1     1
(3269, 161, 1027343)     28.583          0     0     0     1
(3365, 161, 1027343)     28.583          0     0     0     1
(3661, 241, 1027343)      28.75          0     0     0     1
(3073, 241, 1027343)       30.0          0     0     1     1
(3073, 241, 1027343)      32.25          0     0     1     1
(3073, 241, 1027343)     38.333          0     0     1     1
(3073, 225, 1027343)       30.0          0     0     1     1
(3073, 225, 1027343)     32.083          0     0     1     1
(3073, 225, 1027343)     34.167          0     0     0     1
(3073, 225, 1027343)     34.167          0     0     1     1
(2117, 161, 1027343)       30.0          0     0     0     1
(3587, 129, 1027343)     30.083          0     0     1     1
(3137, 241, 1027343)     30.167          0     0     1     1
(3073, 193, 1027343)     30.167          0     0     1     1
(3073, 193, 1027343)     32.083          0     0     1     1
(3073, 193, 1027343)     32.333          0     0     1     1
(3073, 193, 1027343)     34.083          0     0     1     2
(3073, 193, 1027343)      34.25          0     0     1     1
(3073, 193, 1027343)     34.333          0     0     1     1
(3073, 193, 1027343)     36.083          0     0     1     1
(3073, 193, 1027343)     36.333          0     0     0     1
(3073, 193, 1027343)     36.333          0     0     1     2
(3073, 193, 1027343)     38.083          0     0     1     1
(3073, 193, 1027343)     38.417          0     0     1     1
(3073, 193, 1027343)     42.083          0     0     1     1
(3073, 129, 1027343)     30.167          0     0     0     1
(3073, 129, 1027343)       32.0          0     0     1     1
(3073, 129, 1027343)     32.083          0     0     1     1
(3073, 129, 1027343)     32.167          0     0     0     4
(3073, 129, 1027343)      32.25          0     0     1     1
(3073, 129, 1027343)     32.333          0     0     1     1
(3073, 129, 1027343)       34.0          0     0     1     1
(3073, 129, 1027343)     34.083          0     0     1     1
(3073, 129, 1027343)     34.083          0     0     0     1
(3073, 129, 1027343)     34.167          0     0     1     2
(3073, 129, 1027343)     34.167          0     0     0     1
(3073, 129, 1027343)      34.25          0     0     1     1
(3073, 129, 1027343)      34.25          0     0     0     1
(3073, 129, 1027343)     34.333          0     0     1     1
(3073, 129, 1027343)     34.333          0     0     0     2
(3073, 129, 1027343)     34.417          0     0     1     2
(3073, 129, 1027343)     34.417          0     0     0     1
(3073, 129, 1027343)     36.167          0     0     1     3
(3073, 129, 1027343)     36.167          0     0     0     1
(3073, 129, 1027343)      36.25          0     0     0     2
(3073, 129, 1027343)      36.25          0     0     1     6
(3073, 129, 1027343)     36.417          0     0     1     1
(3073, 129, 1027343)     38.167          0     0     1     2
(3073, 129, 1027343)     38.167          0     0     0     1
(3073, 129, 1027343)      38.25          0     0     1     2
(3073, 129, 1027343)      38.25          0     0     0     1
(3073, 129, 1027343)     38.333          0     0     1     3
(3073, 129, 1027343)     38.417          0     0     1     3
(3073, 129, 1027343)     40.083          0     0     0     1
(3073, 129, 1027343)     40.167          0     0     1     2
(3073, 129, 1027343)     40.167          0     0     0     1
(3073, 129, 1027343)      40.25          0     0     1     3
(3073, 129, 1027343)     40.333          0     0     0     2
(3073, 129, 1027343)     40.583          0     0     1     1
(3073, 129, 1027343)     42.167          0     0     0     1
(3073, 129, 1027343)     42.167          0     0     1     1
(3073, 129, 1027343)      42.25          0     0     0     1
(3073, 129, 1027343)     42.333          0     0     1     1
(3073, 129, 1027343)     42.417          0     0     1     1
(3073, 129, 1027343)     44.333          0     0     1     1
(3073, 129, 1027343)     44.333          0     0     0     2
(3073, 129, 1027343)     50.333          0     0     0     1
(3081, 65, 1027343)      30.167          0     0     0     1
(3077, 169, 1027343)      30.25          0     0     1     1
(3203, 225, 1027343)      30.25          0     0     1     1
(2055, 225, 1027343)      30.25          0     0     0     1
(3617, 113, 1027343)      30.25          0     0     1     1
(2055, 193, 1027343)      30.25          0     0     0     1
(2055, 193, 1027343)     34.417          0     0     0     1
(3075, 33, 1027343)       30.25          0     0     1     1
(3075, 33, 1027343)      40.417          0     0     0     1
(2115, 97, 1027343)       30.25          0     0     0     1
(2115, 97, 1027343)       32.25          0     0     0     1
(2115, 97, 1027343)        34.5          0     0     0     1
(2053, 65, 1027343)       30.25          0     0     0     1
(3079, 193, 1027343)     30.333          0     0     1     1
(3107, 241, 1027343)     30.333          0     0     0     1
(2597, 225, 1027343)     30.333          0     0     1     1
(3585, 225, 1027343)     30.333          0     0     1     1
(3585, 225, 1027343)     34.333          0     0     1     1
(3201, 177, 1027343)     30.333          0     0     1     1
(2179, 161, 1027343)     30.333          0     0     0     1
(3201, 209, 1027343)     30.417          0     0     1     1
(3201, 209, 1027343)     32.167          0     0     1     1
(3093, 225, 1027343)     30.417          0     0     1     1
(3233, 209, 1027343)     30.417          0     0     1     1
(3589, 65, 1027343)      30.417          0     0     1     1
(2211, 97, 1027343)      30.417          0     0     0     1
(3075, 1, 1027343)         30.5          0     0     1     1
(2659, 241, 1027343)     32.083          0     0     1     1
(2561, 161, 1027343)     32.083          0     0     0     1
(3073, 145, 1027343)     32.167          0     0     1     1
(3073, 145, 1027343)     32.333          0     0     1     1
(3073, 145, 1027343)      34.25          0     0     1     1
(3073, 145, 1027343)      36.25          0     0     0     1
(3073, 145, 1027343)     38.083          0     0     0     1
(3073, 145, 1027343)      38.25          0     0     1     1
(3073, 145, 1027343)      38.25          0     0     0     1
(3073, 145, 1027343)     38.333          0     0     1     1
(3073, 145, 1027343)      40.25          0     0     1     1
(3073, 145, 1027343)     40.333          0     0     1     4
(3073, 145, 1027343)     42.333          0     0     1     2
(3073, 145, 1027343)     42.417          0     0     0     1
(3073, 145, 1027343)       42.5          0     0     1     1
(3329, 161, 1027343)     32.167          0     0     0     1
(3329, 161, 1027343)     38.333          0     0     1     1
(2081, 163, 1027343)     32.167          0     0     0     1
(2177, 129, 1027343)     32.167          0     0     0     1
(2177, 129, 1027343)     42.333          0     0     0     1
(2177, 129, 1027343)     44.417          0     0     0     1
(2177, 129, 1027343)      46.25          0     0     0     1
(2565, 225, 1027343)      32.25          0     0     0     1
(3169, 241, 1027343)      32.25          0     0     1     1
(2049, 225, 1027343)      32.25          0     0     0     1
(2049, 225, 1027343)     38.167          0     0     0     1
(2049, 225, 1027343)     40.333          0     0     0     1
(3076, 129, 1027343)      32.25          0     0     1     1
(3105, 209, 1027343)      32.25          0     0     1     1
(3077, 129, 1027343)      32.25          0     0     1     1
(3077, 129, 1027343)     32.417          0     0     1     1
(3077, 129, 1027343)      34.25          0     0     1     1
(3077, 129, 1027343)     40.167          0     0     1     1
(3077, 129, 1027343)     40.333          0     0     0     1
(3073, 81, 1027343)       32.25          0     0     1     1
(3073, 81, 1027343)      32.333          0     0     1     1
(3073, 81, 1027343)      38.417          0     0     1     1
(3073, 81, 1027343)      42.417          0     0     1     1
(3073, 81, 1027343)        44.5          0     0     0     1
(3073, 81, 1027343)      48.417          0     0     0     1
(3075, 225, 1027343)     32.333          0     0     1     1
(3201, 161, 1027343)     32.333          0     0     1     1
(3587, 193, 1027343)     32.333          0     0     0     1
(3585, 145, 1027343)     32.333          0     0     1     1
(3075, 161, 1027343)     32.333          0     0     1     1
(3075, 161, 1027343)     36.167          0     0     0     1
(3075, 177, 1027343)     32.417          0     0     1     1
(3237, 145, 1027343)       32.5          0     0     1     1
(2565, 147, 1027343)       32.5          0     0     0     1
(3073, 17, 1027343)        32.5          0     0     1     1
(3073, 17, 1027343)      42.333          0     0     1     1
(2049, 193, 1027343)     34.083          0     0     0     1
(2049, 193, 1027343)     40.417          0     0     0     1
(2049, 193, 1027343)      44.25          0     0     0     1
(2049, 193, 1027343)     48.333          0     0     0     1
(2049, 193, 1027343)       48.5          0     0     0     1
(3073, 65, 1027343)      34.083          0     0     0     1
(3073, 65, 1027343)      38.167          0     0     0     1
(3073, 65, 1027343)      38.333          0     0     0     1
(3073, 65, 1027343)        38.5          0     0     1     1
(3073, 65, 1027343)      40.333          0     0     0     1
(3073, 65, 1027343)      44.417          0     0     1     1
(3073, 65, 1027343)      44.583          0     0     1     1
(2067, 193, 1027343)     34.167          0     0     0     1
(2051, 193, 1027343)     34.167          0     0     0     1
(2051, 193, 1027343)     40.417          0     0     0     1
(2053, 145, 1027343)     34.167          0     0     0     1
(2177, 65, 1027343)      34.167          0     0     0     1
(3205, 193, 1027343)      34.25          0     0     1     1
(2053, 129, 1027343)      34.25          0     0     0     1
(2053, 129, 1027343)     38.167          0     0     0     1
(2053, 129, 1027343)     38.333          0     0     0     1
(2053, 129, 1027343)     42.167          0     0     0     1
(2053, 129, 1027343)     46.083          0     0     0     1
(2053, 129, 1027343)     46.167          0     0     0     1
(2053, 129, 1027343)     48.167          0     0     0     1
(3076, 193, 1027343)      34.25          0     0     1     1
(3073, 33, 1027343)       34.25          0     0     0     1
(3073, 33, 1027343)       36.25          0     0     0     1
(3073, 33, 1027343)      38.333          0     0     0     1
(3073, 33, 1027343)      38.417          0     0     1     1
(3073, 33, 1027343)        38.5          0     0     0     1
(3077, 145, 1027343)      34.25          0     0     0     1
(2561, 145, 1027343)      34.25          0     0     0     1
(2561, 145, 1027343)     38.583          0     0     0     1
(2213, 209, 1027343)      34.25          0     0     0     1
(3073, 1, 1027343)        34.25          0     0     1     1
(3073, 1, 1027343)       34.333          0     0     1     1
(3073, 1, 1027343)       36.167          0     0     0     2
(3073, 1, 1027343)        36.25          0     0     0     1
(3073, 1, 1027343)       36.333          0     0     1     1
(3073, 1, 1027343)       36.417          0     0     1     1
(3073, 1, 1027343)        38.25          0     0     0     3
(3073, 1, 1027343)         38.5          0     0     0     1
(3073, 1, 1027343)       40.333          0     0     1     1
(3073, 1, 1027343)       40.417          0     0     1     1
(3073, 1, 1027343)       42.333          0     0     0     2
(3073, 1, 1027343)         44.5          0     0     1     1
(3073, 1, 1027343)       48.167          0     0     1     1
(3077, 209, 1027343)     34.333          0     0     1     1
(3075, 241, 1027343)     34.333          0     0     1     1
(2561, 193, 1027343)     34.333          0     0     1     1
(2561, 129, 1027343)     34.333          0     0     0     1
(2561, 129, 1027343)     40.167          0     0     0     2
(2561, 129, 1027343)      40.25          0     0     0     1
(2561, 129, 1027343)      42.25          0     0     0     1
(2561, 129, 1027343)     44.333          0     0     0     1
(2561, 129, 1027343)     46.333          0     0     0     1
(3137, 209, 1027343)     34.333          0     0     1     1
(3072, 81, 1027343)      34.333          0     0     1     1
(3201, 1, 1027343)       34.417          0     0     0     1
(3585, 129, 1027343)     34.417          0     0     1     1
(3585, 129, 1027343)     36.167          0     0     1     1
(3585, 129, 1027343)       36.5          0     0     1     1
(2561, 65, 1027343)      34.417          0     0     0     1
(2561, 65, 1027343)       46.25          0     0     0     1
(2049, 129, 1027343)     36.083          0     0     0     2
(2049, 129, 1027343)     36.333          0     0     0     1
(2049, 129, 1027343)     38.167          0     0     0     1
(2049, 129, 1027343)     38.333          0     0     0     1
(2049, 129, 1027343)     40.083          0     0     0     2
(2049, 129, 1027343)     40.333          0     0     0     1
(2049, 129, 1027343)     40.333          0     0     1     1
(2049, 129, 1027343)     42.083          0     0     0     2
(2049, 129, 1027343)     42.167          0     0     0     4
(2049, 129, 1027343)      42.25          0     0     0     2
(2049, 129, 1027343)     42.333          0     0     1     1
(2049, 129, 1027343)     42.417          0     0     0     1
(2049, 129, 1027343)     44.083          0     0     0     4
(2049, 129, 1027343)     44.167          0     0     0     6
(2049, 129, 1027343)      44.25          0     0     0     4
(2049, 129, 1027343)     44.333          0     0     0     2
(2049, 129, 1027343)     44.417          0     0     0     1
(2049, 129, 1027343)       44.5          0     0     0     1
(2049, 129, 1027343)     46.083          0     0     0     2
(2049, 129, 1027343)     46.167          0     0     0     3
(2049, 129, 1027343)      46.25          0     0     0     5
(2049, 129, 1027343)     46.333          0     0     0     3
(2049, 129, 1027343)     46.417          0     0     0     1
(2049, 129, 1027343)      48.25          0     0     0     5
(2049, 129, 1027343)     48.333          0     0     0     1
(2049, 129, 1027343)     48.417          0     0     0     1
(2049, 129, 1027343)       48.5          0     0     0     2
(2049, 129, 1027343)      50.25          0     0     0     1
(2049, 129, 1027343)     50.333          0     0     0     2
(2049, 129, 1027343)     50.417          0     0     0     2
(2049, 129, 1027343)     52.417          0     0     0     2
(2049, 129, 1027343)     52.583          0     0     0     1
(2213, 161, 1027343)     36.167          0     0     0     1
(2051, 65, 1027343)      36.167          0     0     0     1
(2051, 65, 1027343)       38.25          0     0     0     1
(2051, 65, 1027343)       44.25          0     0     0     1
(2051, 65, 1027343)        44.5          0     0     0     1
(2179, 129, 1027343)     36.167          0     0     0     1
(2049, 145, 1027343)     36.167          0     0     0     1
(2049, 145, 1027343)     38.167          0     0     0     1
(2049, 145, 1027343)     38.333          0     0     0     1
(2049, 145, 1027343)      40.25          0     0     0     1
(2049, 145, 1027343)     40.417          0     0     0     2
(2049, 145, 1027343)      42.25          0     0     0     2
(2049, 145, 1027343)     42.333          0     0     0     1
(2049, 145, 1027343)     42.417          0     0     0     1
(2049, 145, 1027343)     44.167          0     0     0     2
(2049, 145, 1027343)     44.333          0     0     0     2
(2049, 145, 1027343)     46.167          0     0     0     2
(2049, 145, 1027343)     46.333          0     0     0     3
(2049, 145, 1027343)     46.417          0     0     0     1
(2049, 145, 1027343)     46.583          0     0     0     1
(2049, 145, 1027343)     48.083          0     0     0     1
(2049, 145, 1027343)      48.25          0     0     0     1
(2049, 145, 1027343)     48.417          0     0     0     1
(2049, 145, 1027343)       48.5          0     0     0     1
(2049, 145, 1027343)       48.5          0     0     1     1
(2049, 145, 1027343)     50.333          0     0     0     2
(2049, 145, 1027343)     50.417          0     0     0     1
(2305, 1, 1027343)       36.167          0     0     0     1
(2305, 1, 1027343)       46.417          0     0     0     1
(2369, 131, 1027343)     36.167          0     0     0     1
(3073, 137, 1027343)      36.25          0     0     1     1
(3585, 81, 1027343)       36.25          0     0     1     1
(3201, 129, 1027343)      36.25          0     0     1     1
(3201, 129, 1027343)      36.25          0     0     0     1
(3328, 1, 1027343)        36.25          0     0     1     1
(2083, 193, 1027343)      36.25          0     0     0     1
(2049, 177, 1027343)      36.25          0     0     0     1
(2049, 177, 1027343)     38.167          0     0     0     1
(2049, 177, 1027343)      38.25          0     0     0     2
(2049, 177, 1027343)     38.333          0     0     0     1
(2049, 177, 1027343)      40.25          0     0     0     1
(2049, 177, 1027343)     40.333          0     0     0     1
(2049, 177, 1027343)     42.083          0     0     0     1
(2049, 177, 1027343)       44.5          0     0     0     1
(2049, 177, 1027343)     46.417          0     0     0     1
(2049, 177, 1027343)     48.417          0     0     0     1
(3072, 129, 1027343)      36.25          0     0     1     1
(3072, 129, 1027343)     38.083          0     0     1     1
(3072, 129, 1027343)      38.25          0     0     1     1
(3072, 129, 1027343)     38.333          0     0     0     1
(3072, 129, 1027343)     40.083          0     0     0     1
(3072, 129, 1027343)     40.167          0     0     1     1
(3072, 129, 1027343)       40.5          0     0     1     1
(3072, 129, 1027343)     42.167          0     0     1     1
(3072, 129, 1027343)      42.25          0     0     1     1
(3072, 129, 1027343)      42.25          0     0     0     1
(3072, 129, 1027343)     42.333          0     0     1     3
(3072, 129, 1027343)     42.417          0     0     1     2
(3072, 129, 1027343)     44.083          0     0     0     1
(3072, 129, 1027343)     44.167          0     0     1     1
(3072, 129, 1027343)      44.25          0     0     1     1
(3072, 129, 1027343)     44.333          0     0     1     1
(3072, 129, 1027343)     48.083          0     0     0     1
(3072, 129, 1027343)      48.25          0     0     0     1
(3075, 65, 1027343)       36.25          0     0     1     1
(2051, 81, 1027343)       36.25          0     0     0     1
(2560, 1, 1027343)        36.25          0     0     0     1
(2560, 1, 1027343)       38.167          0     0     0     1
(2560, 1, 1027343)        42.25          0     0     0     1
(3329, 1, 1027343)        36.25          0     0     1     1
(3329, 1, 1027343)       36.333          0     0     1     1
(2181, 129, 1027343)      36.25          0     0     0     1
(2053, 161, 1027343)      36.25          0     0     0     2
(2053, 161, 1027343)     40.333          0     0     0     1
(2053, 161, 1027343)     42.167          0     0     0     1
(2053, 161, 1027343)      46.25          0     0     0     1
(2053, 161, 1027343)     46.333          0     0     0     1
(2053, 161, 1027343)     48.333          0     0     0     1
(3584, 129, 1027343)     36.333          0     0     1     1
(3841, 17, 1027343)      36.333          0     0     1     1
(3077, 1, 1027343)       36.333          0     0     0     1
(3075, 209, 1027343)     36.333          0     0     1     1
(3075, 209, 1027343)     36.417          0     0     1     1
(3075, 209, 1027343)     40.333          0     0     1     1
(2213, 177, 1027343)     36.333          0     0     0     1
(2625, 65, 1027343)      36.333          0     0     1     1
(2305, 193, 1027343)     36.417          0     0     0     1
(3077, 33, 1027343)      36.417          0     0     1     1
(3073, 67, 1027343)      36.417          0     0     0     1
(3089, 241, 1027343)       36.5          0     0     1     1
(2851, 225, 1027343)       36.5          0     0     1     1
(2069, 241, 1027343)       36.5          0     0     0     1
(2049, 161, 1027343)       36.5          0     0     0     1
(2049, 161, 1027343)     40.167          0     0     0     1
(2049, 161, 1027343)     40.333          0     0     0     1
(2049, 161, 1027343)     40.417          0     0     0     1
(2049, 161, 1027343)     42.083          0     0     0     1
(2049, 161, 1027343)     42.417          0     0     0     1
(2049, 161, 1027343)     44.083          0     0     0     1
(2049, 161, 1027343)     44.333          0     0     0     2
(2049, 161, 1027343)     46.167          0     0     0     1
(2049, 161, 1027343)     48.417          0     0     0     1
(2049, 161, 1027343)       48.5          0     0     0     1
(2049, 161, 1027343)     50.417          0     0     0     1
(2049, 161, 1027343)     52.417          0     0     0     1
(2115, 113, 1027343)     36.583          0     0     0     1
(2081, 129, 1027343)     38.083          0     0     0     1
(2081, 129, 1027343)      40.25          0     0     0     1
(3137, 129, 1027343)     38.083          0     0     0     1
(2065, 209, 1027343)     38.083          0     0     0     1
(2049, 1, 1027343)       38.083          0     0     0     1
(2049, 1, 1027343)       38.167          0     0     0     2
(2049, 1, 1027343)       40.167          0     0     0     2
(2049, 1, 1027343)        40.25          0     0     0     1
(2049, 1, 1027343)       40.333          0     0     0     2
(2049, 1, 1027343)       42.167          0     0     0     1
(2049, 1, 1027343)        42.25          0     0     0     2
(2049, 1, 1027343)       42.333          0     0     0     1
(2049, 1, 1027343)       42.417          0     0     0     1
(2049, 1, 1027343)       44.083          0     0     0     1
(2049, 1, 1027343)       44.167          0     0     0     1
(2049, 1, 1027343)        44.25          0     0     0     4
(2049, 1, 1027343)       44.333          0     0     0     3
(2049, 1, 1027343)       44.417          0     0     0     1
(2049, 1, 1027343)       46.083          0     0     0     1
(2049, 1, 1027343)       46.167          0     0     0     4
(2049, 1, 1027343)        46.25          0     0     0     5
(2049, 1, 1027343)       46.333          0     0     0     4
(2049, 1, 1027343)       46.417          0     0     0     3
(2049, 1, 1027343)         46.5          0     0     0     1
(2049, 1, 1027343)       46.667          0     0     0     1
(2049, 1, 1027343)       48.167          0     0     0     1
(2049, 1, 1027343)        48.25          0     0     0     1
(2049, 1, 1027343)       48.333          0     0     0     1
(2049, 1, 1027343)       48.417          0     0     0     3
(2049, 1, 1027343)         50.0          0     0     0     1
(2049, 1, 1027343)        50.25          0     0     0     2
(2049, 1, 1027343)       50.333          0     0     0     2
(2049, 1, 1027343)       50.417          0     0     0     1
(2049, 1, 1027343)       50.667          0     0     0     1
(2051, 129, 1027343)     38.167          0     0     0     1
(2051, 129, 1027343)      40.25          0     0     0     1
(2051, 129, 1027343)     40.333          0     0     0     1
(2051, 129, 1027343)     40.583          0     0     0     1
(2051, 129, 1027343)     42.333          0     0     0     1
(2051, 129, 1027343)     46.167          0     0     0     1
(3329, 129, 1027343)     38.167          0     0     0     1
(3200, 65, 1027343)       38.25          0     0     0     1
(2115, 193, 1027343)      38.25          0     0     0     1
(3137, 81, 1027343)       38.25          0     0     0     1
(2049, 17, 1027343)       38.25          0     0     0     1
(2049, 17, 1027343)      38.417          0     0     0     1
(2049, 17, 1027343)      42.333          0     0     0     1
(2049, 17, 1027343)      42.417          0     0     0     1
(2049, 17, 1027343)       44.25          0     0     0     1
(2049, 17, 1027343)      46.167          0     0     0     1
(2049, 17, 1027343)       46.25          0     0     0     3
(2049, 17, 1027343)      46.333          0     0     0     2
(2049, 17, 1027343)       48.25          0     0     0     1
(2049, 17, 1027343)       50.25          0     0     0     1
(2049, 17, 1027343)      50.417          0     0     0     1
(3072, 1, 1027343)        38.25          0     0     0     1
(3072, 1, 1027343)       40.083          0     0     1     1
(3072, 1, 1027343)       40.167          0     0     0     1
(3072, 1, 1027343)        40.25          0     0     0     1
(3072, 1, 1027343)       40.333          0     0     1     1
(3072, 1, 1027343)       40.417          0     0     1     1
(3072, 1, 1027343)         40.5          0     0     1     1
(3072, 1, 1027343)       42.333          0     0     1     1
(3072, 1, 1027343)       42.417          0     0     1     1
(3072, 1, 1027343)        44.25          0     0     0     1
(3072, 1, 1027343)       48.333          0     0     0     1
(3072, 1, 1027343)         48.5          0     0     1     2
(3072, 1, 1027343)       50.167          0     0     0     1
(2057, 129, 1027343)      38.25          0     0     0     1
(3073, 209, 1027343)     38.333          0     0     0     1
(3073, 209, 1027343)     46.583          0     0     1     1
(2051, 97, 1027343)      38.333          0     0     0     1
(2051, 97, 1027343)      40.417          0     0     0     1
(2051, 97, 1027343)      42.417          0     0     0     1
(2304, 1, 1027343)       38.333          0     0     0     1
(2304, 1, 1027343)        46.25          0     0     0     1
(2304, 1, 1027343)       46.583          0     0     0     1
(2176, 1, 1027343)       38.333          0     0     0     1
(2049, 65, 1027343)      38.333          0     0     0     1
(2049, 65, 1027343)       42.25          0     0     0     1
(2049, 65, 1027343)      42.417          0     0     0     1
(2049, 65, 1027343)      44.167          0     0     0     1
(2049, 65, 1027343)      44.417          0     0     0     1
(2049, 65, 1027343)      46.333          0     0     0     1
(2049, 65, 1027343)      48.417          0     0     0     1
(2049, 65, 1027343)      50.167          0     0     0     1
(2049, 65, 1027343)      50.333          0     0     0     1
(2049, 65, 1027343)        50.5          0     0     0     1
(2049, 65, 1027343)      54.667          0     0     0     1
(2561, 1, 1027343)       38.417          0     0     0     1
(2561, 1, 1027343)        40.25          0     0     0     1
(2561, 1, 1027343)       40.333          0     0     0     1
(2561, 1, 1027343)       48.417          0     0     0     1
(2181, 161, 1027343)       38.5          0     0     0     1
(2145, 241, 1027343)     38.667          0     0     0     1
(3075, 17, 1027343)      38.667          0     0     1     1
(2051, 1, 1027343)       40.083          0     0     0     1
(2051, 1, 1027343)       40.167          0     0     0     1
(2051, 1, 1027343)        40.25          0     0     0     1
(2051, 1, 1027343)       44.417          0     0     0     1
(2051, 1, 1027343)       46.167          0     0     0     1
(2560, 129, 1027343)     40.083          0     0     1     1
(2560, 129, 1027343)     40.417          0     0     0     1
(2560, 129, 1027343)     44.167          0     0     0     1
(3072, 65, 1027343)      40.167          0     0     1     2
(3072, 65, 1027343)       46.25          0     0     1     1
(2048, 1, 1027343)       40.167          0     0     0     1
(2048, 1, 1027343)         44.0          0     0     0     1
(2048, 1, 1027343)       44.083          0     0     0     2
(2048, 1, 1027343)       44.167          0     0     0     3
(2048, 1, 1027343)        44.25          0     0     0     1
(2048, 1, 1027343)       44.333          0     0     0     3
(2048, 1, 1027343)       44.417          0     0     0     1
(2048, 1, 1027343)        46.25          0     0     0     1
(2048, 1, 1027343)       46.417          0     0     0     2
(2048, 1, 1027343)         46.5          0     0     0     1
(2048, 1, 1027343)       48.083          0     0     0     2
(2048, 1, 1027343)       48.167          0     0     0     2
(2048, 1, 1027343)        48.25          0     0     0     8
(2048, 1, 1027343)       48.333          0     0     0     1
(2048, 1, 1027343)       48.417          0     0     0     1
(2048, 1, 1027343)       50.167          0     0     0     1
(2048, 1, 1027343)        50.25          0     0     0     2
(2048, 1, 1027343)       50.333          0     0     0     4
(2048, 1, 1027343)       50.417          0     0     0     1
(2048, 1, 1027343)       52.083          0     0     0     1
(2048, 1, 1027343)       52.167          0     0     0     4
(2048, 1, 1027343)        52.25          0     0     0     1
(2048, 1, 1027343)       52.333          0     0     0     2
(2048, 1, 1027343)       52.417          0     0     0     2
(2048, 1, 1027343)       54.333          0     0     0     1
(2048, 1, 1027343)         56.0          0     0     0     1
(2048, 1, 1027343)        56.25          0     0     0     1
(2048, 1, 1027343)       58.417          0     0     0     1
(2049, 49, 1027343)      40.167          0     0     0     1
(2049, 49, 1027343)        44.5          0     0     0     1
(2049, 49, 1027343)       46.25          0     0     0     2
(2049, 49, 1027343)       48.75          0     0     0     1
(2049, 49, 1027343)        54.5          0     0     0     2
(2053, 193, 1027343)      40.25          0     0     0     1
(2561, 17, 1027343)       40.25          0     0     0     1
(2561, 17, 1027343)      40.417          0     0     0     1
(2049, 209, 1027343)      40.25          0     0     0     1
(2049, 209, 1027343)     46.667          0     0     0     1
(2049, 209, 1027343)     56.583          0     0     0     1
(2052, 1, 1027343)        40.25          0     0     0     1
(2049, 33, 1027343)       40.25          0     0     0     1
(2049, 33, 1027343)       42.25          0     0     0     1
(2049, 33, 1027343)      46.333          0     0     0     2
(2049, 33, 1027343)      48.417          0     0     0     1
(2049, 33, 1027343)      48.583          0     0     0     1
(2049, 33, 1027343)      50.333          0     0     0     1
(2049, 133, 1027343)     40.333          0     0     0     1
(2625, 129, 1027343)     40.333          0     0     0     1
(2306, 1, 1027343)       40.333          0     0     0     1
(2304, 129, 1027343)     40.333          0     0     0     1
(2304, 129, 1027343)     50.167          0     0     0     1
(3073, 179, 1027343)     40.417          0     0     1     1
(2309, 129, 1027343)     40.417          0     0     0     1
(2369, 177, 1027343)     40.417          0     0     0     1
(3137, 1, 1027343)       40.417          0     0     0     1
(2051, 133, 1027343)       40.5          0     0     0     1
(3072, 5, 1027343)       42.083          0     0     1     1
(3077, 193, 1027343)     42.167          0     0     1     1
(2305, 65, 1027343)      42.167          0     0     0     1
(3072, 193, 1027343)      42.25          0     0     1     1
(2048, 129, 1027343)      42.25          0     0     0     1
(2048, 129, 1027343)     44.083          0     0     0     1
(2048, 129, 1027343)     46.167          0     0     0     3
(2048, 129, 1027343)      46.25          0     0     0     2
(2048, 129, 1027343)     50.167          0     0     0     1
(2048, 129, 1027343)      50.25          0     0     0     1
(2048, 129, 1027343)     50.333          0     0     0     1
(2048, 129, 1027343)     54.333          0     0     0     2
(2055, 129, 1027343)      42.25          0     0     0     1
(3104, 129, 1027343)     42.333          0     0     1     1
(2113, 129, 1027343)     42.333          0     0     0     1
(2051, 209, 1027343)     42.417          0     0     0     1
(2051, 209, 1027343)     46.333          0     0     0     1
(3073, 49, 1027343)      42.417          0     0     1     1
(3073, 49, 1027343)       42.75          0     0     0     1
(3200, 161, 1027343)       42.5          0     0     1     1
(2051, 165, 1027343)       42.5          0     0     0     1
(3105, 145, 1027343)     42.583          0     0     0     1
(2080, 129, 1027343)      44.25          0     0     0     1
(2080, 129, 1027343)     48.083          0     0     0     1
(2144, 129, 1027343)      44.25          0     0     0     1
(2049, 147, 1027343)     44.333          0     0     0     1
(2048, 17, 1027343)      44.333          0     0     0     1
(2051, 161, 1027343)     44.417          0     0     0     1
(3137, 161, 1027343)     44.417          0     0     0     1
(2048, 3, 1027343)       44.417          0     0     0     1
(2305, 33, 1027343)      44.417          0     0     0     1
(3136, 1, 1027343)       44.417          0     0     1     1
(2065, 33, 1027343)      44.417          0     0     0     1
(2113, 17, 1027343)        44.5          0     0     0     1
(2563, 65, 1027343)        44.5          0     0     0     1
(2050, 1, 1027343)       46.167          0     0     0     1
(2050, 1, 1027343)        46.25          0     0     0     1
(2305, 129, 1027343)      46.25          0     0     0     1
(2305, 129, 1027343)     46.333          0     0     0     1
(2049, 241, 1027343)     46.417          0     0     0     1
(2112, 1, 1027343)       46.417          0     0     0     1
(2112, 1, 1027343)       54.167          0     0     0     1
(2561, 33, 1027343)      46.417          0     0     0     1
(2049, 101, 1027343)     46.417          0     0     0     1
(2305, 161, 1027343)       46.5          0     0     0     1
(2177, 177, 1027343)       46.5          0     0     0     1
(3072, 145, 1027343)       46.5          0     0     1     1
(2049, 37, 1027343)      46.583          0     0     0     1
(2305, 145, 1027343)     46.667          0     0     0     1
(2051, 33, 1027343)       48.25          0     0     0     1
(2048, 161, 1027343)      48.25          0     0     0     1
(2049, 81, 1027343)       48.25          0     0     0     2
(2049, 81, 1027343)        48.5          0     0     0     1
(2081, 17, 1027343)      48.333          0     0     0     1
(2049, 131, 1027343)     48.333          0     0     0     1
(2048, 65, 1027343)      48.333          0     0     0     1
(2048, 65, 1027343)      52.333          0     0     0     1
(2049, 97, 1027343)      48.333          0     0     0     1
(2305, 81, 1027343)      48.417          0     0     0     1
(2051, 17, 1027343)        48.5          0     0     0     1
(2064, 1, 1027343)       50.083          0     0     0     1
(2048, 33, 1027343)      50.333          0     0     0     1
(2049, 23, 1027343)      52.417          0     0     0     1
