inputs: [1027343]/1000 samples
product                 energy   A*B=out      cfhs    chains  num 
(3957, 243, 1027343)        4.0          0     0     1    16
(3957, 243, 1027343)      4.083          0     0     1     7
(3957, 243, 1027343)        6.0          0     0     1     5
(3957, 243, 1027343)      6.083          0     0     1     2
(3957, 243, 1027343)        8.0          0     0     1     2
(3957, 243, 1027343)      8.083          0     0     1     6
(3957, 243, 1027343)      8.167          0     0     1     2
(3957, 243, 1027343)       10.0          0     0     1     1
(3957, 243, 1027343)     10.083          0     0     1     5
(3957, 243, 1027343)     10.167          0     0     1     2
(3957, 243, 1027343)       14.0          0     0     1     1
(3957, 243, 1027343)     14.083          0     0     1     1
(3957, 243, 1027343)     18.167          0     0     1     1
(3957, 243, 1027343)      18.25          0     0     1     1
(3957, 243, 1027343)       18.5          0     0     1     1
(3957, 243, 1027343)     20.167          0     0     1     1
(3701, 243, 1027343)        6.0          0     0     1    11
(3701, 243, 1027343)      6.083          0     0     1    16
(3701, 243, 1027343)      6.167          0     0     1    13
(3701, 243, 1027343)       6.25          0     0     1     2
(3701, 243, 1027343)        8.0          0     0     1     3
(3701, 243, 1027343)      8.083          0     0     1    12
(3701, 243, 1027343)      8.167          0     0     1     6
(3701, 243, 1027343)       8.25          0     0     1     1
(3701, 243, 1027343)       10.0          0     0     1     1
(3701, 243, 1027343)     10.083          0     0     1     5
(3701, 243, 1027343)     10.167          0     0     1     8
(3701, 243, 1027343)      10.25          0     0     1     8
(3701, 243, 1027343)     10.333          0     0     1     1
(3701, 243, 1027343)       12.0          0     0     1     1
(3701, 243, 1027343)     12.083          0     0     1     2
(3701, 243, 1027343)     12.167          0     0     1     6
(3701, 243, 1027343)     12.333          0     0     1     1
(3701, 243, 1027343)     14.083          0     0     1     4
(3701, 243, 1027343)     14.167          0     0     1     1
(3701, 243, 1027343)      14.25          0     0     1     1
(3701, 243, 1027343)      14.25          0     0     0     1
(3701, 243, 1027343)     14.333          0     0     1     2
(3701, 243, 1027343)     16.167          0     0     0     1
(3701, 243, 1027343)     16.167          0     0     1     1
(3701, 243, 1027343)      16.25          0     0     1     1
(3701, 243, 1027343)     16.417          0     0     1     1
(3257, 245, 1027343)        6.0          0     0     1     2
(3257, 245, 1027343)      6.083          0     0     1     2
(3257, 245, 1027343)      6.167          0     0     1     4
(3257, 245, 1027343)        8.0          0     0     1     1
(3257, 245, 1027343)     10.167          0     0     1     1
(2677, 243, 1027343)        6.0          0     0     1     1
(2677, 243, 1027343)      6.083          0     0     1     4
(2677, 243, 1027343)      6.167          0     0     1     3
(2677, 243, 1027343)        8.0          0     0     1     1
(2677, 243, 1027343)      8.083          0     0     1     4
(2677, 243, 1027343)       8.25          0     0     1     1
(2677, 243, 1027343)       10.0          0     0     1     2
(2677, 243, 1027343)     10.083          0     0     1     1
(2677, 243, 1027343)     10.167          0     0     1     3
(2677, 243, 1027343)      10.25          0     0     1     1
(2677, 243, 1027343)     12.167          0     0     1     3
(2677, 243, 1027343)      12.25          0     0     1     1
(3637, 243, 1027343)      6.083          0     0     1     1
(3637, 243, 1027343)       10.0          0     0     1     4
(3637, 243, 1027343)     10.083          0     0     1     1
(3637, 243, 1027343)     10.167          0     0     1     4
(3637, 243, 1027343)      10.25          0     0     1     1
(3637, 243, 1027343)     10.333          0     0     1     1
(3637, 243, 1027343)       12.0          0     0     1     2
(3637, 243, 1027343)     12.083          0     0     1     1
(3637, 243, 1027343)     12.167          0     0     1     1
(3637, 243, 1027343)     14.083          0     0     1     1
(3637, 243, 1027343)     14.167          0     0     1     2
(3637, 243, 1027343)     16.083          0     0     1     1
(3637, 243, 1027343)     16.167          0     0     1     3
(3637, 243, 1027343)     16.333          0     0     1     1
(3637, 243, 1027343)       18.5          0     0     1     1
(3637, 243, 1027343)      22.25          0     0     1     1
(3301, 227, 1027343)      6.083          0     0     1     1
(4069, 255, 1027343)        8.0          0     0     1     1
(3893, 247, 1027343)        8.0          0     0     1     1
(3941, 243, 1027343)        8.0          0     0     1     1
(3941, 243, 1027343)     12.167          0     0     1     1
(3941, 243, 1027343)      14.25          0     0     1     1
(3941, 243, 1027343)     14.333          0     0     1     1
(3941, 243, 1027343)     16.333          0     0     1     1
(3621, 243, 1027343)        8.0          0     0     1     1
(3621, 243, 1027343)      8.083          0     0     1     1
(3621, 243, 1027343)     12.083          0     0     1     1
(3621, 243, 1027343)     12.167          0     0     1     3
(3621, 243, 1027343)      12.25          0     0     1     1
(3621, 243, 1027343)     14.083          0     0     1     1
(3621, 243, 1027343)     16.083          0     0     1     1
(3621, 243, 1027343)       18.0          0     0     1     1
(4069, 251, 1027343)      8.083          0     0     1     2
(4069, 251, 1027343)       10.0          0     0     1     1
(4069, 251, 1027343)     12.083          0     0     1     1
(4069, 251, 1027343)     12.167          0     0     1     1
(4069, 251, 1027343)     14.167          0     0     1     1
(4069, 251, 1027343)      16.25          0     0     1     1
(4069, 251, 1027343)     16.333          0     0     1     1
(4069, 247, 1027343)      8.083          0     0     1     1
(4069, 247, 1027343)      8.167          0     0     1     3
(4069, 247, 1027343)     10.083          0     0     1     1
(4069, 247, 1027343)     10.167          0     0     1     2
(2917, 251, 1027343)      8.083          0     0     1     1
(2917, 251, 1027343)     10.083          0     0     1     1
(2917, 251, 1027343)     14.083          0     0     1     1
(4085, 249, 1027343)      8.083          0     0     1     1
(4085, 249, 1027343)      14.25          0     0     1     1
(3189, 243, 1027343)      8.083          0     0     1     3
(3189, 243, 1027343)      8.167          0     0     1     1
(3189, 243, 1027343)      10.25          0     0     1     1
(3189, 243, 1027343)     12.083          0     0     1     2
(3189, 243, 1027343)     12.167          0     0     1     1
(3189, 243, 1027343)      12.25          0     0     1     2
(3189, 243, 1027343)       14.0          0     0     1     1
(3189, 243, 1027343)      14.25          0     0     1     4
(3189, 243, 1027343)     14.333          0     0     1     1
(3189, 243, 1027343)     16.083          0     0     0     1
(3189, 243, 1027343)     22.333          0     0     1     1
(3957, 241, 1027343)      8.083          0     0     1     1
(3957, 241, 1027343)      8.167          0     0     1     2
(3829, 243, 1027343)      8.083          0     0     1     1
(3829, 243, 1027343)      8.167          0     0     1     2
(3829, 243, 1027343)       8.25          0     0     1     2
(3829, 243, 1027343)     10.083          0     0     1     3
(3829, 243, 1027343)     10.167          0     0     1     4
(3829, 243, 1027343)     10.333          0     0     1     1
(3829, 243, 1027343)     12.167          0     0     1     2
(3829, 243, 1027343)      12.25          0     0     1     2
(3829, 243, 1027343)     12.333          0     0     1     1
(3829, 243, 1027343)       14.0          0     0     1     1
(3829, 243, 1027343)     14.167          0     0     1     2
(3829, 243, 1027343)      14.25          0     0     1     2
(3829, 243, 1027343)     16.167          0     0     1     1
(3829, 243, 1027343)     18.333          0     0     1     1
(3829, 243, 1027343)     22.167          0     0     0     1
(3621, 211, 1027343)      8.083          0     0     1     1
(4069, 243, 1027343)      8.167          0     0     1     1
(4069, 243, 1027343)     10.167          0     0     1     2
(4069, 243, 1027343)      10.25          0     0     1     1
(4069, 243, 1027343)     12.167          0     0     1     2
(4069, 243, 1027343)      12.25          0     0     1     1
(4069, 243, 1027343)      14.25          0     0     1     1
(4069, 243, 1027343)     16.333          0     0     1     2
(3685, 251, 1027343)       10.0          0     0     1     1
(3685, 251, 1027343)       12.0          0     0     1     1
(3685, 251, 1027343)       14.0          0     0     1     1
(3685, 251, 1027343)     14.083          0     0     1     1
(3685, 251, 1027343)     16.333          0     0     1     1
(3701, 251, 1027343)       10.0          0     0     1     1
(3117, 245, 1027343)       10.0          0     0     1     1
(3117, 245, 1027343)       16.0          0     0     1     1
(3781, 243, 1027343)       10.0          0     0     1     1
(3781, 243, 1027343)     10.167          0     0     1     2
(3781, 243, 1027343)     12.167          0     0     1     1
(3781, 243, 1027343)      12.25          0     0     1     1
(3781, 243, 1027343)     14.333          0     0     1     2
(3653, 243, 1027343)       10.0          0     0     1     1
(3653, 243, 1027343)     10.083          0     0     1     3
(3653, 243, 1027343)       12.0          0     0     1     1
(3653, 243, 1027343)     12.083          0     0     1     1
(3653, 243, 1027343)     14.083          0     0     1     1
(3653, 243, 1027343)      14.25          0     0     1     1
(3653, 243, 1027343)      20.25          0     0     1     1
(3653, 243, 1027343)      20.25          0     0     0     1
(3765, 243, 1027343)       10.0          0     0     1     1
(3765, 243, 1027343)      10.25          0     0     1     1
(3765, 243, 1027343)       12.0          0     0     1     3
(3765, 243, 1027343)     12.083          0     0     1     3
(3765, 243, 1027343)     12.167          0     0     1     1
(3765, 243, 1027343)      12.25          0     0     1     2
(3765, 243, 1027343)     12.417          0     0     1     1
(3765, 243, 1027343)       14.0          0     0     1     2
(3765, 243, 1027343)     14.083          0     0     1     4
(3765, 243, 1027343)     14.167          0     0     1     1
(3765, 243, 1027343)      14.25          0     0     1     2
(3765, 243, 1027343)      16.25          0     0     1     1
(3765, 243, 1027343)     18.167          0     0     1     1
(3765, 243, 1027343)     18.333          0     0     1     1
(3765, 243, 1027343)     20.333          0     0     1     1
(3765, 243, 1027343)      22.25          0     0     1     1
(3685, 243, 1027343)       10.0          0     0     1     1
(3685, 243, 1027343)     10.083          0     0     1     2
(3685, 243, 1027343)       12.0          0     0     1     1
(3685, 243, 1027343)     14.083          0     0     1     2
(3685, 243, 1027343)     14.167          0     0     1     1
(3685, 243, 1027343)      16.25          0     0     1     1
(3685, 243, 1027343)     18.333          0     0     1     1
(3989, 243, 1027343)     10.083          0     0     1     1
(3989, 243, 1027343)      18.25          0     0     1     1
(3669, 243, 1027343)     10.083          0     0     1     1
(3669, 243, 1027343)     12.167          0     0     1     1
(3669, 243, 1027343)      14.25          0     0     1     1
(3669, 243, 1027343)     16.167          0     0     1     1
(4021, 243, 1027343)     10.083          0     0     1     1
(4021, 243, 1027343)     12.167          0     0     1     1
(4021, 243, 1027343)     14.167          0     0     1     2
(3117, 241, 1027343)     10.083          0     0     1     1
(3117, 241, 1027343)     14.333          0     0     1     1
(3701, 241, 1027343)     10.083          0     0     1     1
(3701, 241, 1027343)     12.083          0     0     1     1
(3701, 241, 1027343)     12.167          0     0     1     3
(3701, 241, 1027343)     16.167          0     0     1     2
(3701, 241, 1027343)      16.25          0     0     1     1
(3701, 241, 1027343)     18.167          0     0     1     1
(3701, 241, 1027343)      20.25          0     0     1     1
(3701, 241, 1027343)     26.167          0     0     0     1
(3717, 243, 1027343)     10.083          0     0     1     1
(3717, 243, 1027343)       14.0          0     0     1     1
(3717, 243, 1027343)     16.083          0     0     1     2
(2613, 243, 1027343)     10.083          0     0     1     3
(2613, 243, 1027343)     10.167          0     0     1     1
(2613, 243, 1027343)     10.333          0     0     1     2
(2613, 243, 1027343)     12.083          0     0     1     2
(2613, 243, 1027343)     14.167          0     0     1     1
(2613, 243, 1027343)     16.167          0     0     1     1
(2613, 243, 1027343)      16.25          0     0     1     1
(3693, 247, 1027343)     10.083          0     0     1     1
(3693, 247, 1027343)      16.25          0     0     1     1
(3693, 247, 1027343)     18.417          0     0     1     1
(3157, 241, 1027343)     10.083          0     0     1     3
(3157, 241, 1027343)       12.0          0     0     1     1
(3157, 241, 1027343)     12.083          0     0     1     1
(3157, 241, 1027343)       14.0          0     0     1     1
(3157, 241, 1027343)     14.083          0     0     1     1
(3157, 241, 1027343)     14.167          0     0     1     1
(3157, 241, 1027343)     16.083          0     0     1     1
(3157, 241, 1027343)     16.083          0     0     0     1
(3157, 241, 1027343)     16.167          0     0     1     1
(3157, 241, 1027343)     20.167          0     0     1     1
(3813, 227, 1027343)     10.083          0     0     1     1
(3877, 249, 1027343)     10.167          0     0     1     1
(3877, 249, 1027343)     12.083          0     0     1     1
(3877, 249, 1027343)     14.083          0     0     1     1
(3051, 253, 1027343)     10.167          0     0     1     1
(3051, 253, 1027343)     12.167          0     0     1     1
(3989, 241, 1027343)     10.167          0     0     1     1
(3701, 249, 1027343)     10.167          0     0     1     1
(3477, 243, 1027343)     10.167          0     0     1     1
(3477, 243, 1027343)     14.333          0     0     1     1
(3477, 243, 1027343)     20.583          0     0     1     1
(3477, 243, 1027343)       22.5          0     0     1     1
(2933, 243, 1027343)     10.167          0     0     1     1
(2933, 243, 1027343)     12.167          0     0     1     1
(2933, 243, 1027343)     18.083          0     0     0     1
(3925, 243, 1027343)     10.167          0     0     1     1
(3925, 243, 1027343)       12.0          0     0     1     2
(3925, 243, 1027343)     14.083          0     0     1     1
(3925, 243, 1027343)      18.25          0     0     1     1
(3925, 243, 1027343)     26.333          0     0     0     1
(2917, 243, 1027343)     10.167          0     0     1     1
(3181, 247, 1027343)     10.167          0     0     1     1
(3181, 247, 1027343)     14.167          0     0     1     1
(3181, 247, 1027343)     18.083          0     0     1     1
(3181, 247, 1027343)     20.167          0     0     1     1
(2989, 241, 1027343)     10.167          0     0     1     1
(3445, 243, 1027343)     10.167          0     0     1     1
(3445, 243, 1027343)     14.167          0     0     1     1
(3445, 243, 1027343)     18.333          0     0     1     1
(2789, 251, 1027343)      10.25          0     0     1     1
(2789, 251, 1027343)      12.25          0     0     1     1
(3173, 241, 1027343)       12.0          0     0     1     3
(3173, 241, 1027343)     12.083          0     0     1     3
(3173, 241, 1027343)     16.083          0     0     1     1
(3173, 241, 1027343)     16.167          0     0     1     2
(3173, 241, 1027343)     18.083          0     0     1     1
(3173, 241, 1027343)      18.25          0     0     1     1
(3173, 241, 1027343)     20.167          0     0     1     1
(3173, 241, 1027343)      24.25          0     0     1     1
(3173, 241, 1027343)      28.25          0     0     1     1
(3685, 241, 1027343)       12.0          0     0     1     4
(3685, 241, 1027343)     12.083          0     0     1     2
(3685, 241, 1027343)     12.167          0     0     1     1
(3685, 241, 1027343)       14.0          0     0     1     1
(3685, 241, 1027343)     14.083          0     0     1     1
(3685, 241, 1027343)       16.0          0     0     1     2
(3685, 241, 1027343)     16.083          0     0     1     1
(3685, 241, 1027343)     18.083          0     0     1     2
(3685, 241, 1027343)     18.167          0     0     1     2
(3685, 241, 1027343)      18.25          0     0     1     1
(3685, 241, 1027343)     18.333          0     0     1     1
(3685, 241, 1027343)     20.083          0     0     1     1
(3685, 241, 1027343)       22.0          0     0     1     1
(3685, 241, 1027343)     22.167          0     0     1     1
(3741, 241, 1027343)       12.0          0     0     1     1
(3741, 241, 1027343)     20.333          0     0     0     1
(3703, 247, 1027343)       12.0          0     0     1     1
(3703, 247, 1027343)       14.0          0     0     1     1
(3703, 247, 1027343)       16.0          0     0     1     1
(3703, 247, 1027343)     16.083          0     0     1     1
(3893, 243, 1027343)     12.083          0     0     1     2
(3893, 243, 1027343)     14.167          0     0     1     1
(3893, 243, 1027343)      14.25          0     0     1     2
(4085, 243, 1027343)     12.083          0     0     1     1
(4085, 243, 1027343)     12.333          0     0     1     1
(2869, 243, 1027343)     12.083          0     0     1     1
(2869, 243, 1027343)     14.333          0     0     1     1
(3113, 245, 1027343)     12.083          0     0     1     2
(3113, 245, 1027343)     14.083          0     0     1     1
(3113, 245, 1027343)     16.083          0     0     1     1
(3113, 245, 1027343)     18.167          0     0     1     1
(3813, 249, 1027343)     12.083          0     0     1     1
(3813, 249, 1027343)     12.167          0     0     1     2
(3813, 249, 1027343)     12.333          0     0     1     1
(3813, 249, 1027343)     14.333          0     0     1     1
(3813, 249, 1027343)      16.25          0     0     1     1
(3813, 249, 1027343)      20.25          0     0     1     1
(3669, 241, 1027343)     12.083          0     0     1     1
(3669, 241, 1027343)       14.0          0     0     1     2
(3669, 241, 1027343)     14.083          0     0     1     2
(3669, 241, 1027343)     14.167          0     0     1     2
(3669, 241, 1027343)     16.083          0     0     1     1
(3669, 241, 1027343)      16.25          0     0     1     1
(3669, 241, 1027343)      18.25          0     0     1     1
(3669, 241, 1027343)     18.333          0     0     1     2
(3669, 241, 1027343)      20.25          0     0     1     1
(3861, 241, 1027343)     12.083          0     0     1     1
(3861, 241, 1027343)      14.25          0     0     1     1
(3861, 241, 1027343)     16.083          0     0     1     1
(3349, 243, 1027343)     12.083          0     0     1     2
(3349, 243, 1027343)     14.167          0     0     1     1
(3349, 243, 1027343)     20.167          0     0     1     1
(3813, 233, 1027343)     12.083          0     0     1     1
(3813, 233, 1027343)      14.25          0     0     1     1
(3813, 235, 1027343)     12.083          0     0     1     1
(3813, 235, 1027343)       16.0          0     0     1     1
(3045, 251, 1027343)     12.167          0     0     1     2
(3045, 251, 1027343)      12.25          0     0     1     1
(3045, 251, 1027343)     12.333          0     0     1     1
(3045, 251, 1027343)     16.333          0     0     1     1
(3045, 251, 1027343)       16.5          0     0     1     1
(4005, 249, 1027343)     12.167          0     0     1     1
(4005, 249, 1027343)      12.25          0     0     1     1
(4005, 249, 1027343)     14.083          0     0     1     1
(3045, 249, 1027343)     12.167          0     0     1     2
(3045, 249, 1027343)      12.25          0     0     1     1
(3045, 249, 1027343)     14.083          0     0     1     1
(3045, 249, 1027343)     14.167          0     0     1     1
(3045, 249, 1027343)      16.25          0     0     1     2
(3045, 249, 1027343)     18.333          0     0     1     1
(3045, 249, 1027343)      20.25          0     0     1     1
(3749, 249, 1027343)     12.167          0     0     1     1
(2661, 251, 1027343)     12.167          0     0     1     1
(3477, 251, 1027343)     12.167          0     0     1     1
(3749, 253, 1027343)     12.167          0     0     1     1
(3749, 253, 1027343)      12.25          0     0     1     1
(3749, 253, 1027343)     18.333          0     0     1     1
(3749, 253, 1027343)     20.417          0     0     1     1
(3181, 245, 1027343)     12.167          0     0     1     2
(3181, 245, 1027343)      18.25          0     0     1     1
(3813, 245, 1027343)     12.167          0     0     1     2
(3813, 245, 1027343)      14.25          0     0     1     1
(3813, 245, 1027343)     14.333          0     0     1     1
(3813, 245, 1027343)     16.167          0     0     1     1
(3797, 243, 1027343)     12.167          0     0     1     1
(3797, 243, 1027343)     12.333          0     0     1     1
(3797, 243, 1027343)      14.25          0     0     1     1
(3797, 243, 1027343)     16.167          0     0     1     1
(3189, 245, 1027343)     12.167          0     0     1     1
(3767, 249, 1027343)     12.167          0     0     1     1
(3767, 249, 1027343)     14.333          0     0     1     1
(3767, 249, 1027343)      20.25          0     0     1     1
(3767, 249, 1027343)     22.417          0     0     1     1
(2597, 243, 1027343)     12.167          0     0     1     1
(2597, 243, 1027343)     26.417          0     0     1     1
(3831, 249, 1027343)     12.167          0     0     1     1
(2677, 241, 1027343)     12.167          0     0     1     1
(3693, 241, 1027343)     12.167          0     0     1     1
(3957, 115, 1027343)     12.167          0     0     1     2
(3957, 115, 1027343)     16.083          0     0     1     1
(3829, 115, 1027343)     12.167          0     0     1     2
(3829, 115, 1027343)      12.25          0     0     1     1
(3829, 115, 1027343)     14.417          0     0     1     1
(3829, 115, 1027343)      20.25          0     0     1     1
(3045, 243, 1027343)      12.25          0     0     1     2
(3045, 243, 1027343)     14.417          0     0     1     1
(3045, 243, 1027343)      16.25          0     0     1     1
(3045, 243, 1027343)     16.333          0     0     1     1
(3045, 243, 1027343)     18.167          0     0     1     1
(3045, 243, 1027343)     18.333          0     0     1     1
(3045, 243, 1027343)     20.333          0     0     1     1
(3775, 249, 1027343)      12.25          0     0     1     1
(3813, 247, 1027343)      12.25          0     0     1     1
(3813, 247, 1027343)      16.25          0     0     1     1
(3813, 247, 1027343)       20.5          0     0     1     1
(4053, 243, 1027343)      12.25          0     0     1     1
(4053, 243, 1027343)     14.333          0     0     1     1
(4053, 243, 1027343)     18.583          0     0     1     1
(2789, 243, 1027343)      12.25          0     0     1     1
(2789, 243, 1027343)     18.333          0     0     1     1
(2789, 243, 1027343)      20.25          0     0     1     1
(2789, 243, 1027343)     20.333          0     0     1     1
(2725, 249, 1027343)      12.25          0     0     1     1
(2725, 249, 1027343)     16.333          0     0     1     1
(4085, 241, 1027343)      12.25          0     0     1     2
(4085, 241, 1027343)     18.333          0     0     1     1
(3189, 179, 1027343)      12.25          0     0     1     1
(3413, 241, 1027343)      12.25          0     0     1     1
(3925, 241, 1027343)      12.25          0     0     1     1
(3477, 211, 1027343)      12.25          0     0     1     1
(3477, 211, 1027343)     14.167          0     0     1     1
(3477, 211, 1027343)      16.25          0     0     1     1
(3541, 211, 1027343)      12.25          0     0     1     1
(3061, 243, 1027343)     12.333          0     0     1     1
(3061, 243, 1027343)     14.333          0     0     1     1
(3813, 243, 1027343)     12.333          0     0     1     1
(3813, 243, 1027343)     14.167          0     0     1     1
(3813, 243, 1027343)      14.25          0     0     1     1
(3813, 243, 1027343)     14.417          0     0     1     1
(3813, 243, 1027343)      16.25          0     0     1     1
(3813, 243, 1027343)     18.167          0     0     1     1
(3813, 243, 1027343)      18.25          0     0     1     1
(3813, 243, 1027343)     18.333          0     0     1     1
(3125, 243, 1027343)     12.417          0     0     1     1
(3125, 243, 1027343)     14.167          0     0     1     1
(3125, 243, 1027343)      14.25          0     0     1     1
(3125, 243, 1027343)     18.167          0     0     1     1
(3125, 243, 1027343)     20.417          0     0     1     1
(3941, 251, 1027343)       14.0          0     0     1     1
(2789, 249, 1027343)       14.0          0     0     1     1
(2789, 249, 1027343)     14.083          0     0     1     1
(2789, 249, 1027343)      14.25          0     0     1     1
(2789, 249, 1027343)       18.0          0     0     1     1
(2789, 249, 1027343)      20.25          0     0     1     1
(2789, 249, 1027343)     20.417          0     0     1     1
(2789, 249, 1027343)      22.25          0     0     1     1
(2789, 249, 1027343)     24.333          0     0     1     1
(3717, 241, 1027343)       14.0          0     0     1     5
(3717, 241, 1027343)     14.083          0     0     1     1
(3717, 241, 1027343)     16.083          0     0     1     1
(3717, 241, 1027343)       18.0          0     0     1     2
(3717, 241, 1027343)     18.167          0     0     1     1
(3893, 249, 1027343)       14.0          0     0     1     1
(3893, 249, 1027343)     18.333          0     0     1     1
(3687, 241, 1027343)       14.0          0     0     1     1
(3687, 241, 1027343)     18.083          0     0     0     1
(3687, 241, 1027343)     18.083          0     0     1     1
(3051, 255, 1027343)     14.083          0     0     1     1
(3813, 253, 1027343)     14.083          0     0     1     1
(4069, 249, 1027343)     14.083          0     0     1     1
(4069, 249, 1027343)     16.333          0     0     1     1
(4069, 249, 1027343)     18.333          0     0     1     1
(3237, 249, 1027343)     14.083          0     0     1     1
(3237, 249, 1027343)      20.25          0     0     1     1
(2733, 245, 1027343)     14.083          0     0     1     1
(2733, 245, 1027343)     18.167          0     0     1     1
(2733, 245, 1027343)      18.25          0     0     1     1
(1133, 247, 1027343)     14.083          0     0     0     1
(2997, 243, 1027343)     14.083          0     0     1     1
(3797, 241, 1027343)     14.083          0     0     1     1
(3797, 241, 1027343)     16.083          0     0     0     1
(3797, 241, 1027343)     16.167          0     0     1     2
(3157, 249, 1027343)     14.083          0     0     1     1
(3157, 249, 1027343)     20.167          0     0     1     1
(3175, 113, 1027343)     14.083          0     0     1     1
(3637, 227, 1027343)     14.083          0     0     1     1
(3637, 227, 1027343)     14.167          0     0     1     1
(3637, 227, 1027343)     16.167          0     0     1     1
(3605, 243, 1027343)     14.083          0     0     1     1
(3605, 243, 1027343)     14.167          0     0     1     2
(3605, 243, 1027343)     16.417          0     0     1     1
(3605, 243, 1027343)      22.25          0     0     1     1
(3701, 255, 1027343)     14.167          0     0     1     1
(3973, 243, 1027343)     14.167          0     0     1     1
(3973, 243, 1027343)     16.083          0     0     1     1
(3973, 243, 1027343)     16.333          0     0     1     1
(4005, 251, 1027343)     14.167          0     0     1     1
(4005, 251, 1027343)     16.083          0     0     1     1
(3685, 249, 1027343)     14.167          0     0     1     1
(3685, 249, 1027343)     16.167          0     0     1     2
(3685, 249, 1027343)      16.25          0     0     1     2
(3685, 249, 1027343)      18.25          0     0     1     2
(3685, 249, 1027343)     20.167          0     0     1     1
(3685, 249, 1027343)      24.25          0     0     1     1
(2901, 247, 1027343)     14.167          0     0     1     1
(2725, 253, 1027343)     14.167          0     0     1     1
(4005, 253, 1027343)     14.167          0     0     1     1
(4005, 245, 1027343)     14.167          0     0     1     1
(4005, 245, 1027343)      18.25          0     0     1     1
(3125, 241, 1027343)     14.167          0     0     1     1
(3125, 241, 1027343)      14.25          0     0     1     1
(3125, 241, 1027343)     16.083          0     0     1     1
(3125, 241, 1027343)     16.167          0     0     1     2
(3125, 241, 1027343)     18.167          0     0     1     2
(3125, 241, 1027343)      18.25          0     0     1     1
(3189, 241, 1027343)     14.167          0     0     1     2
(3189, 241, 1027343)     16.083          0     0     1     2
(3189, 241, 1027343)     16.167          0     0     1     1
(3189, 241, 1027343)     18.167          0     0     1     2
(3189, 241, 1027343)      18.25          0     0     1     1
(3181, 241, 1027343)     14.167          0     0     1     1
(3181, 241, 1027343)      14.25          0     0     1     1
(3181, 243, 1027343)     14.167          0     0     1     1
(3181, 243, 1027343)     14.333          0     0     1     1
(3181, 243, 1027343)     16.333          0     0     1     1
(3829, 241, 1027343)     14.167          0     0     1     1
(3829, 241, 1027343)     22.583          0     0     1     1
(3693, 245, 1027343)     14.167          0     0     1     1
(3301, 233, 1027343)     14.167          0     0     1     1
(3749, 179, 1027343)     14.167          0     0     1     1
(3045, 253, 1027343)      14.25          0     0     1     1
(3239, 241, 1027343)      14.25          0     0     1     1
(3239, 241, 1027343)     18.083          0     0     1     2
(3239, 241, 1027343)     20.167          0     0     1     1
(3239, 241, 1027343)     20.417          0     0     1     1
(2661, 243, 1027343)      14.25          0     0     1     2
(2661, 243, 1027343)      16.25          0     0     1     1
(3829, 247, 1027343)      14.25          0     0     1     1
(3813, 241, 1027343)      14.25          0     0     1     1
(3813, 241, 1027343)     18.167          0     0     1     1
(3813, 241, 1027343)      18.25          0     0     1     1
(3813, 241, 1027343)     18.333          0     0     1     1
(3813, 241, 1027343)     26.167          0     0     1     1
(3813, 241, 1027343)     26.417          0     0     1     1
(3909, 241, 1027343)      14.25          0     0     1     1
(3701, 115, 1027343)      14.25          0     0     1     1
(3877, 219, 1027343)      14.25          0     0     1     1
(2613, 227, 1027343)      14.25          0     0     1     1
(2613, 227, 1027343)     14.333          0     0     1     1
(3127, 225, 1027343)      14.25          0     0     1     1
(3127, 225, 1027343)      20.25          0     0     1     1
(2773, 243, 1027343)     14.333          0     0     1     1
(2773, 243, 1027343)      16.25          0     0     1     1
(2773, 243, 1027343)     16.417          0     0     1     1
(2773, 243, 1027343)      18.25          0     0     1     1
(3621, 241, 1027343)     14.333          0     0     1     1
(3621, 241, 1027343)     16.167          0     0     1     1
(3621, 241, 1027343)      18.25          0     0     1     1
(3621, 241, 1027343)      20.25          0     0     1     1
(3621, 241, 1027343)     20.333          0     0     1     1
(3621, 241, 1027343)     22.083          0     0     1     1
(3621, 241, 1027343)     24.083          0     0     1     1
(3621, 241, 1027343)     24.167          0     0     1     1
(3621, 241, 1027343)     28.333          0     0     1     1
(2789, 242, 1027343)     14.333          0     0     1     1
(3061, 115, 1027343)     14.333          0     0     1     1
(3061, 115, 1027343)     18.333          0     0     1     1
(3703, 245, 1027343)     14.333          0     0     1     1
(3703, 245, 1027343)     16.167          0     0     1     2
(3703, 245, 1027343)     16.333          0     0     1     1
(3045, 247, 1027343)     14.417          0     0     1     1
(3045, 247, 1027343)     16.333          0     0     1     1
(3045, 247, 1027343)      18.25          0     0     1     1
(3757, 245, 1027343)       16.0          0     0     1     1
(2421, 243, 1027343)       16.0          0     0     1     1
(2693, 243, 1027343)       16.0          0     0     1     1
(3797, 251, 1027343)     16.083          0     0     1     1
(3109, 241, 1027343)     16.083          0     0     1     1
(3109, 241, 1027343)       18.0          0     0     1     1
(3109, 241, 1027343)     18.083          0     0     1     1
(3109, 241, 1027343)     20.083          0     0     1     1
(3109, 241, 1027343)      22.25          0     0     1     1
(2789, 241, 1027343)     16.083          0     0     1     1
(2789, 241, 1027343)     18.083          0     0     1     1
(2789, 241, 1027343)     18.333          0     0     1     1
(2789, 241, 1027343)     22.333          0     0     1     1
(2789, 241, 1027343)     24.333          0     0     1     1
(2789, 241, 1027343)       26.5          0     0     1     1
(3685, 217, 1027343)     16.083          0     0     1     1
(3749, 243, 1027343)     16.083          0     0     1     1
(3692, 245, 1027343)     16.083          0     0     0     1
(3445, 241, 1027343)     16.083          0     0     1     1
(3445, 241, 1027343)     26.167          0     0     1     1
(3829, 249, 1027343)     16.167          0     0     1     1
(3693, 255, 1027343)     16.167          0     0     1     1
(3701, 247, 1027343)     16.167          0     0     1     1
(3701, 247, 1027343)     20.417          0     0     1     1
(2917, 123, 1027343)     16.167          0     0     1     1
(3253, 241, 1027343)     16.167          0     0     1     1
(3191, 245, 1027343)     16.167          0     0     0     1
(3813, 251, 1027343)     16.167          0     0     1     1
(3813, 251, 1027343)       18.0          0     0     1     1
(3927, 247, 1027343)     16.167          0     0     0     1
(2661, 115, 1027343)     16.167          0     0     1     1
(3365, 243, 1027343)     16.167          0     0     1     1
(3703, 241, 1027343)     16.167          0     0     1     1
(3381, 219, 1027343)     16.167          0     0     1     1
(3685, 123, 1027343)     16.167          0     0     1     1
(3781, 119, 1027343)     16.167          0     0     1     1
(2773, 247, 1027343)      16.25          0     0     1     1
(2773, 247, 1027343)     18.167          0     0     1     1
(2773, 247, 1027343)     20.417          0     0     1     1
(3173, 243, 1027343)      16.25          0     0     1     1
(4085, 179, 1027343)      16.25          0     0     1     1
(4025, 245, 1027343)      16.25          0     0     1     1
(3045, 241, 1027343)      16.25          0     0     1     1
(3045, 241, 1027343)     18.333          0     0     1     1
(3045, 241, 1027343)     20.333          0     0     1     1
(3765, 217, 1027343)      16.25          0     0     1     1
(3133, 241, 1027343)      16.25          0     0     1     1
(3381, 243, 1027343)      16.25          0     0     1     1
(2989, 245, 1027343)      16.25          0     0     1     1
(2581, 243, 1027343)      16.25          0     0     1     1
(3303, 241, 1027343)      16.25          0     0     1     1
(3125, 229, 1027343)      16.25          0     0     1     1
(4005, 241, 1027343)     16.333          0     0     1     1
(3045, 245, 1027343)     16.333          0     0     1     1
(2725, 243, 1027343)     16.333          0     0     1     1
(2725, 243, 1027343)     16.417          0     0     1     1
(2725, 243, 1027343)     20.167          0     0     1     1
(2725, 243, 1027343)     24.167          0     0     1     1
(3877, 243, 1027343)     16.333          0     0     1     1
(4005, 243, 1027343)     16.333          0     0     1     1
(3513, 245, 1027343)     16.333          0     0     1     1
(3513, 245, 1027343)     18.167          0     0     1     1
(3909, 179, 1027343)     16.333          0     0     1     1
(4053, 245, 1027343)     16.417          0     0     1     1
(4053, 245, 1027343)     18.333          0     0     1     1
(3125, 249, 1027343)       18.0          0     0     1     1
(3763, 251, 1027343)       18.0          0     0     1     1
(3205, 241, 1027343)     18.083          0     0     1     2
(3205, 241, 1027343)      24.25          0     0     1     1
(3639, 249, 1027343)     18.083          0     0     1     1
(3109, 249, 1027343)     18.083          0     0     1     1
(3109, 249, 1027343)      22.25          0     0     1     1
(3669, 247, 1027343)     18.083          0     0     1     1
(3669, 247, 1027343)       20.0          0     0     1     1
(3653, 241, 1027343)     18.083          0     0     1     2
(3653, 241, 1027343)     18.167          0     0     1     1
(3653, 241, 1027343)     22.083          0     0     1     1
(3751, 241, 1027343)     18.083          0     0     1     1
(3751, 241, 1027343)     18.167          0     0     1     1
(2733, 241, 1027343)     18.083          0     0     1     1
(2733, 241, 1027343)      18.25          0     0     1     1
(2733, 241, 1027343)     22.333          0     0     1     1
(3621, 209, 1027343)     18.083          0     0     1     1
(3829, 185, 1027343)     18.083          0     0     1     1
(2805, 247, 1027343)     18.167          0     0     1     1
(3125, 185, 1027343)     18.167          0     0     1     1
(3877, 241, 1027343)     18.167          0     0     1     1
(3877, 241, 1027343)      18.25          0     0     1     1
(3889, 241, 1027343)     18.167          0     0     1     1
(3205, 243, 1027343)     18.167          0     0     1     1
(2853, 249, 1027343)     18.167          0     0     1     1
(3605, 241, 1027343)     18.167          0     0     1     1
(3605, 241, 1027343)      18.25          0     0     1     1
(3173, 177, 1027343)     18.167          0     0     1     1
(3733, 241, 1027343)     18.167          0     0     0     1
(3733, 241, 1027343)      20.25          0     0     1     1
(2597, 241, 1027343)     18.167          0     0     1     1
(2597, 241, 1027343)     24.083          0     0     1     1
(2597, 241, 1027343)       26.0          0     0     1     1
(3429, 243, 1027343)     18.167          0     0     1     1
(3173, 209, 1027343)     18.167          0     0     1     1
(3181, 113, 1027343)     18.167          0     0     1     1
(2741, 243, 1027343)      18.25          0     0     1     1
(2789, 247, 1027343)      18.25          0     0     1     1
(3637, 249, 1027343)      18.25          0     0     1     1
(3637, 249, 1027343)     22.333          0     0     1     1
(3637, 249, 1027343)       22.5          0     0     1     1
(4069, 241, 1027343)      18.25          0     0     1     1
(3113, 241, 1027343)      18.25          0     0     1     1
(3113, 241, 1027343)     22.083          0     0     1     1
(3301, 243, 1027343)      18.25          0     0     1     1
(3989, 247, 1027343)      18.25          0     0     1     1
(3989, 247, 1027343)     24.333          0     0     1     1
(3113, 243, 1027343)      18.25          0     0     1     1
(3541, 241, 1027343)      18.25          0     0     1     1
(3927, 245, 1027343)      18.25          0     0     1     1
(3797, 115, 1027343)      18.25          0     0     1     1
(3043, 249, 1027343)     18.333          0     0     1     1
(3029, 243, 1027343)     18.333          0     0     1     1
(3301, 241, 1027343)     18.333          0     0     1     1
(3301, 241, 1027343)     20.167          0     0     1     1
(3301, 241, 1027343)      24.25          0     0     1     1
(3191, 241, 1027343)     18.333          0     0     1     1
(3765, 185, 1027343)     18.333          0     0     1     1
(3795, 113, 1027343)     18.333          0     0     1     1
(3781, 115, 1027343)     18.333          0     0     1     1
(3051, 249, 1027343)     18.417          0     0     1     1
(3051, 181, 1027343)     18.417          0     0     1     1
(3301, 251, 1027343)     20.083          0     0     1     1
(3893, 227, 1027343)     20.083          0     0     1     1
(3173, 247, 1027343)     20.083          0     0     0     1
(3489, 225, 1027343)     20.083          0     0     1     1
(3877, 115, 1027343)     20.083          0     0     1     1
(3297, 225, 1027343)     20.083          0     0     1     1
(3287, 245, 1027343)     20.167          0     0     0     1
(3557, 245, 1027343)     20.167          0     0     1     1
(2757, 241, 1027343)     20.167          0     0     1     1
(3213, 241, 1027343)     20.167          0     0     1     1
(3653, 177, 1027343)     20.167          0     0     1     1
(3381, 241, 1027343)     20.167          0     0     1     1
(3381, 241, 1027343)     28.417          0     0     1     1
(2727, 241, 1027343)     20.167          0     0     1     1
(3765, 249, 1027343)      20.25          0     0     1     1
(3349, 241, 1027343)      20.25          0     0     1     1
(4053, 241, 1027343)      20.25          0     0     1     1
(2725, 245, 1027343)      20.25          0     0     1     1
(3241, 245, 1027343)      20.25          0     0     1     1
(4037, 247, 1027343)      20.25          0     0     1     1
(3885, 241, 1027343)      20.25          0     0     1     1
(3827, 113, 1027343)      20.25          0     0     1     1
(3709, 255, 1027343)     20.333          0     0     1     1
(3757, 241, 1027343)     20.333          0     0     1     1
(2981, 251, 1027343)     20.333          0     0     1     1
(3765, 225, 1027343)     20.333          0     0     1     1
(3767, 241, 1027343)     20.333          0     0     1     1
(3877, 185, 1027343)     20.333          0     0     1     1
(3237, 247, 1027343)     20.417          0     0     1     1
(4053, 247, 1027343)     20.417          0     0     1     1
(3045, 225, 1027343)       20.5          0     0     1     1
(3373, 241, 1027343)       22.0          0     0     1     1
(3373, 241, 1027343)      26.25          0     0     1     1
(2789, 253, 1027343)     22.167          0     0     1     1
(2797, 247, 1027343)     22.167          0     0     1     1
(3301, 255, 1027343)     22.167          0     0     1     1
(4037, 243, 1027343)     22.167          0     0     0     1
(2743, 249, 1027343)     22.167          0     0     1     1
(2709, 241, 1027343)      22.25          0     0     1     1
(3685, 253, 1027343)      22.25          0     0     1     1
(3661, 241, 1027343)      22.25          0     0     1     1
(3725, 241, 1027343)      22.25          0     0     1     1
(3513, 241, 1027343)      22.25          0     0     1     1
(3301, 249, 1027343)     22.333          0     0     1     1
(3557, 241, 1027343)     22.333          0     0     1     1
(3175, 249, 1027343)     22.333          0     0     1     1
(3791, 241, 1027343)     22.333          0     0     1     1
(3831, 241, 1027343)     22.333          0     0     0     1
(2773, 241, 1027343)     22.417          0     0     1     1
(3045, 209, 1027343)     22.417          0     0     1     1
(2277, 235, 1027343)     24.083          0     0     1     1
(3749, 241, 1027343)     24.083          0     0     1     1
(3269, 245, 1027343)     24.083          0     0     1     1
(3477, 247, 1027343)     24.167          0     0     0     1
(3109, 245, 1027343)     24.167          0     0     1     1
(3109, 245, 1027343)     30.167          0     0     1     1
(2519, 113, 1027343)     24.167          0     0     1     1
(2757, 245, 1027343)      24.25          0     0     1     1
(3173, 249, 1027343)      24.25          0     0     1     1
(2477, 241, 1027343)      24.25          0     0     1     1
(3299, 113, 1027343)      24.25          0     0     1     1
(3051, 245, 1027343)       24.5          0     0     1     1
(3013, 241, 1027343)       24.5          0     0     1     1
(3013, 241, 1027343)     28.167          0     0     0     1
(2979, 101, 1027343)       24.5          0     0     1     1
(3141, 249, 1027343)       26.0          0     0     1     1
(2661, 249, 1027343)     26.167          0     0     1     1
(3015, 249, 1027343)     26.333          0     0     1     1
(2805, 241, 1027343)     26.333          0     0     0     1
(2599, 241, 1027343)     26.333          0     0     1     1
(2101, 225, 1027343)     26.333          0     0     0     1
(3141, 243, 1027343)     28.167          0     0     1     1
(2341, 243, 1027343)     28.167          0     0     1     1
(3941, 241, 1027343)     30.167          0     0     1     1
