inputs: 143/1000 samples
                      [output]   [energy]  [A*B=out] [truth of cfas] [truth of chains]      [num]
                 (11, 13, 143)        0.0          1               1               1         25
                 (11, 13, 143)        4.0          1               0               1          4
                 (11, 13, 143)      4.083          1               0               1          5
                 (11, 13, 143)       4.25          1               0               1          1
                 (11, 13, 143)      5.208          1               0               1          1
                 (11, 13, 143)        6.0          1               0               1          3
                 (11, 13, 143)      6.083          1               0               1          1
                 (11, 13, 143)      6.167          1               0               1          1
                 (11, 13, 143)      7.125          1               0               1          1
                 (11, 13, 143)      7.208          1               0               1          1
                 (11, 13, 143)      7.292          1               0               1          1
                 (11, 13, 143)        8.0          1               0               1          1
                 (11, 13, 143)      8.083          1               0               1          2
                 (11, 13, 143)       8.25          1               0               1          1
                 (11, 13, 143)      8.417          1               0               1          1
                 (11, 13, 143)      9.125          1               0               1          1
                 (11, 13, 143)     10.167          1               0               1          4
                 (11, 13, 143)       12.0          1               0               1          1
                 (11, 13, 143)     12.958          1               0               1          1
                 (11, 13, 143)     15.458          1               0               1          1
                 (13, 11, 143)        0.0          1               1               1         35
                 (13, 11, 143)        4.0          1               0               1         15
                 (13, 11, 143)      4.083          1               0               1          3
                 (13, 11, 143)       4.25          1               0               1          1
                 (13, 11, 143)      4.958          1               0               1          1
                 (13, 11, 143)      5.125          1               0               1          1
                 (13, 11, 143)      5.208          1               0               1          1
                 (13, 11, 143)        6.0          1               0               1          8
                 (13, 11, 143)      6.083          1               0               1          5
                 (13, 11, 143)       6.25          1               0               1          1
                 (13, 11, 143)      6.417          1               0               1          2
                 (13, 11, 143)      6.875          1               0               1          1
                 (13, 11, 143)      7.042          1               0               1          1
                 (13, 11, 143)      7.125          1               0               1          1
                 (13, 11, 143)        8.0          1               0               1          2
                 (13, 11, 143)      8.333          1               0               1          1
                 (13, 11, 143)      8.958          1               0               1          2
                 (13, 11, 143)      9.125          1               0               1          1
                 (13, 11, 143)       10.0          1               0               1          4
                 (13, 11, 143)     10.083          1               0               0          1
                 (13, 11, 143)     15.917          1               0               0          1
                  (15, 9, 143)        2.0          0               0               1         16
                  (15, 9, 143)      2.083          0               0               1          1
                  (15, 9, 143)      2.167          0               0               1          2
                  (15, 9, 143)        4.0          0               0               1          6
                  (15, 9, 143)        4.0          0               1               1          1
                  (15, 9, 143)      4.083          0               0               1          2
                  (15, 9, 143)       4.25          0               0               1          2
                  (15, 9, 143)      5.125          0               0               1          1
                  (15, 9, 143)        6.0          0               0               1          7
                  (15, 9, 143)      6.167          0               0               1          3
                  (15, 9, 143)      7.208          0               0               1          1
                  (15, 9, 143)      7.375          0               0               1          2
                  (15, 9, 143)        8.0          0               0               1          2
                  (15, 9, 143)      8.167          0               0               1          1
                  (15, 9, 143)       8.25          0               0               1          1
                  (15, 9, 143)      8.875          0               0               1          1
                  (15, 9, 143)      9.125          0               0               1          1
                  (15, 9, 143)     10.083          0               0               1          1
                  (15, 9, 143)     13.125          0               0               1          1
                  (15, 9, 143)     14.333          0               0               1          1
                  (9, 15, 143)        2.0          0               0               1         31
                  (9, 15, 143)      2.083          0               0               1          3
                  (9, 15, 143)      2.958          0               0               1          2
                  (9, 15, 143)        4.0          0               0               1         10
                  (9, 15, 143)        4.0          0               1               1          1
                  (9, 15, 143)      4.083          0               0               1          2
                  (9, 15, 143)      4.958          0               0               1          2
                  (9, 15, 143)        6.0          0               0               1          5
                  (9, 15, 143)        6.0          0               0               0          1
                  (9, 15, 143)      6.083          0               0               1          6
                  (9, 15, 143)      6.167          0               0               1          2
                  (9, 15, 143)      7.042          0               0               1          2
                  (9, 15, 143)      7.125          0               0               1          1
                  (9, 15, 143)      7.208          0               0               1          2
                  (9, 15, 143)        8.0          0               0               1          2
                  (9, 15, 143)      8.083          0               0               1          2
                  (9, 15, 143)      8.167          0               0               1          1
                  (9, 15, 143)      8.333          0               0               1          1
                  (9, 15, 143)      8.417          0               0               1          1
                  (9, 15, 143)      9.042          0               0               1          1
                  (9, 15, 143)     10.167          0               0               1          1
                  (9, 15, 143)      10.25          0               0               1          1
                  (9, 15, 143)     12.083          0               0               0          1
                  (9, 15, 143)     13.125          0               0               1          1
                  (15, 5, 143)        4.0          0               0               1          3
                  (15, 5, 143)      4.083          0               0               1          1
                  (15, 5, 143)      4.167          0               0               1          2
                  (15, 5, 143)        6.0          0               0               1          3
                  (15, 5, 143)      6.167          0               0               1          1
                  (15, 5, 143)      8.083          0               0               1          1
                  (15, 5, 143)      8.167          0               0               1          2
                  (15, 5, 143)      9.125          0               0               1          1
                  (15, 5, 143)     10.083          0               0               1          2
                  (15, 5, 143)       12.0          0               0               1          1
                  (15, 5, 143)     13.125          0               0               0          1
                  (15, 5, 143)     14.333          0               0               1          1
                 (10, 11, 143)        4.0          0               0               1          1
                 (10, 11, 143)      4.958          0               0               1          1
                 (10, 11, 143)        6.0          0               0               0          1
                 (10, 11, 143)      6.167          0               0               1          1
                 (10, 11, 143)      8.083          0               0               1          2
                 (10, 11, 143)      9.375          0               0               1          1
                 (10, 11, 143)      10.25          0               0               1          1
                 (10, 11, 143)     12.958          0               0               1          1
                 (10, 11, 143)     14.167          0               0               1          1
                 (10, 15, 143)        4.0          0               0               1          2
                 (10, 15, 143)      4.083          0               0               1          3
                 (10, 15, 143)        8.0          0               0               1          3
                 (10, 15, 143)      8.083          0               0               1          1
                 (10, 15, 143)     10.083          0               0               1          1
                  (9, 14, 143)        4.0          0               0               1          3
                  (9, 14, 143)        6.0          0               0               1          4
                  (9, 14, 143)      6.083          0               0               1          4
                  (9, 14, 143)      6.167          0               0               1          2
                  (9, 14, 143)       6.25          0               0               1          1
                  (9, 14, 143)        8.0          0               0               1          1
                  (9, 14, 143)      8.083          0               0               1          2
                  (9, 14, 143)       8.25          0               0               1          1
                  (9, 14, 143)      10.25          0               0               1          2
                 (11, 10, 143)        4.0          0               0               1          2
                 (11, 10, 143)      8.083          0               0               1          1
                 (11, 10, 143)      8.167          0               0               1          1
                 (11, 10, 143)       8.25          0               0               1          1
                  (14, 9, 143)        4.0          0               0               1          3
                  (14, 9, 143)      6.083          0               0               1          1
                  (14, 9, 143)      8.083          0               0               1          1
                  (14, 9, 143)      8.167          0               0               1          1
                  (14, 9, 143)      10.25          0               0               0          1
                  (5, 15, 143)        4.0          0               0               1         10
                  (5, 15, 143)      4.083          0               0               1          2
                  (5, 15, 143)      4.958          0               0               1          1
                  (5, 15, 143)      5.042          0               0               1          1
                  (5, 15, 143)        6.0          0               0               1          5
                  (5, 15, 143)      6.083          0               0               1          1
                  (5, 15, 143)      6.958          0               0               1          1
                  (5, 15, 143)      7.042          0               0               1          1
                  (5, 15, 143)      7.208          0               0               1          2
                  (5, 15, 143)        8.0          0               0               1          2
                  (5, 15, 143)      8.083          0               0               1          1
                  (5, 15, 143)      9.042          0               0               1          1
                  (5, 15, 143)       10.0          0               0               0          1
                  (5, 15, 143)     11.917          0               0               1          1
                  (5, 15, 143)       12.0          0               0               0          1
                  (5, 15, 143)     12.167          0               0               1          1
                  (5, 15, 143)     13.042          0               0               1          1
                   (3, 5, 143)        4.0          0               1               1          1
                   (3, 5, 143)     15.042          0               0               0          1
                   (9, 7, 143)        4.0          0               0               1          2
                   (9, 7, 143)      4.083          0               0               1          2
                   (9, 7, 143)      6.083          0               0               1          1
                   (9, 7, 143)      6.167          0               0               1          1
                   (9, 7, 143)       6.25          0               0               1          1
                   (9, 7, 143)       8.25          0               0               0          1
                   (9, 7, 143)     10.167          0               0               1          1
                   (9, 7, 143)     10.417          0               0               1          1
                  (15, 3, 143)        4.0          0               0               1          1
                  (15, 3, 143)        6.0          0               0               1          2
                  (15, 3, 143)        8.0          0               0               1          1
                  (15, 3, 143)     10.083          0               0               1          1
                  (15, 3, 143)     11.375          0               0               1          1
                  (15, 3, 143)       12.0          0               0               1          1
                  (15, 3, 143)     12.333          0               0               1          1
                  (15, 3, 143)      14.25          0               0               1          1
                  (15, 1, 143)        4.0          0               0               1          1
                  (15, 1, 143)       4.25          0               0               1          4
                  (15, 1, 143)        6.0          0               0               1          1
                  (15, 1, 143)        8.0          0               0               1          1
                  (15, 1, 143)     11.125          0               0               1          1
                  (15, 1, 143)     12.167          0               0               0          1
                  (15, 1, 143)      12.25          0               0               1          1
                  (15, 1, 143)     12.333          0               0               1          1
                  (15, 1, 143)     13.125          0               0               1          1
                  (15, 1, 143)     15.208          0               0               1          1
                  (7, 11, 143)        4.0          0               0               1          4
                  (7, 11, 143)      4.083          0               0               1          1
                  (7, 11, 143)      5.042          0               0               1          1
                  (7, 11, 143)      6.083          0               0               1          1
                  (7, 11, 143)     10.958          0               0               1          1
                  (7, 11, 143)     13.208          0               0               1          1
                  (7, 11, 143)     13.292          0               0               0          1
                  (7, 11, 143)     14.083          0               0               1          1
                  (7, 11, 143)      14.25          0               0               1          1
                  (7, 11, 143)     14.333          0               0               0          1
                  (1, 15, 143)        4.0          0               1               1          1
                   (7, 9, 143)        4.0          0               0               1          1
                   (7, 9, 143)      5.292          0               0               1          1
                   (7, 9, 143)        6.0          0               0               1          3
                   (7, 9, 143)      8.083          0               0               1          1
                   (7, 9, 143)       10.0          0               0               0          1
                 (15, 10, 143)        4.0          0               0               1          1
                 (15, 10, 143)      7.042          0               0               1          1
                 (15, 10, 143)      8.083          0               0               1          1
                 (15, 10, 143)       8.25          0               0               1          1
                 (15, 10, 143)      9.208          0               0               1          1
                 (15, 10, 143)      9.375          0               0               1          1
                 (15, 10, 143)       10.0          0               0               0          1
                 (15, 10, 143)     10.167          0               0               1          1
                 (15, 10, 143)     12.167          0               0               1          1
                 (15, 10, 143)      12.25          0               0               1          1
                 (15, 10, 143)     12.875          0               0               1          1
                 (15, 10, 143)       14.0          0               0               1          1
                 (15, 10, 143)     15.208          0               0               1          1
                 (15, 10, 143)      16.75          0               0               1          1
                 (15, 10, 143)     17.292          0               0               0          1
                  (11, 7, 143)      4.083          0               0               1          1
                  (11, 7, 143)      8.083          0               0               1          2
                  (11, 7, 143)       12.0          0               0               1          1
                  (11, 7, 143)       14.0          0               0               1          1
                  (11, 7, 143)      16.25          0               0               0          1
                 (13, 15, 143)      4.083          0               0               1          2
                 (13, 15, 143)        6.0          0               0               1          2
                 (13, 15, 143)      6.083          0               0               1          1
                 (13, 15, 143)      6.958          0               0               1          1
                 (13, 15, 143)        8.0          0               0               1          3
                 (13, 15, 143)      8.083          0               0               1          2
                 (13, 15, 143)      8.083          0               0               0          2
                 (13, 15, 143)      8.167          0               0               1          2
                 (13, 15, 143)      8.417          0               0               1          1
                 (13, 15, 143)      8.958          0               0               1          2
                 (13, 15, 143)       10.0          0               0               1          2
                 (13, 15, 143)      10.25          0               0               1          1
                 (13, 15, 143)     10.333          0               0               1          1
                 (13, 15, 143)     10.875          0               0               1          1
                 (13, 15, 143)     11.292          0               0               1          1
                 (13, 15, 143)     12.083          0               0               0          1
                 (13, 15, 143)     14.083          0               0               0          1
                 (13, 15, 143)     14.875          0               0               1          1
                 (13, 15, 143)     16.167          0               0               0          1
                  (13, 3, 143)      4.083          0               0               1          1
                  (13, 3, 143)        6.0          0               0               1          1
                  (13, 3, 143)      6.083          0               0               1          1
                  (13, 3, 143)      6.167          0               0               1          4
                  (13, 3, 143)       6.25          0               0               1          2
                  (13, 3, 143)      6.333          0               0               1          1
                  (13, 3, 143)     10.333          0               0               1          1
                  (13, 3, 143)     11.292          0               0               1          1
                  (13, 3, 143)     11.708          0               0               1          1
                  (13, 3, 143)     13.125          0               0               0          1
                  (11, 9, 143)      5.917          0               0               1          1
                  (11, 9, 143)      6.083          0               0               1          1
                  (11, 9, 143)      6.167          0               0               1          1
                  (11, 9, 143)      8.083          0               0               1          1
                  (11, 9, 143)      8.167          0               0               1          1
                  (11, 9, 143)       8.25          0               0               1          1
                  (11, 9, 143)      8.958          0               0               1          1
                  (11, 9, 143)     11.458          0               0               1          1
                  (11, 9, 143)     12.167          0               0               1          1
                  (11, 9, 143)     13.125          0               0               1          1
                  (11, 9, 143)     14.958          0               0               1          1
                  (14, 1, 143)        6.0          0               0               1          1
                  (13, 7, 143)        6.0          0               0               1          4
                  (13, 7, 143)      6.083          0               0               1          1
                  (13, 7, 143)        8.0          0               0               1          1
                  (13, 7, 143)      8.083          0               0               1          1
                  (13, 7, 143)       8.25          0               0               1          1
                  (13, 7, 143)      8.875          0               0               1          1
                  (13, 7, 143)       10.0          0               0               0          1
                  (13, 7, 143)     10.083          0               0               1          1
                  (13, 7, 143)     10.167          0               0               1          1
                  (13, 7, 143)       12.0          0               0               0          1
                  (13, 7, 143)     12.083          0               0               1          1
                  (13, 7, 143)     12.167          0               0               1          1
                  (13, 7, 143)     13.125          0               0               1          1
                  (13, 7, 143)     15.208          0               0               1          1
                 (13, 14, 143)        6.0          0               0               1          1
                 (13, 14, 143)      6.083          0               0               1          1
                 (13, 14, 143)       6.25          0               0               1          1
                 (13, 14, 143)        8.0          0               0               1          2
                 (13, 14, 143)      8.083          0               0               1          1
                 (13, 14, 143)       8.25          0               0               1          1
                 (13, 14, 143)      8.875          0               0               1          1
                 (13, 14, 143)      8.958          0               0               1          1
                 (13, 14, 143)      9.042          0               0               1          1
                 (13, 14, 143)      9.917          0               0               1          1
                 (13, 14, 143)     12.083          0               0               1          1
                 (13, 14, 143)     14.083          0               0               1          1
                  (7, 15, 143)        6.0          0               0               1          5
                  (7, 15, 143)      6.083          0               0               1          1
                  (7, 15, 143)      6.958          0               0               1          1
                  (7, 15, 143)        8.0          0               0               1          4
                  (7, 15, 143)      8.083          0               0               1          4
                  (7, 15, 143)      8.167          0               0               1          1
                  (7, 15, 143)      9.125          0               0               1          1
                  (7, 15, 143)       10.0          0               0               1          1
                  (7, 15, 143)     10.083          0               0               1          1
                  (7, 15, 143)     11.208          0               0               1          1
                  (7, 15, 143)     12.083          0               0               1          1
                  (7, 15, 143)     13.125          0               0               1          1
                  (1, 11, 143)        6.0          0               0               1          1
                  (1, 11, 143)     12.083          0               0               1          1
                 (14, 15, 143)        6.0          0               0               1          1
                 (14, 15, 143)        8.0          0               0               1          2
                 (14, 15, 143)     13.125          0               0               0          1
                  (10, 7, 143)        6.0          0               0               1          1
                  (10, 7, 143)      7.042          0               0               1          1
                 (11, 15, 143)        6.0          0               0               1          9
                 (11, 15, 143)      6.083          0               0               1          3
                 (11, 15, 143)       6.25          0               0               1          1
                 (11, 15, 143)      6.958          0               0               1          1
                 (11, 15, 143)      7.125          0               0               1          1
                 (11, 15, 143)      7.917          0               0               1          1
                 (11, 15, 143)        8.0          0               0               0          1
                 (11, 15, 143)        8.0          0               0               1          2
                 (11, 15, 143)      8.083          0               0               1          3
                 (11, 15, 143)      8.958          0               0               1          2
                 (11, 15, 143)      9.042          0               0               1          1
                 (11, 15, 143)      9.208          0               0               1          1
                 (11, 15, 143)       10.0          0               0               1          2
                 (11, 15, 143)     10.083          0               0               1          3
                 (11, 15, 143)     10.167          0               0               1          1
                 (11, 15, 143)     10.333          0               0               1          1
                 (11, 15, 143)     10.958          0               0               1          2
                 (11, 15, 143)     12.083          0               0               1          3
                 (11, 14, 143)        6.0          0               0               1          2
                 (11, 14, 143)      6.083          0               0               1          1
                 (11, 14, 143)        8.0          0               0               1          1
                 (11, 14, 143)     10.083          0               0               1          1
                 (11, 14, 143)     10.333          0               0               1          2
                 (11, 14, 143)     12.083          0               0               1          1
                 (11, 14, 143)     12.333          0               0               1          1
                  (3, 15, 143)        6.0          0               0               1          1
                  (3, 15, 143)      6.083          0               0               0          1
                  (3, 15, 143)      8.083          0               0               1          1
                  (3, 15, 143)       12.0          0               0               1          1
                  (3, 15, 143)     15.042          0               0               1          1
                 (13, 13, 143)        6.0          0               0               1          2
                 (13, 13, 143)      6.958          0               0               1          1
                 (13, 13, 143)      7.042          0               0               1          1
                 (13, 13, 143)      7.375          0               0               1          1
                 (13, 13, 143)        8.0          0               0               1          1
                 (13, 13, 143)      8.083          0               0               1          1
                 (13, 13, 143)     11.042          0               0               1          1
                  (9, 11, 143)        6.0          0               0               1          2
                  (9, 11, 143)      6.167          0               0               1          1
                  (9, 11, 143)       6.25          0               0               1          2
                  (9, 11, 143)      8.083          0               0               1          1
                  (9, 11, 143)      8.167          0               0               1          2
                  (9, 11, 143)      9.208          0               0               1          1
                  (9, 11, 143)     11.125          0               0               1          1
                  (9, 11, 143)       12.0          0               0               1          1
                  (9, 11, 143)     13.625          0               0               1          1
                  (7, 13, 143)        6.0          0               0               1          3
                  (7, 13, 143)      6.083          0               0               1          1
                  (7, 13, 143)        8.0          0               0               1          1
                  (7, 13, 143)      8.083          0               0               1          2
                  (7, 13, 143)      9.042          0               0               1          2
                  (7, 13, 143)     10.167          0               0               1          1
                  (7, 13, 143)       12.0          0               0               1          1
                  (7, 13, 143)     12.083          0               0               1          1
                  (9, 13, 143)        6.0          0               0               1          3
                  (9, 13, 143)      6.083          0               0               1          3
                  (9, 13, 143)        8.0          0               0               1          2
                  (9, 13, 143)        8.0          0               0               0          1
                  (9, 13, 143)      8.083          0               0               1          1
                  (9, 13, 143)       8.25          0               0               0          1
                  (9, 13, 143)      8.333          0               0               1          1
                  (9, 13, 143)      9.042          0               0               1          1
                  (9, 13, 143)     10.083          0               0               1          2
                  (9, 13, 143)      10.25          0               0               1          2
                 (14, 13, 143)        6.0          0               0               1          1
                 (14, 13, 143)      7.125          0               0               1          1
                 (14, 13, 143)        8.0          0               0               1          1
                 (13, 12, 143)        6.0          0               0               1          1
                 (15, 11, 143)        6.0          0               0               1          1
                 (15, 11, 143)      6.083          0               0               1          1
                 (15, 11, 143)      7.042          0               0               1          1
                 (15, 11, 143)      7.125          0               0               1          1
                 (15, 11, 143)        8.0          0               0               1          1
                 (15, 11, 143)      8.083          0               0               1          2
                 (15, 11, 143)       8.25          0               0               1          1
                 (15, 11, 143)       10.0          0               0               0          1
                 (15, 11, 143)     10.083          0               0               1          1
                 (15, 11, 143)     10.167          0               0               1          1
                 (15, 11, 143)     11.125          0               0               1          1
                 (15, 11, 143)       12.0          0               0               1          1
                 (15, 11, 143)     12.167          0               0               1          1
                 (15, 11, 143)     12.958          0               0               1          1
                 (15, 11, 143)     13.042          0               0               1          1
                 (15, 11, 143)     13.208          0               0               1          1
                 (11, 11, 143)        6.0          0               0               1          1
                 (11, 11, 143)      6.083          0               0               1          2
                 (11, 11, 143)      6.167          0               0               1          1
                 (11, 11, 143)      7.042          0               0               1          1
                 (11, 11, 143)      8.083          0               0               1          4
                 (11, 11, 143)       8.25          0               0               1          1
                 (11, 11, 143)      8.958          0               0               1          1
                 (11, 11, 143)      9.208          0               0               1          1
                 (11, 11, 143)     10.083          0               0               1          1
                 (11, 11, 143)     10.083          0               0               0          1
                 (11, 11, 143)     10.167          0               0               1          1
                 (11, 11, 143)      10.25          0               0               1          1
                 (11, 11, 143)     12.417          0               0               1          1
                 (11, 11, 143)     12.958          0               0               1          1
                 (11, 11, 143)       14.0          0               0               0          1
                 (11, 11, 143)     17.292          0               0               1          1
                  (15, 7, 143)        6.0          0               0               1          1
                  (15, 7, 143)      6.083          0               0               1          1
                  (15, 7, 143)       6.25          0               0               1          1
                  (15, 7, 143)      6.958          0               0               1          1
                  (15, 7, 143)        8.0          0               0               1          2
                  (15, 7, 143)      8.083          0               0               1          1
                  (15, 7, 143)      8.167          0               0               1          1
                  (15, 7, 143)      9.833          0               0               1          1
                  (15, 7, 143)     10.083          0               0               1          1
                  (15, 7, 143)     10.958          0               0               1          1
                  (15, 7, 143)     11.917          0               0               1          1
                  (15, 7, 143)       12.0          0               0               0          1
                  (15, 7, 143)      14.25          0               0               1          1
                  (15, 7, 143)     15.042          0               0               1          1
                 (13, 10, 143)        6.0          0               0               1          2
                 (13, 10, 143)       6.25          0               0               1          1
                 (13, 10, 143)      6.875          0               0               1          1
                 (13, 10, 143)      7.833          0               0               1          1
                 (13, 10, 143)        8.0          0               0               1          2
                 (13, 10, 143)      8.083          0               0               1          1
                 (13, 10, 143)       8.25          0               0               1          1
                 (13, 10, 143)      9.208          0               0               1          1
                 (13, 10, 143)     10.333          0               0               1          1
                 (13, 10, 143)      12.25          0               0               1          1
                 (13, 10, 143)     12.417          0               0               1          1
                 (15, 13, 143)        6.0          0               0               1          3
                 (15, 13, 143)      6.083          0               0               1          1
                 (15, 13, 143)      6.167          0               0               1          2
                 (15, 13, 143)      6.958          0               0               1          1
                 (15, 13, 143)      7.125          0               0               1          1
                 (15, 13, 143)        8.0          0               0               1          1
                 (15, 13, 143)      8.083          0               0               1          1
                 (15, 13, 143)      8.875          0               0               1          1
                 (15, 13, 143)      8.958          0               0               1          1
                 (15, 13, 143)      9.042          0               0               1          2
                 (15, 13, 143)      9.208          0               0               1          2
                 (15, 13, 143)       10.0          0               0               1          1
                 (15, 13, 143)     10.083          0               0               1          1
                 (15, 13, 143)     10.875          0               0               0          1
                 (15, 13, 143)     12.083          0               0               1          1
                 (15, 13, 143)     17.208          0               0               0          1
                 (10, 13, 143)        6.0          0               0               1          1
                 (10, 13, 143)      6.083          0               0               1          1
                  (11, 5, 143)        6.0          0               0               1          1
                  (11, 5, 143)      6.167          0               0               1          2
                  (11, 5, 143)       6.25          0               0               1          1
                  (11, 5, 143)      6.875          0               0               1          1
                  (11, 5, 143)        8.0          0               0               1          2
                  (11, 5, 143)      8.083          0               0               1          1
                  (11, 5, 143)      8.167          0               0               1          1
                  (11, 5, 143)      8.875          0               0               1          2
                  (11, 5, 143)      8.875          0               0               0          1
                  (11, 5, 143)      9.042          0               0               1          1
                  (11, 5, 143)     10.333          0               0               1          1
                  (11, 5, 143)     11.208          0               0               1          1
                  (11, 5, 143)     11.375          0               0               1          1
                  (11, 5, 143)     13.208          0               0               1          1
                 (11, 12, 143)        6.0          0               0               1          1
                 (11, 12, 143)      6.333          0               0               1          1
                 (11, 12, 143)        6.5          0               0               1          1
                 (11, 12, 143)      6.875          0               0               1          1
                 (11, 12, 143)      8.333          0               0               1          1
                  (13, 9, 143)        6.0          0               0               1          3
                  (13, 9, 143)       6.25          0               0               1          1
                  (13, 9, 143)        6.5          0               0               1          1
                  (13, 9, 143)      7.042          0               0               1          1
                  (13, 9, 143)      7.125          0               0               1          1
                  (13, 9, 143)        8.0          0               0               1          1
                  (13, 9, 143)      8.167          0               0               1          1
                  (13, 9, 143)      8.875          0               0               1          1
                  (13, 9, 143)      9.125          0               0               1          1
                  (13, 9, 143)     13.917          0               0               0          1
                  (13, 9, 143)       14.0          0               0               1          1
                  (13, 9, 143)      14.75          0               0               1          1
                  (5, 11, 143)        6.0          0               0               1          2
                  (5, 11, 143)      6.167          0               0               1          1
                  (5, 11, 143)      6.958          0               0               1          2
                  (5, 11, 143)        8.0          0               0               0          1
                  (5, 11, 143)      8.083          0               0               1          1
                  (5, 11, 143)       10.0          0               0               1          1
                  (5, 11, 143)     11.375          0               0               1          1
                  (5, 11, 143)     13.125          0               0               1          1
                  (5, 11, 143)      16.25          0               0               0          1
                  (5, 14, 143)      6.083          0               0               1          1
                  (5, 14, 143)        8.0          0               0               1          2
                  (5, 14, 143)      8.083          0               0               0          1
                  (5, 14, 143)       8.25          0               0               1          1
                  (5, 14, 143)      9.292          0               0               1          1
                  (5, 14, 143)       10.0          0               0               1          1
                   (5, 3, 143)      6.167          0               0               1          1
                  (9, 12, 143)       6.25          0               0               1          1
                  (9, 12, 143)       12.0          0               0               1          1
                  (7, 10, 143)      7.042          0               0               1          2
                  (11, 3, 143)      7.917          0               0               1          1
                  (11, 3, 143)     10.875          0               0               1          1
                  (11, 3, 143)     11.125          0               0               1          1
                  (11, 3, 143)     11.292          0               0               1          1
                  (11, 3, 143)     15.208          0               0               1          1
                  (11, 3, 143)     16.333          0               0               0          1
                  (6, 15, 143)        8.0          0               0               1          1
                  (6, 15, 143)      8.083          0               0               1          2
                  (6, 15, 143)      8.167          0               0               1          1
                  (6, 15, 143)     10.083          0               0               1          1
                  (6, 15, 143)     12.083          0               0               1          1
                  (10, 3, 143)        8.0          0               0               1          1
                   (9, 3, 143)        8.0          0               0               1          1
                   (9, 3, 143)     10.083          0               0               1          1
                   (9, 3, 143)     12.333          0               0               1          1
                 (12, 15, 143)        8.0          0               0               1          1
                 (12, 15, 143)     10.083          0               0               1          1
                 (12, 15, 143)     11.917          0               0               1          1
                 (12, 15, 143)     14.167          0               0               1          1
                 (15, 15, 143)        8.0          0               0               1          1
                 (15, 15, 143)      8.083          0               0               1          1
                 (15, 15, 143)      9.208          0               0               1          1
                 (15, 15, 143)     10.958          0               0               1          1
                 (15, 15, 143)      14.25          0               0               1          1
                 (15, 15, 143)     15.042          0               0               0          1
                 (15, 15, 143)     16.083          0               0               0          1
                 (15, 12, 143)        8.0          0               0               1          2
                 (15, 12, 143)       8.25          0               0               1          1
                 (15, 12, 143)      9.375          0               0               1          1
                 (15, 12, 143)       10.0          0               0               1          1
                 (15, 12, 143)     12.708          0               0               1          1
                 (15, 12, 143)     16.083          0               0               1          1
                   (3, 4, 143)        8.0          0               0               1          1
                  (15, 8, 143)        8.0          0               0               1          2
                  (15, 8, 143)       8.25          0               0               1          2
                  (15, 8, 143)        8.5          0               0               1          1
                  (15, 8, 143)      9.125          0               0               1          1
                  (15, 8, 143)      10.25          0               0               1          1
                   (7, 5, 143)        8.0          0               0               1          1
                   (7, 5, 143)      10.25          0               0               1          1
                   (7, 5, 143)     11.125          0               0               1          1
                   (7, 5, 143)     15.125          0               0               0          1
                 (15, 14, 143)        8.0          0               0               1          3
                 (15, 14, 143)     10.875          0               0               1          1
                 (15, 14, 143)     11.042          0               0               1          1
                 (15, 14, 143)     11.292          0               0               1          1
                 (15, 14, 143)      12.25          0               0               1          1
                   (3, 1, 143)        8.0          0               0               1          1
                   (1, 9, 143)        8.0          0               0               1          1
                  (7, 14, 143)      8.083          0               0               1          1
                  (7, 14, 143)       10.0          0               0               1          1
                  (7, 14, 143)     10.083          0               0               1          1
                  (7, 14, 143)     12.167          0               0               1          1
                  (7, 14, 143)     17.208          0               0               1          1
                  (15, 6, 143)      8.083          0               0               1          1
                  (15, 6, 143)      8.875          0               0               1          1
                  (15, 6, 143)     10.875          0               0               1          1
                  (15, 6, 143)     11.917          0               0               1          1
                  (15, 6, 143)     13.125          0               0               1          1
                  (11, 6, 143)      8.083          0               0               1          1
                  (11, 6, 143)      8.167          0               0               1          1
                  (5, 13, 143)      8.083          0               0               1          2
                  (5, 13, 143)       8.25          0               0               1          1
                  (5, 13, 143)     10.167          0               0               0          1
                  (5, 13, 143)      12.25          0               0               1          1
                  (5, 13, 143)     13.042          0               0               1          2
                  (5, 13, 143)     14.333          0               0               1          1
                   (9, 6, 143)      8.083          0               0               1          1
                   (9, 6, 143)       8.25          0               0               1          1
                   (9, 6, 143)      12.25          0               0               1          1
                   (5, 7, 143)      8.083          0               0               1          1
                   (5, 7, 143)     10.167          0               0               1          2
                   (5, 7, 143)       14.5          0               0               1          1
                   (5, 7, 143)     16.333          0               0               0          1
                  (15, 4, 143)      8.167          0               0               1          2
                  (15, 4, 143)       8.25          0               0               1          1
                  (15, 4, 143)       10.0          0               0               1          1
                  (15, 4, 143)     10.167          0               0               1          1
                  (15, 4, 143)      12.25          0               0               1          1
                  (15, 4, 143)      14.25          0               0               0          1
                  (15, 4, 143)     16.417          0               0               1          1
                  (3, 13, 143)      8.167          0               0               1          1
                  (14, 7, 143)      8.167          0               0               1          1
                  (14, 7, 143)      8.958          0               0               1          1
                  (14, 7, 143)       10.0          0               0               1          1
                  (14, 7, 143)       12.0          0               0               1          1
                  (14, 7, 143)     13.292          0               0               1          1
                  (14, 7, 143)     17.042          0               0               1          1
                   (5, 9, 143)      8.167          0               0               1          1
                   (5, 9, 143)      8.958          0               0               1          1
                  (13, 5, 143)      8.167          0               0               1          1
                  (13, 5, 143)       8.25          0               0               1          1
                  (13, 5, 143)      10.25          0               0               1          1
                  (13, 5, 143)     10.958          0               0               1          1
                  (13, 5, 143)     13.042          0               0               1          1
                  (13, 8, 143)        8.5          0               0               1          1
                  (3, 14, 143)      8.958          0               0               1          1
                  (3, 14, 143)     10.083          0               0               1          1
                  (3, 14, 143)       16.0          0               0               1          1
                 (14, 14, 143)      9.375          0               0               1          1
                  (10, 6, 143)      9.917          0               0               1          1
                  (13, 1, 143)      9.917          0               0               1          1
                  (14, 5, 143)       10.0          0               0               1          2
                  (14, 5, 143)     11.042          0               0               1          1
                  (14, 5, 143)     12.083          0               0               1          1
                  (3, 11, 143)       10.0          0               0               0          1
                  (14, 2, 143)       10.0          0               0               1          1
                 (12, 11, 143)       10.0          0               0               1          2
                 (12, 11, 143)     12.167          0               0               1          1
                  (9, 10, 143)       10.0          0               0               1          1
                  (9, 10, 143)     10.333          0               0               1          1
                  (9, 10, 143)     15.625          0               0               1          1
                  (11, 4, 143)       10.0          0               0               1          1
                  (11, 4, 143)      10.25          0               0               1          1
                 (14, 12, 143)       10.0          0               0               1          1
                  (5, 10, 143)       10.0          0               0               1          1
                  (5, 10, 143)     10.167          0               0               1          1
                  (5, 10, 143)      16.25          0               0               0          1
                   (9, 9, 143)       10.0          0               0               1          2
                   (9, 9, 143)     10.958          0               0               1          1
                   (3, 7, 143)       10.0          0               0               1          2
                  (14, 3, 143)     10.083          0               0               1          1
                  (14, 3, 143)     11.208          0               0               1          1
                  (13, 6, 143)     10.083          0               0               1          1
                  (13, 6, 143)      12.25          0               0               1          1
                  (13, 6, 143)      14.25          0               0               1          1
                   (6, 7, 143)     10.167          0               0               0          1
                  (6, 11, 143)     10.333          0               0               1          1
                  (11, 1, 143)     10.333          0               0               1          1
                  (11, 1, 143)     11.917          0               0               1          1
                  (11, 1, 143)       12.0          0               0               1          1
                  (11, 1, 143)      14.25          0               0               1          1
                  (15, 2, 143)     10.333          0               0               1          1
                  (15, 2, 143)     10.875          0               0               1          1
                  (15, 2, 143)     11.208          0               0               1          1
                  (15, 2, 143)     15.458          0               0               1          1
                   (5, 6, 143)     10.333          0               0               1          1
                   (5, 6, 143)     12.333          0               0               1          1
                  (14, 6, 143)     11.042          0               0               1          1
                   (7, 8, 143)     11.042          0               0               1          1
                   (9, 5, 143)     11.375          0               0               1          1
                   (9, 5, 143)     13.375          0               0               0          1
                  (12, 9, 143)     11.833          0               0               1          1
                  (11, 8, 143)       12.0          0               0               1          1
                 (12, 13, 143)       12.0          0               0               0          1
                  (7, 12, 143)     12.083          0               0               1          1
                  (10, 9, 143)     12.167          0               0               0          1
                  (10, 9, 143)     14.958          0               0               1          1
                   (5, 5, 143)     12.167          0               0               1          1
                  (11, 0, 143)     12.333          0               0               1          1
                   (7, 7, 143)     12.333          0               0               1          1
                   (7, 1, 143)     12.958          0               0               0          1
                  (8, 13, 143)     12.958          0               0               1          1
                  (10, 5, 143)     13.125          0               0               1          1
                 (12, 14, 143)     14.083          0               0               1          1
                   (7, 6, 143)      14.25          0               0               1          1
                 (14, 11, 143)     16.167          0               0               0          1
                  (15, 0, 143)     17.042          0               0               1          1
                  (15, 0, 143)     17.208          0               0               1          1
                   (6, 9, 143)     17.292          0               0               0          1
-:     0     1     2     3
0:   250   182   212   168
1:   212   199   178   188
2:   186   161   185   232
3:   275   225   166   278
