inputs: 2055941/1000 samples
                      [output]   [energy]  [A*B=out] [truth of cfas] [truth of chains]      [num]
          (7927, 127, 2055941)     12.167          0               0               1          1
          (7927, 127, 2055941)     18.333          0               0               1          1
          (7013, 121, 2055941)     12.167          0               0               1          1
          (7027, 127, 2055941)     14.083          0               0               1          1
          (8041, 125, 2055941)     14.083          0               0               1          1
          (6755, 111, 2055941)     14.083          0               0               1          1
          (7641, 123, 2055941)     14.167          0               0               1          1
          (7641, 123, 2055941)     26.583          0               0               1          1
          (7129, 123, 2055941)     14.167          0               0               1          1
          (7803, 127, 2055941)      14.25          0               0               1          1
          (7799, 127, 2055941)      14.25          0               0               1          1
          (7929, 123, 2055941)      14.25          0               0               1          1
          (7269, 123, 2055941)      14.25          0               0               1          1
           (6673, 75, 2055941)      14.25          0               0               1          1
          (8105, 253, 2055941)     14.333          0               0               1          1
          (6997, 125, 2055941)     14.333          0               0               1          1
          (6997, 125, 2055941)      18.25          0               0               1          1
          (6517, 255, 2055941)     16.083          0               0               1          1
          (7761, 253, 2055941)     16.083          0               0               1          1
          (8045, 127, 2055941)     16.083          0               0               1          1
          (8057, 123, 2055941)     16.083          0               0               1          1
          (8057, 123, 2055941)     16.333          0               0               1          1
          (8057, 123, 2055941)     18.333          0               0               1          1
          (8057, 123, 2055941)     20.333          0               0               1          1
          (8057, 123, 2055941)     20.417          0               0               1          1
          (8057, 123, 2055941)      22.25          0               0               1          1
          (8057, 123, 2055941)     22.333          0               0               1          2
          (8057, 123, 2055941)     22.417          0               0               1          1
          (6749, 125, 2055941)     16.083          0               0               1          1
          (7005, 121, 2055941)     16.083          0               0               1          1
          (8055, 127, 2055941)     16.167          0               0               1          1
          (8037, 123, 2055941)     16.167          0               0               1          1
          (8037, 123, 2055941)     20.333          0               0               1          1
          (8025, 127, 2055941)     16.167          0               0               1          1
          (8025, 127, 2055941)     20.333          0               0               1          1
          (7765, 125, 2055941)     16.167          0               0               1          1
          (7765, 125, 2055941)      20.25          0               0               1          1
          (7765, 125, 2055941)     22.167          0               0               1          1
          (7875, 127, 2055941)     16.167          0               0               1          1
          (8059, 127, 2055941)     16.167          0               0               1          1
          (8059, 127, 2055941)      16.25          0               0               1          1
          (8059, 127, 2055941)     16.333          0               0               1          1
          (8059, 127, 2055941)     20.167          0               0               1          2
          (8059, 127, 2055941)      20.25          0               0               1          2
          (6905, 125, 2055941)     16.167          0               0               1          1
          (6419, 107, 2055941)     16.167          0               0               0          1
          (8017, 253, 2055941)      16.25          0               0               1          1
          (5753, 123, 2055941)      16.25          0               0               1          1
          (5753, 123, 2055941)      24.25          0               0               1          1
          (8169, 125, 2055941)      16.25          0               0               1          1
          (8169, 125, 2055941)     16.333          0               0               1          1
          (7035, 127, 2055941)      16.25          0               0               1          1
          (7993, 255, 2055941)      16.25          0               0               1          1
          (7993, 123, 2055941)      16.25          0               0               1          1
          (7417, 123, 2055941)      16.25          0               0               1          1
          (7417, 123, 2055941)       34.5          0               0               1          1
          (6475, 123, 2055941)      16.25          0               0               1          1
          (7017, 125, 2055941)      16.25          0               0               1          1
           (6769, 93, 2055941)      16.25          0               0               1          1
          (6987, 111, 2055941)      16.25          0               0               1          1
           (7171, 97, 2055941)      16.25          0               0               1          1
           (7363, 99, 2055941)      16.25          0               0               1          1
          (6127, 125, 2055941)     16.333          0               0               1          1
          (8039, 127, 2055941)     16.333          0               0               1          1
          (8039, 127, 2055941)     16.583          0               0               1          1
          (8039, 127, 2055941)       26.5          0               0               1          1
          (8039, 127, 2055941)     30.583          0               0               1          1
          (7113, 123, 2055941)     16.333          0               0               1          1
          (8015, 123, 2055941)     16.333          0               0               1          1
          (8015, 123, 2055941)     28.583          0               0               1          1
          (6057, 121, 2055941)     16.333          0               0               1          1
          (7751, 115, 2055941)     16.333          0               0               1          1
          (6489, 105, 2055941)     16.333          0               0               1          1
          (7529, 123, 2055941)     16.417          0               0               1          1
          (8039, 123, 2055941)     16.417          0               0               1          1
          (8039, 123, 2055941)       16.5          0               0               1          1
          (8039, 123, 2055941)      22.25          0               0               1          1
          (8039, 123, 2055941)     22.417          0               0               1          1
          (7527, 123, 2055941)     16.417          0               0               1          1
          (6981, 255, 2055941)     18.083          0               0               1          1
          (6651, 127, 2055941)     18.083          0               0               1          1
          (8029, 127, 2055941)     18.083          0               0               1          1
          (4945, 253, 2055941)     18.083          0               0               1          1
          (8049, 127, 2055941)     18.083          0               0               1          1
          (8049, 127, 2055941)     18.167          0               0               1          1
          (8049, 127, 2055941)     18.333          0               0               1          1
          (8049, 127, 2055941)     24.167          0               0               1          2
          (8049, 127, 2055941)      28.25          0               0               1          1
          (8049, 127, 2055941)     28.333          0               0               1          1
          (8049, 127, 2055941)     30.167          0               0               1          1
          (8049, 127, 2055941)     30.333          0               0               1          1
          (7699, 127, 2055941)     18.083          0               0               1          1
          (8051, 127, 2055941)     18.083          0               0               1          1
          (8179, 123, 2055941)     18.083          0               0               1          1
          (8179, 123, 2055941)      24.25          0               0               1          1
          (5897, 121, 2055941)     18.083          0               0               1          1
          (7753, 123, 2055941)     18.083          0               0               1          1
          (7753, 123, 2055941)      20.25          0               0               1          1
          (7753, 123, 2055941)     28.417          0               0               1          1
          (7385, 123, 2055941)     18.083          0               0               1          1
          (4483, 107, 2055941)     18.083          0               0               0          1
          (7491, 115, 2055941)     18.083          0               0               1          1
          (7491, 115, 2055941)     24.417          0               0               1          1
          (7491, 115, 2055941)     32.333          0               0               1          1
          (5333, 253, 2055941)     18.167          0               0               1          1
          (6741, 125, 2055941)     18.167          0               0               1          1
          (6741, 125, 2055941)     24.167          0               0               1          1
          (8163, 123, 2055941)     18.167          0               0               1          1
          (5481, 253, 2055941)     18.167          0               0               1          1
          (7925, 127, 2055941)     18.167          0               0               1          1
          (7925, 127, 2055941)      22.25          0               0               1          1
          (8163, 107, 2055941)     18.167          0               0               1          1
          (6737, 125, 2055941)     18.167          0               0               1          1
          (7783, 127, 2055941)     18.167          0               0               1          1
          (5991, 123, 2055941)     18.167          0               0               1          1
          (7029, 125, 2055941)     18.167          0               0               1          1
          (6869, 125, 2055941)     18.167          0               0               1          1
          (8009, 107, 2055941)     18.167          0               0               1          1
          (8009, 107, 2055941)     20.417          0               0               1          1
          (7681, 109, 2055941)     18.167          0               0               1          1
           (6161, 73, 2055941)     18.167          0               0               1          1
           (6161, 73, 2055941)     24.417          0               0               1          1
           (6161, 73, 2055941)      28.25          0               0               1          1
          (6131, 123, 2055941)      18.25          0               0               1          1
          (7269, 251, 2055941)      18.25          0               0               1          1
          (7269, 251, 2055941)     22.333          0               0               1          1
          (7973, 251, 2055941)      18.25          0               0               1          1
          (7667, 123, 2055941)      18.25          0               0               1          1
          (8179, 127, 2055941)      18.25          0               0               1          1
          (8179, 127, 2055941)      20.25          0               0               1          1
          (8179, 127, 2055941)     22.083          0               0               1          1
          (8179, 127, 2055941)       22.5          0               0               1          1
          (8179, 127, 2055941)      24.25          0               0               1          2
          (7665, 121, 2055941)      18.25          0               0               1          1
          (8035, 127, 2055941)      18.25          0               0               1          1
          (8035, 127, 2055941)     22.333          0               0               1          1
          (8035, 127, 2055941)     26.333          0               0               1          1
          (6771, 255, 2055941)      18.25          0               0               1          1
          (5733, 123, 2055941)      18.25          0               0               1          1
          (8061, 125, 2055941)      18.25          0               0               1          1
          (7397, 127, 2055941)      18.25          0               0               1          1
          (7529, 125, 2055941)      18.25          0               0               1          1
          (8027, 111, 2055941)      18.25          0               0               1          1
          (7881, 123, 2055941)      18.25          0               0               1          1
          (6483, 123, 2055941)      18.25          0               0               1          1
          (7765, 121, 2055941)      18.25          0               0               1          1
          (7277, 121, 2055941)      18.25          0               0               1          1
          (8023, 127, 2055941)      18.25          0               0               1          1
          (8023, 127, 2055941)      20.25          0               0               1          1
          (7501, 123, 2055941)      18.25          0               0               1          1
          (6657, 115, 2055941)      18.25          0               0               1          1
          (6657, 115, 2055941)      24.25          0               0               0          1
          (7505, 115, 2055941)      18.25          0               0               1          1
          (7033, 121, 2055941)      18.25          0               0               1          1
          (6785, 121, 2055941)      18.25          0               0               1          1
          (7491, 123, 2055941)      18.25          0               0               1          1
           (7681, 99, 2055941)      18.25          0               0               1          1
           (8009, 91, 2055941)      18.25          0               0               1          1
          (6801, 109, 2055941)      18.25          0               0               1          1
          (7161, 127, 2055941)     18.333          0               0               1          1
          (7531, 127, 2055941)     18.333          0               0               1          1
          (8047, 127, 2055941)     18.333          0               0               1          1
          (6657, 123, 2055941)     18.333          0               0               1          1
          (7577, 125, 2055941)     18.333          0               0               1          1
          (7501, 121, 2055941)     18.333          0               0               1          1
          (8019, 123, 2055941)     18.333          0               0               1          1
          (4473, 123, 2055941)     18.333          0               0               1          1
          (6723, 107, 2055941)     18.333          0               0               1          1
          (5997, 121, 2055941)     18.333          0               0               1          1
          (6729, 121, 2055941)     18.333          0               0               1          1
          (8153, 251, 2055941)     18.417          0               0               1          1
          (6523, 127, 2055941)     18.417          0               0               1          1
          (8037, 251, 2055941)     18.417          0               0               1          1
          (7015, 123, 2055941)     18.417          0               0               1          1
          (8051, 123, 2055941)     18.417          0               0               1          1
          (8165, 123, 2055941)     18.417          0               0               1          1
          (7507, 107, 2055941)     18.417          0               0               1          1
          (6473, 107, 2055941)     18.417          0               0               1          1
          (6981, 121, 2055941)     18.417          0               0               1          1
          (7273, 123, 2055941)     18.417          0               0               1          1
          (8183, 127, 2055941)     20.083          0               0               1          1
          (8183, 127, 2055941)     22.167          0               0               1          1
          (7387, 127, 2055941)     20.083          0               0               1          1
          (6129, 123, 2055941)     20.083          0               0               0          1
          (4385, 123, 2055941)     20.083          0               0               1          1
          (6005, 255, 2055941)     20.167          0               0               1          1
          (7987, 127, 2055941)     20.167          0               0               1          1
          (5923, 127, 2055941)     20.167          0               0               1          1
          (4825, 127, 2055941)     20.167          0               0               1          1
          (8053, 127, 2055941)     20.167          0               0               1          1
          (8053, 127, 2055941)     22.167          0               0               1          1
          (8053, 127, 2055941)     24.167          0               0               1          1
          (8053, 127, 2055941)      24.25          0               0               1          1
          (8053, 127, 2055941)     24.417          0               0               1          1
          (8053, 127, 2055941)     28.333          0               0               1          1
          (6473, 125, 2055941)     20.167          0               0               1          1
          (6473, 125, 2055941)     22.417          0               0               1          1
          (7363, 111, 2055941)     20.167          0               0               1          1
          (6145, 105, 2055941)     20.167          0               0               1          1
          (6145, 105, 2055941)     22.083          0               0               1          1
          (6145, 105, 2055941)     24.167          0               0               1          1
          (6145, 105, 2055941)     32.333          0               0               1          1
          (6145, 105, 2055941)     34.417          0               0               1          1
          (6145, 105, 2055941)       34.5          0               0               1          1
          (7961, 123, 2055941)     20.167          0               0               1          1
          (6985, 121, 2055941)     20.167          0               0               1          1
           (7681, 89, 2055941)     20.167          0               0               1          1
           (7169, 81, 2055941)     20.167          0               0               1          1
          (4425, 123, 2055941)     20.167          0               0               0          1
          (7509, 233, 2055941)     20.167          0               0               1          1
          (5837, 121, 2055941)     20.167          0               0               1          1
          (6657, 105, 2055941)     20.167          0               0               1          1
          (6773, 125, 2055941)      20.25          0               0               1          1
          (6737, 253, 2055941)      20.25          0               0               1          1
          (8025, 123, 2055941)      20.25          0               0               1          1
          (8025, 123, 2055941)     20.417          0               0               1          1
          (8025, 123, 2055941)     26.417          0               0               1          1
          (7545, 123, 2055941)      20.25          0               0               1          1
          (7545, 123, 2055941)     26.333          0               0               1          1
          (8165, 127, 2055941)      20.25          0               0               1          1
          (4953, 123, 2055941)      20.25          0               0               0          1
          (8037, 127, 2055941)      20.25          0               0               1          1
          (8037, 127, 2055941)     20.333          0               0               1          1
          (6997, 121, 2055941)      20.25          0               0               1          1
          (7265, 121, 2055941)      20.25          0               0               1          1
          (6485, 121, 2055941)      20.25          0               0               1          1
          (6485, 121, 2055941)     22.333          0               0               1          1
          (6485, 121, 2055941)     22.417          0               0               1          1
          (6473, 123, 2055941)      20.25          0               0               1          1
          (6473, 123, 2055941)     26.167          0               0               1          1
          (8019, 251, 2055941)      20.25          0               0               1          1
          (6145, 123, 2055941)      20.25          0               0               1          1
          (6145, 123, 2055941)     20.417          0               0               1          1
          (6145, 123, 2055941)       28.5          0               0               1          1
          (6145, 123, 2055941)       36.5          0               0               0          1
          (3569, 123, 2055941)      20.25          0               0               1          1
          (6213, 113, 2055941)      20.25          0               0               1          1
          (7569, 123, 2055941)      20.25          0               0               1          1
          (7793, 123, 2055941)      20.25          0               0               1          2
          (7793, 123, 2055941)     24.167          0               0               1          1
          (7793, 123, 2055941)     28.333          0               0               1          1
          (7513, 249, 2055941)      20.25          0               0               1          1
          (6533, 121, 2055941)      20.25          0               0               1          1
           (6147, 81, 2055941)      20.25          0               0               1          1
          (7461, 121, 2055941)      20.25          0               0               1          1
          (7009, 121, 2055941)      20.25          0               0               1          1
          (6489, 121, 2055941)      20.25          0               0               1          1
          (6281, 123, 2055941)      20.25          0               0               1          1
           (6945, 13, 2055941)      20.25          0               0               1          1
          (8005, 255, 2055941)     20.333          0               0               1          1
          (8149, 127, 2055941)     20.333          0               0               1          1
          (8149, 127, 2055941)      24.25          0               0               1          1
          (7651, 127, 2055941)     20.333          0               0               1          1
          (6009, 127, 2055941)     20.333          0               0               1          1
          (8151, 127, 2055941)     20.333          0               0               1          1
          (6847, 123, 2055941)     20.333          0               0               1          1
          (8153, 123, 2055941)     20.333          0               0               1          2
          (7269, 249, 2055941)     20.333          0               0               1          1
          (7029, 249, 2055941)     20.333          0               0               1          1
          (7305, 123, 2055941)     20.333          0               0               1          1
          (7931, 127, 2055941)     20.333          0               0               1          1
          (6391, 127, 2055941)     20.333          0               0               1          1
          (6473, 251, 2055941)     20.333          0               0               1          1
          (5589, 121, 2055941)     20.333          0               0               1          1
          (7781, 121, 2055941)     20.333          0               0               1          1
          (7781, 121, 2055941)     24.167          0               0               1          1
          (6611, 251, 2055941)     20.333          0               0               1          1
          (7477, 127, 2055941)     20.333          0               0               1          1
          (7781, 123, 2055941)     20.333          0               0               1          1
          (7781, 123, 2055941)      22.25          0               0               1          1
          (7781, 123, 2055941)     24.333          0               0               1          1
          (7781, 123, 2055941)     26.417          0               0               1          1
          (8013, 251, 2055941)     20.333          0               0               1          1
          (7333, 249, 2055941)     20.333          0               0               1          1
          (7289, 123, 2055941)     20.333          0               0               1          1
          (7289, 123, 2055941)       22.5          0               0               1          1
          (8005, 123, 2055941)     20.333          0               0               1          1
          (7525, 121, 2055941)     20.333          0               0               1          1
          (7755, 127, 2055941)     20.333          0               0               1          1
          (7755, 127, 2055941)     22.167          0               0               1          1
          (6497, 121, 2055941)     20.333          0               0               1          1
          (6211, 235, 2055941)     20.333          0               0               1          1
           (6417, 83, 2055941)     20.333          0               0               0          1
          (6993, 113, 2055941)     20.333          0               0               1          1
          (7169, 105, 2055941)     20.333          0               0               1          1
          (7169, 105, 2055941)     28.333          0               0               1          1
           (6417, 81, 2055941)     20.333          0               0               1          1
           (7441, 83, 2055941)     20.333          0               0               1          1
          (7509, 249, 2055941)     20.417          0               0               1          1
          (7509, 249, 2055941)     22.417          0               0               0          1
          (6063, 127, 2055941)     20.417          0               0               1          1
          (6065, 123, 2055941)     20.417          0               0               1          1
          (8155, 127, 2055941)     20.417          0               0               1          1
          (6741, 253, 2055941)     20.417          0               0               1          1
          (6513, 123, 2055941)     20.417          0               0               1          1
          (7915, 127, 2055941)     20.417          0               0               1          1
          (7881, 251, 2055941)     20.417          0               0               1          1
          (7913, 123, 2055941)     20.417          0               0               1          1
          (7735, 127, 2055941)     20.417          0               0               1          1
          (5977, 121, 2055941)     20.417          0               0               1          1
          (6501, 105, 2055941)     20.417          0               0               1          1
          (8047, 123, 2055941)     20.417          0               0               1          1
           (7953, 83, 2055941)     20.417          0               0               1          1
           (7169, 65, 2055941)     20.417          0               0               1          1
           (7169, 65, 2055941)     24.417          0               0               1          1
          (5371, 127, 2055941)       20.5          0               0               0          1
          (6757, 249, 2055941)       20.5          0               0               1          1
          (6437, 251, 2055941)       20.5          0               0               1          1
          (7589, 249, 2055941)       20.5          0               0               1          1
          (7513, 123, 2055941)       20.5          0               0               1          1
          (7513, 123, 2055941)     22.333          0               0               1          1
          (7533, 121, 2055941)       20.5          0               0               1          1
          (7533, 121, 2055941)     24.583          0               0               1          1
          (6755, 123, 2055941)       20.5          0               0               1          1
          (8025, 251, 2055941)     20.583          0               0               1          1
          (7007, 123, 2055941)     20.583          0               0               1          1
          (6915, 119, 2055941)     20.583          0               0               1          1
          (7491, 119, 2055941)     20.583          0               0               1          1
           (7187, 91, 2055941)     20.583          0               0               1          1
          (6113, 127, 2055941)     22.083          0               0               0          1
          (7397, 255, 2055941)     22.083          0               0               0          1
          (6001, 127, 2055941)     22.083          0               0               1          1
          (7929, 127, 2055941)     22.083          0               0               1          1
          (7929, 127, 2055941)     22.333          0               0               1          1
          (7929, 127, 2055941)     24.333          0               0               1          1
          (6749, 127, 2055941)     22.083          0               0               1          1
           (6145, 81, 2055941)     22.083          0               0               1          1
           (6145, 81, 2055941)     22.333          0               0               1          1
           (6145, 81, 2055941)      24.25          0               0               1          1
           (6145, 81, 2055941)     24.417          0               0               1          1
           (6145, 81, 2055941)       24.5          0               0               1          1
           (6145, 81, 2055941)      28.25          0               0               1          1
           (6145, 81, 2055941)     28.417          0               0               1          1
           (6145, 81, 2055941)       30.5          0               0               1          1
           (6145, 81, 2055941)     30.583          0               0               1          1
           (6145, 81, 2055941)     32.417          0               0               1          3
           (6145, 81, 2055941)       32.5          0               0               1          1
          (8145, 255, 2055941)     22.167          0               0               1          1
          (7011, 127, 2055941)     22.167          0               0               1          1
          (7031, 127, 2055941)     22.167          0               0               1          1
          (8181, 127, 2055941)     22.167          0               0               1          1
          (8181, 127, 2055941)      24.25          0               0               1          1
          (8181, 127, 2055941)     24.417          0               0               1          2
          (8181, 127, 2055941)      28.25          0               0               1          1
          (8181, 127, 2055941)     28.583          0               0               1          1
          (8185, 127, 2055941)     22.167          0               0               1          1
          (7547, 127, 2055941)     22.167          0               0               1          1
          (7941, 121, 2055941)     22.167          0               0               1          1
          (7955, 123, 2055941)     22.167          0               0               1          1
          (7769, 123, 2055941)     22.167          0               0               1          1
          (7507, 123, 2055941)     22.167          0               0               1          1
          (5893, 121, 2055941)     22.167          0               0               1          1
          (7765, 119, 2055941)     22.167          0               0               1          1
          (7283, 127, 2055941)     22.167          0               0               1          1
          (7251, 127, 2055941)     22.167          0               0               1          1
          (6245, 121, 2055941)     22.167          0               0               1          1
          (7825, 123, 2055941)     22.167          0               0               1          1
          (6169, 121, 2055941)     22.167          0               0               1          1
          (6965, 123, 2055941)     22.167          0               0               1          1
          (6737, 113, 2055941)     22.167          0               0               1          1
          (6145, 169, 2055941)     22.167          0               0               1          1
          (6145, 169, 2055941)     24.417          0               0               1          1
          (6145, 169, 2055941)     28.667          0               0               1          1
           (6979, 95, 2055941)     22.167          0               0               1          1
           (5121, 99, 2055941)     22.167          0               0               1          1
          (5457, 251, 2055941)      22.25          0               0               1          1
          (7157, 127, 2055941)      22.25          0               0               1          1
          (7157, 127, 2055941)     26.167          0               0               1          1
          (7493, 255, 2055941)      22.25          0               0               1          1
          (4353, 255, 2055941)      22.25          0               0               0          1
          (6629, 255, 2055941)      22.25          0               0               1          1
          (6629, 255, 2055941)     22.333          0               0               1          1
          (8177, 127, 2055941)      22.25          0               0               1          1
          (8177, 127, 2055941)     26.333          0               0               1          1
          (8177, 127, 2055941)     28.417          0               0               1          1
           (8059, 63, 2055941)      22.25          0               0               1          1
          (6501, 249, 2055941)      22.25          0               0               1          1
          (5481, 125, 2055941)      22.25          0               0               1          1
          (6727, 115, 2055941)      22.25          0               0               1          1
          (4553, 123, 2055941)      22.25          0               0               1          1
          (5457, 123, 2055941)      22.25          0               0               1          1
          (6995, 127, 2055941)      22.25          0               0               1          1
          (7475, 123, 2055941)      22.25          0               0               1          1
          (5619, 107, 2055941)      22.25          0               0               1          1
          (7009, 115, 2055941)      22.25          0               0               1          1
           (4131, 83, 2055941)      22.25          0               0               0          1
          (8035, 107, 2055941)      22.25          0               0               1          1
          (8035, 107, 2055941)      26.25          0               0               1          1
           (6145, 89, 2055941)      22.25          0               0               1          1
           (6145, 89, 2055941)     24.167          0               0               1          1
           (6145, 89, 2055941)     28.333          0               0               1          1
          (7749, 255, 2055941)     22.333          0               0               1          1
          (7893, 251, 2055941)     22.333          0               0               1          1
          (8001, 255, 2055941)     22.333          0               0               1          1
          (5971, 123, 2055941)     22.333          0               0               1          1
          (5971, 123, 2055941)     28.417          0               0               1          1
          (4945, 127, 2055941)     22.333          0               0               1          1
          (8185, 123, 2055941)     22.333          0               0               1          1
          (8185, 123, 2055941)     24.083          0               0               1          1
          (8185, 123, 2055941)     24.167          0               0               1          1
          (8185, 123, 2055941)     24.417          0               0               1          1
          (8113, 127, 2055941)     22.333          0               0               1          1
          (7435, 123, 2055941)     22.333          0               0               1          1
          (8135, 123, 2055941)     22.333          0               0               1          1
          (7907, 123, 2055941)     22.333          0               0               1          1
          (8017, 123, 2055941)     22.333          0               0               1          1
          (8017, 123, 2055941)     24.333          0               0               1          1
          (6983, 127, 2055941)     22.333          0               0               1          1
          (7797, 121, 2055941)     22.333          0               0               1          1
          (7797, 121, 2055941)     22.417          0               0               1          1
          (7797, 121, 2055941)     24.167          0               0               1          1
          (7545, 249, 2055941)     22.333          0               0               1          1
          (6145, 121, 2055941)     22.333          0               0               1          1
          (6145, 121, 2055941)      26.25          0               0               1          1
          (6145, 121, 2055941)     26.417          0               0               1          1
          (6145, 121, 2055941)     28.167          0               0               1          1
          (6145, 121, 2055941)     30.417          0               0               1          1
          (8009, 123, 2055941)     22.333          0               0               1          1
          (8009, 123, 2055941)      24.25          0               0               1          1
          (7761, 125, 2055941)     22.333          0               0               1          1
          (6657, 107, 2055941)     22.333          0               0               1          1
           (7249, 99, 2055941)     22.333          0               0               1          1
           (6145, 25, 2055941)     22.333          0               0               1          1
           (6657, 49, 2055941)     22.333          0               0               1          1
          (4731, 121, 2055941)     22.333          0               0               1          1
           (7169, 99, 2055941)     22.333          0               0               1          1
           (6147, 91, 2055941)     22.333          0               0               1          1
           (8161, 91, 2055941)     22.333          0               0               1          1
          (7125, 123, 2055941)     22.333          0               0               1          1
          (7257, 121, 2055941)     22.333          0               0               1          1
          (6145, 101, 2055941)     22.333          0               0               1          1
          (8007, 123, 2055941)     22.333          0               0               1          1
           (7681, 33, 2055941)     22.333          0               0               1          1
           (6213, 73, 2055941)     22.333          0               0               1          1
           (6465, 67, 2055941)     22.333          0               0               1          1
          (8185, 251, 2055941)     22.417          0               0               1          1
          (8117, 123, 2055941)     22.417          0               0               1          1
          (5589, 113, 2055941)     22.417          0               0               1          1
          (7541, 123, 2055941)     22.417          0               0               1          1
          (7541, 123, 2055941)     24.333          0               0               1          1
          (7541, 123, 2055941)     28.417          0               0               1          1
          (7795, 127, 2055941)     22.417          0               0               1          1
          (7409, 127, 2055941)     22.417          0               0               1          1
          (6867, 123, 2055941)     22.417          0               0               1          1
          (7289, 107, 2055941)     22.417          0               0               1          1
           (7763, 91, 2055941)     22.417          0               0               1          1
           (7763, 91, 2055941)     26.417          0               0               1          1
           (7425, 45, 2055941)     22.417          0               0               1          1
          (8017, 255, 2055941)       22.5          0               0               1          1
          (6213, 249, 2055941)       22.5          0               0               1          1
          (6757, 123, 2055941)       22.5          0               0               1          1
          (6601, 233, 2055941)       22.5          0               0               1          1
          (7879, 127, 2055941)     22.833          0               0               1          1
          (8057, 127, 2055941)     24.083          0               0               1          1
          (5461, 125, 2055941)     24.083          0               0               1          1
          (7749, 253, 2055941)     24.083          0               0               1          1
          (6349, 121, 2055941)     24.083          0               0               1          1
          (5845, 125, 2055941)     24.167          0               0               1          1
          (3329, 123, 2055941)     24.167          0               0               0          1
          (4707, 123, 2055941)     24.167          0               0               0          1
          (7749, 121, 2055941)     24.167          0               0               1          1
          (5477, 121, 2055941)     24.167          0               0               1          1
          (7489, 241, 2055941)     24.167          0               0               1          1
          (8003, 121, 2055941)     24.167          0               0               1          1
          (8051, 121, 2055941)     24.167          0               0               1          1
          (8157, 127, 2055941)     24.167          0               0               1          1
          (7135, 123, 2055941)     24.167          0               0               0          1
          (5729, 121, 2055941)     24.167          0               0               1          1
          (6305, 121, 2055941)     24.167          0               0               1          1
           (6339, 99, 2055941)     24.167          0               0               1          1
          (6145, 113, 2055941)     24.167          0               0               1          1
          (6145, 113, 2055941)     28.417          0               0               1          1
          (6145, 113, 2055941)       32.5          0               0               1          1
          (7505, 109, 2055941)     24.167          0               0               1          1
          (7669, 127, 2055941)      24.25          0               0               1          1
          (8021, 127, 2055941)      24.25          0               0               1          1
          (6517, 127, 2055941)      24.25          0               0               1          1
          (7897, 251, 2055941)      24.25          0               0               1          1
          (7509, 127, 2055941)      24.25          0               0               1          1
          (7417, 251, 2055941)      24.25          0               0               1          1
          (8181, 123, 2055941)      24.25          0               0               1          1
          (6457, 251, 2055941)      24.25          0               0               1          1
          (7747, 251, 2055941)      24.25          0               0               1          1
          (8099, 123, 2055941)      24.25          0               0               1          1
          (7909, 123, 2055941)      24.25          0               0               1          1
          (7909, 123, 2055941)     26.333          0               0               1          1
          (6723, 123, 2055941)      24.25          0               0               1          1
          (5581, 121, 2055941)      24.25          0               0               1          1
          (6341, 121, 2055941)      24.25          0               0               1          1
          (7657, 123, 2055941)      24.25          0               0               1          1
           (4673, 51, 2055941)      24.25          0               0               0          1
          (7873, 241, 2055941)      24.25          0               0               1          1
          (6729, 123, 2055941)      24.25          0               0               1          1
           (7425, 73, 2055941)      24.25          0               0               1          1
          (4227, 111, 2055941)      24.25          0               0               0          1
           (4737, 59, 2055941)      24.25          0               0               0          1
          (6149, 105, 2055941)      24.25          0               0               0          1
          (6149, 105, 2055941)     24.333          0               0               1          1
          (5857, 251, 2055941)     24.333          0               0               1          1
          (5443, 123, 2055941)     24.333          0               0               1          1
          (6993, 255, 2055941)     24.333          0               0               1          1
          (5479, 123, 2055941)     24.333          0               0               1          1
          (8147, 127, 2055941)     24.333          0               0               1          1
          (8001, 251, 2055941)     24.333          0               0               1          1
          (7793, 127, 2055941)     24.333          0               0               1          1
          (5473, 121, 2055941)     24.333          0               0               1          1
          (5299, 123, 2055941)     24.333          0               0               1          1
          (5351, 123, 2055941)     24.333          0               0               0          1
          (6817, 123, 2055941)     24.333          0               0               1          1
          (5617, 121, 2055941)     24.333          0               0               1          1
           (6473, 99, 2055941)     24.333          0               0               1          1
           (7363, 59, 2055941)     24.333          0               0               1          1
          (8037, 121, 2055941)     24.333          0               0               1          1
          (8037, 121, 2055941)     24.417          0               0               1          1
           (6145, 97, 2055941)     24.333          0               0               1          1
           (6145, 97, 2055941)      26.25          0               0               1          1
           (6145, 97, 2055941)     26.333          0               0               1          1
           (6145, 97, 2055941)      28.25          0               0               1          1
           (6145, 97, 2055941)     30.583          0               0               1          1
           (6145, 97, 2055941)     32.417          0               0               0          1
           (6473, 89, 2055941)     24.333          0               0               1          1
           (6745, 93, 2055941)     24.333          0               0               1          1
          (6499, 107, 2055941)     24.333          0               0               1          1
          (7169, 107, 2055941)     24.333          0               0               1          1
          (8009, 121, 2055941)     24.333          0               0               1          1
           (6433, 99, 2055941)     24.333          0               0               1          1
           (7173, 41, 2055941)     24.333          0               0               1          1
           (6657, 73, 2055941)     24.333          0               0               1          1
           (6657, 73, 2055941)       30.5          0               0               1          1
           (6657, 73, 2055941)     34.333          0               0               1          1
           (4673, 83, 2055941)     24.333          0               0               0          1
          (8169, 127, 2055941)     24.417          0               0               1          1
          (7633, 123, 2055941)     24.417          0               0               1          1
          (8161, 251, 2055941)     24.417          0               0               1          1
          (6773, 123, 2055941)     24.417          0               0               1          1
          (6773, 123, 2055941)     26.417          0               0               1          1
          (6417, 123, 2055941)     24.417          0               0               1          1
          (7783, 123, 2055941)     24.417          0               0               1          1
          (7779, 123, 2055941)     24.417          0               0               1          1
          (7509, 253, 2055941)     24.417          0               0               1          1
          (8033, 243, 2055941)     24.417          0               0               1          1
          (8169, 123, 2055941)     24.417          0               0               1          1
          (7269, 121, 2055941)     24.417          0               0               1          1
          (6745, 123, 2055941)     24.417          0               0               1          1
          (6721, 115, 2055941)     24.417          0               0               1          1
          (6721, 115, 2055941)     28.333          0               0               1          1
          (6417, 115, 2055941)     24.417          0               0               1          1
           (7169, 51, 2055941)     24.417          0               0               1          1
          (7753, 235, 2055941)     24.417          0               0               1          1
           (6531, 75, 2055941)     24.417          0               0               1          1
           (6913, 89, 2055941)     24.417          0               0               1          1
           (6449, 79, 2055941)     24.417          0               0               1          1
           (7169, 89, 2055941)     24.417          0               0               1          1
           (5137, 11, 2055941)     24.417          0               0               0          1
           (6449, 73, 2055941)     24.417          0               0               1          1
          (7657, 253, 2055941)       24.5          0               0               1          1
          (7893, 253, 2055941)       24.5          0               0               1          1
          (5329, 243, 2055941)       24.5          0               0               1          1
          (4593, 251, 2055941)       24.5          0               0               1          1
          (8151, 123, 2055941)       24.5          0               0               1          1
          (5989, 121, 2055941)       24.5          0               0               1          1
          (6273, 123, 2055941)       24.5          0               0               1          1
          (6629, 251, 2055941)     24.583          0               0               1          1
          (6245, 249, 2055941)     24.583          0               0               1          1
          (7793, 115, 2055941)     24.583          0               0               1          1
           (7235, 11, 2055941)     24.583          0               0               1          1
          (7525, 251, 2055941)     24.667          0               0               1          1
           (4353, 27, 2055941)     26.083          0               0               0          1
           (6145, 75, 2055941)     26.083          0               0               1          1
           (6145, 75, 2055941)     26.333          0               0               1          2
           (6145, 75, 2055941)       32.5          0               0               1          1
           (4097, 83, 2055941)     26.083          0               0               0          1
           (4097, 83, 2055941)       40.5          0               0               0          1
           (4097, 67, 2055941)     26.083          0               0               0          1
           (4097, 67, 2055941)     30.083          0               0               0          1
          (6265, 123, 2055941)     26.167          0               0               1          1
          (5491, 121, 2055941)     26.167          0               0               1          1
          (7763, 111, 2055941)     26.167          0               0               1          1
          (6499, 121, 2055941)     26.167          0               0               1          1
           (5377, 89, 2055941)     26.167          0               0               1          1
          (6273, 121, 2055941)     26.167          0               0               1          1
          (7753, 121, 2055941)     26.167          0               0               1          1
          (7505, 123, 2055941)     26.167          0               0               1          1
          (4819, 253, 2055941)     26.167          0               0               1          1
           (5377, 67, 2055941)     26.167          0               0               1          1
           (5123, 19, 2055941)     26.167          0               0               0          1
          (6755, 127, 2055941)      26.25          0               0               1          1
          (7649, 127, 2055941)      26.25          0               0               0          1
          (8103, 127, 2055941)      26.25          0               0               1          1
          (6401, 121, 2055941)      26.25          0               0               1          1
          (6241, 121, 2055941)      26.25          0               0               1          1
          (8033, 123, 2055941)      26.25          0               0               1          1
          (6993, 121, 2055941)      26.25          0               0               1          1
          (6727, 125, 2055941)      26.25          0               0               1          1
          (7393, 123, 2055941)      26.25          0               0               1          1
          (7655, 123, 2055941)      26.25          0               0               1          1
          (6505, 127, 2055941)      26.25          0               0               1          1
          (5971, 113, 2055941)      26.25          0               0               1          1
          (7523, 119, 2055941)      26.25          0               0               1          1
           (7169, 75, 2055941)      26.25          0               0               1          1
          (6337, 113, 2055941)      26.25          0               0               1          1
           (5129, 75, 2055941)      26.25          0               0               0          1
           (4099, 75, 2055941)      26.25          0               0               0          1
           (7427, 75, 2055941)      26.25          0               0               1          1
           (5121, 91, 2055941)      26.25          0               0               1          1
           (4097, 81, 2055941)      26.25          0               0               0          1
           (4097, 81, 2055941)      30.25          0               0               0          2
           (4097, 81, 2055941)     34.417          0               0               0          1
           (4097, 81, 2055941)     36.333          0               0               0          1
           (6144, 65, 2055941)      26.25          0               0               1          1
           (5121, 59, 2055941)      26.25          0               0               0          1
           (5121, 59, 2055941)       30.5          0               0               1          1
           (5121, 59, 2055941)     34.583          0               0               0          1
          (5503, 127, 2055941)     26.333          0               0               0          1
          (7669, 123, 2055941)     26.333          0               0               1          1
          (7125, 251, 2055941)     26.333          0               0               1          1
          (6089, 127, 2055941)     26.333          0               0               1          1
          (5461, 123, 2055941)     26.333          0               0               0          1
          (7797, 127, 2055941)     26.333          0               0               1          1
          (7037, 127, 2055941)     26.333          0               0               1          1
          (5587, 123, 2055941)     26.333          0               0               1          1
          (8085, 127, 2055941)     26.333          0               0               1          1
          (6517, 121, 2055941)     26.333          0               0               1          1
          (7745, 241, 2055941)     26.333          0               0               1          1
          (6979, 123, 2055941)     26.333          0               0               1          1
          (6489, 249, 2055941)     26.333          0               0               1          1
          (6612, 123, 2055941)     26.333          0               0               1          1
          (7365, 123, 2055941)     26.333          0               0               1          1
           (6185, 99, 2055941)     26.333          0               0               1          1
           (7169, 97, 2055941)     26.333          0               0               1          2
          (6145, 225, 2055941)     26.333          0               0               1          1
          (6145, 225, 2055941)     34.333          0               0               1          1
          (6501, 121, 2055941)     26.333          0               0               0          1
           (7169, 91, 2055941)     26.333          0               0               1          1
           (7169, 91, 2055941)     32.417          0               0               1          1
           (6657, 19, 2055941)     26.333          0               0               1          1
          (8011, 121, 2055941)     26.333          0               0               1          1
           (6145, 65, 2055941)     26.333          0               0               1          1
           (6145, 65, 2055941)      28.25          0               0               1          1
           (6145, 65, 2055941)       30.5          0               0               1          1
           (6145, 65, 2055941)     32.417          0               0               1          1
           (6145, 65, 2055941)     34.167          0               0               1          1
           (6145, 65, 2055941)      34.25          0               0               1          1
            (6721, 3, 2055941)     26.333          0               0               1          1
           (6273, 25, 2055941)     26.333          0               0               1          1
           (6721, 67, 2055941)     26.333          0               0               1          1
           (7169, 33, 2055941)     26.333          0               0               1          1
           (6161, 67, 2055941)     26.333          0               0               1          1
          (7953, 111, 2055941)     26.333          0               0               1          1
           (6721, 75, 2055941)     26.333          0               0               0          1
           (7169, 17, 2055941)     26.333          0               0               1          1
           (5137, 67, 2055941)     26.333          0               0               1          1
           (4961, 89, 2055941)     26.333          0               0               0          1
          (6741, 251, 2055941)     26.417          0               0               1          1
          (6981, 249, 2055941)     26.417          0               0               1          1
          (7513, 253, 2055941)     26.417          0               0               1          1
          (7493, 249, 2055941)     26.417          0               0               1          1
          (7673, 123, 2055941)     26.417          0               0               1          1
          (7897, 123, 2055941)     26.417          0               0               1          1
          (7489, 123, 2055941)     26.417          0               0               1          1
          (7489, 123, 2055941)     28.333          0               0               1          1
          (7365, 125, 2055941)     26.417          0               0               1          1
           (6145, 57, 2055941)     26.417          0               0               1          1
           (6145, 57, 2055941)     32.417          0               0               1          1
           (6145, 57, 2055941)     36.333          0               0               1          1
          (5443, 107, 2055941)     26.417          0               0               0          1
          (6403, 107, 2055941)     26.417          0               0               1          1
           (7425, 83, 2055941)     26.417          0               0               1          1
           (6149, 49, 2055941)     26.417          0               0               1          1
           (7169, 83, 2055941)     26.417          0               0               1          1
           (6405, 33, 2055941)     26.417          0               0               1          1
           (6657, 65, 2055941)     26.417          0               0               1          1
           (7425, 41, 2055941)     26.417          0               0               1          1
          (6145, 145, 2055941)     26.417          0               0               1          1
          (6145, 145, 2055941)       38.5          0               0               1          1
           (6721, 83, 2055941)     26.417          0               0               1          1
           (6177, 35, 2055941)     26.417          0               0               1          1
          (7909, 247, 2055941)       26.5          0               0               1          1
          (7031, 251, 2055941)       26.5          0               0               0          1
          (6593, 255, 2055941)       26.5          0               0               1          1
          (7701, 249, 2055941)       26.5          0               0               1          1
          (6483, 251, 2055941)       26.5          0               0               1          1
          (6483, 251, 2055941)     30.417          0               0               0          1
          (6997, 127, 2055941)       26.5          0               0               1          1
          (7397, 123, 2055941)       26.5          0               0               1          1
           (6929, 51, 2055941)       26.5          0               0               1          1
           (6401, 91, 2055941)       26.5          0               0               1          1
          (6161, 105, 2055941)       26.5          0               0               1          1
           (6401, 67, 2055941)       26.5          0               0               1          1
           (5139, 51, 2055941)       26.5          0               0               0          1
          (6661, 123, 2055941)     26.583          0               0               1          1
           (6721, 59, 2055941)     26.583          0               0               1          1
           (6467, 99, 2055941)     26.667          0               0               1          1
          (7493, 253, 2055941)      26.75          0               0               1          1
          (6403, 235, 2055941)     28.083          0               0               1          1
          (5457, 109, 2055941)     28.083          0               0               1          1
           (4163, 91, 2055941)     28.083          0               0               0          1
          (7715, 127, 2055941)     28.167          0               0               1          1
          (4677, 123, 2055941)     28.167          0               0               1          1
          (4677, 123, 2055941)     38.333          0               0               1          1
          (7445, 123, 2055941)     28.167          0               0               1          1
           (6145, 73, 2055941)     28.167          0               0               0          1
           (6145, 73, 2055941)     28.167          0               0               1          1
           (6145, 73, 2055941)     28.333          0               0               0          1
           (6145, 73, 2055941)     30.417          0               0               1          1
           (6145, 73, 2055941)      32.25          0               0               1          1
           (6145, 73, 2055941)     32.417          0               0               1          1
           (6145, 73, 2055941)     40.417          0               0               0          1
          (7425, 113, 2055941)     28.167          0               0               1          1
           (7427, 67, 2055941)     28.167          0               0               1          1
          (6499, 123, 2055941)      28.25          0               0               1          1
          (6433, 115, 2055941)      28.25          0               0               1          1
           (6279, 99, 2055941)      28.25          0               0               1          1
           (6209, 97, 2055941)      28.25          0               0               1          1
           (6401, 81, 2055941)      28.25          0               0               1          1
          (6145, 115, 2055941)      28.25          0               0               1          1
          (6145, 115, 2055941)     30.667          0               0               1          1
          (5377, 203, 2055941)      28.25          0               0               1          1
           (4097, 65, 2055941)      28.25          0               0               0          1
           (4097, 65, 2055941)     44.417          0               0               0          1
           (4097, 91, 2055941)      28.25          0               0               0          1
           (4609, 73, 2055941)      28.25          0               0               0          1
           (4673, 73, 2055941)      28.25          0               0               1          1
          (7525, 127, 2055941)     28.333          0               0               1          1
          (7523, 127, 2055941)     28.333          0               0               0          1
          (6209, 115, 2055941)     28.333          0               0               1          1
          (6209, 115, 2055941)     30.417          0               0               1          1
          (6709, 123, 2055941)     28.333          0               0               1          1
           (6211, 91, 2055941)     28.333          0               0               1          1
          (6943, 123, 2055941)     28.333          0               0               1          1
           (7169, 41, 2055941)     28.333          0               0               1          1
           (7169, 87, 2055941)     28.333          0               0               1          1
           (6657, 59, 2055941)     28.333          0               0               1          1
           (7681, 49, 2055941)     28.333          0               0               1          1
           (6149, 85, 2055941)     28.333          0               0               1          1
          (6281, 107, 2055941)     28.333          0               0               0          1
           (6913, 83, 2055941)     28.333          0               0               1          1
           (6659, 67, 2055941)     28.333          0               0               1          1
           (6913, 73, 2055941)     28.333          0               0               1          1
           (6657, 43, 2055941)     28.333          0               0               1          1
           (6209, 73, 2055941)     28.333          0               0               1          1
          (6129, 255, 2055941)     28.417          0               0               0          1
          (8053, 123, 2055941)     28.417          0               0               1          1
          (5075, 127, 2055941)     28.417          0               0               1          1
          (7779, 107, 2055941)     28.417          0               0               1          1
          (7201, 123, 2055941)     28.417          0               0               1          1
          (7367, 123, 2055941)     28.417          0               0               0          1
           (6145, 83, 2055941)     28.417          0               0               1          2
           (6145, 83, 2055941)     30.417          0               0               1          1
           (6145, 83, 2055941)     32.417          0               0               0          1
           (6145, 83, 2055941)     34.333          0               0               1          1
           (6983, 89, 2055941)     28.417          0               0               1          1
           (6161, 75, 2055941)     28.417          0               0               1          1
           (4609, 51, 2055941)     28.417          0               0               0          1
           (5121, 83, 2055941)     28.417          0               0               1          1
          (5493, 123, 2055941)       28.5          0               0               1          1
          (8033, 251, 2055941)       28.5          0               0               1          1
          (5619, 123, 2055941)       28.5          0               0               1          1
            (6401, 9, 2055941)       28.5          0               0               1          1
           (6741, 91, 2055941)       28.5          0               0               1          1
          (5633, 107, 2055941)       28.5          0               0               1          1
          (6657, 169, 2055941)       28.5          0               0               0          1
          (7441, 241, 2055941)     28.583          0               0               1          1
          (7753, 255, 2055941)     28.583          0               0               1          1
          (7635, 127, 2055941)     28.583          0               0               1          1
          (6209, 243, 2055941)     28.583          0               0               1          1
          (6041, 233, 2055941)     28.583          0               0               1          1
          (5595, 123, 2055941)     28.583          0               0               1          1
           (6657, 17, 2055941)     28.583          0               0               1          1
           (5185, 51, 2055941)     28.583          0               0               0          1
          (6883, 127, 2055941)     28.667          0               0               1          1
          (6145, 117, 2055941)     28.667          0               0               1          1
          (7177, 171, 2055941)     28.667          0               0               1          1
           (4609, 67, 2055941)       30.0          0               0               0          1
           (4609, 67, 2055941)     34.333          0               0               0          1
          (6759, 127, 2055941)     30.083          0               0               1          1
          (5753, 127, 2055941)     30.167          0               0               0          1
          (7985, 123, 2055941)     30.167          0               0               1          1
           (5137, 19, 2055941)     30.167          0               0               0          1
           (6465, 59, 2055941)      30.25          0               0               0          1
          (8129, 251, 2055941)      30.25          0               0               1          1
           (7683, 89, 2055941)      30.25          0               0               1          1
          (6465, 121, 2055941)      30.25          0               0               1          1
          (7177, 107, 2055941)      30.25          0               0               0          1
           (6145, 17, 2055941)      30.25          0               0               1          1
           (6145, 17, 2055941)       32.5          0               0               1          1
           (6145, 17, 2055941)       34.5          0               0               1          1
           (6145, 17, 2055941)     38.417          0               0               1          1
           (7169, 73, 2055941)      30.25          0               0               1          1
           (6145, 77, 2055941)      30.25          0               0               0          1
           (6145, 41, 2055941)      30.25          0               0               0          1
           (6145, 41, 2055941)     32.583          0               0               1          1
           (6145, 41, 2055941)     38.417          0               0               0          1
          (6779, 255, 2055941)     30.333          0               0               0          1
          (7491, 121, 2055941)     30.333          0               0               1          1
          (7797, 123, 2055941)     30.333          0               0               1          1
           (6145, 49, 2055941)     30.333          0               0               1          1
           (6145, 49, 2055941)       30.5          0               0               1          1
           (6145, 49, 2055941)     34.417          0               0               1          1
           (6145, 49, 2055941)       34.5          0               0               0          1
          (6729, 225, 2055941)     30.333          0               0               1          1
          (6145, 109, 2055941)     30.333          0               0               1          1
           (6145, 69, 2055941)     30.333          0               0               1          1
           (7169, 11, 2055941)     30.333          0               0               1          1
           (7169, 11, 2055941)     36.583          0               0               1          1
           (6405, 89, 2055941)     30.333          0               0               1          1
           (4161, 91, 2055941)     30.333          0               0               0          1
           (4161, 91, 2055941)       42.5          0               0               0          1
          (6913, 107, 2055941)     30.333          0               0               1          1
          (5129, 137, 2055941)     30.333          0               0               0          1
           (4609, 19, 2055941)     30.333          0               0               0          1
           (4609, 19, 2055941)     36.167          0               0               0          1
          (8049, 123, 2055941)     30.417          0               0               1          1
          (7441, 249, 2055941)     30.417          0               0               1          1
          (7765, 123, 2055941)     30.417          0               0               1          1
          (6739, 123, 2055941)     30.417          0               0               1          1
          (7425, 203, 2055941)     30.417          0               0               0          1
          (6675, 123, 2055941)     30.417          0               0               0          1
          (6933, 121, 2055941)     30.417          0               0               1          1
            (6209, 1, 2055941)     30.417          0               0               1          1
            (6145, 9, 2055941)     30.417          0               0               1          1
            (6145, 9, 2055941)       34.5          0               0               0          1
            (6145, 9, 2055941)       36.5          0               0               1          1
          (7489, 107, 2055941)     30.417          0               0               1          1
          (5121, 115, 2055941)     30.417          0               0               0          1
          (5121, 115, 2055941)       38.5          0               0               1          1
           (6147, 27, 2055941)     30.417          0               0               1          1
           (7169, 43, 2055941)     30.417          0               0               1          1
           (6657, 25, 2055941)     30.417          0               0               1          1
          (7489, 211, 2055941)     30.417          0               0               1          1
           (6241, 75, 2055941)     30.417          0               0               1          1
           (4353, 11, 2055941)     30.417          0               0               0          1
           (4353, 11, 2055941)     38.167          0               0               0          1
          (5973, 123, 2055941)       30.5          0               0               1          1
          (7633, 251, 2055941)       30.5          0               0               1          1
            (7169, 1, 2055941)       30.5          0               0               1          1
          (6177, 177, 2055941)       30.5          0               0               1          1
          (6147, 123, 2055941)       30.5          0               0               1          1
          (4163, 115, 2055941)       30.5          0               0               0          1
           (5701, 81, 2055941)       30.5          0               0               1          1
           (6147, 43, 2055941)       30.5          0               0               0          1
           (7939, 51, 2055941)       30.5          0               0               1          1
           (7169, 25, 2055941)       30.5          0               0               1          1
           (7169, 25, 2055941)       32.5          0               0               0          1
           (7265, 83, 2055941)       30.5          0               0               1          1
           (6733, 59, 2055941)     30.583          0               0               1          1
           (6211, 99, 2055941)     30.583          0               0               0          1
           (7441, 19, 2055941)     30.583          0               0               0          1
          (7665, 251, 2055941)     30.667          0               0               1          1
          (7889, 251, 2055941)     30.667          0               0               1          1
          (7465, 123, 2055941)     30.667          0               0               1          1
          (6157, 249, 2055941)     30.667          0               0               1          1
          (6209, 123, 2055941)     30.667          0               0               1          1
          (5589, 255, 2055941)      30.75          0               0               1          1
            (6145, 1, 2055941)     32.083          0               0               0          1
            (6145, 1, 2055941)       34.5          0               0               1          1
            (6145, 1, 2055941)       36.5          0               0               1          1
            (6145, 1, 2055941)     36.667          0               0               1          1
           (6337, 73, 2055941)     32.083          0               0               1          1
          (4099, 115, 2055941)     32.167          0               0               0          1
           (4097, 97, 2055941)     32.167          0               0               0          1
           (4097, 97, 2055941)     36.167          0               0               0          1
           (4225, 67, 2055941)     32.167          0               0               0          1
           (6145, 33, 2055941)     32.167          0               0               1          1
           (6145, 33, 2055941)      34.25          0               0               1          1
           (6145, 33, 2055941)     36.417          0               0               1          1
           (5121, 81, 2055941)     32.167          0               0               0          1
           (5121, 81, 2055941)      32.25          0               0               0          1
           (5121, 81, 2055941)     36.583          0               0               0          1
           (7427, 91, 2055941)     32.167          0               0               1          1
          (5185, 131, 2055941)      32.25          0               0               0          1
          (5637, 105, 2055941)      32.25          0               0               1          1
          (7233, 121, 2055941)      32.25          0               0               1          1
           (6465, 65, 2055941)      32.25          0               0               1          1
           (4609, 83, 2055941)      32.25          0               0               0          1
           (4609, 83, 2055941)     32.417          0               0               0          1
            (4353, 9, 2055941)      32.25          0               0               0          1
          (4161, 131, 2055941)      32.25          0               0               0          1
          (5381, 121, 2055941)     32.333          0               0               1          1
          (8001, 241, 2055941)     32.333          0               0               1          1
           (6401, 89, 2055941)     32.333          0               0               1          1
           (6145, 91, 2055941)     32.333          0               0               1          1
           (6149, 89, 2055941)     32.333          0               0               0          1
           (4353, 35, 2055941)     32.333          0               0               0          1
           (4865, 89, 2055941)     32.333          0               0               0          1
           (4097, 35, 2055941)     32.333          0               0               0          1
           (4097, 35, 2055941)       38.5          0               0               0          1
          (5185, 179, 2055941)     32.333          0               0               0          1
          (5651, 123, 2055941)     32.417          0               0               1          1
          (6977, 243, 2055941)     32.417          0               0               1          1
           (6149, 25, 2055941)     32.417          0               0               1          1
           (6145, 19, 2055941)     32.417          0               0               1          1
           (6145, 19, 2055941)     36.667          0               0               1          1
           (7201, 73, 2055941)     32.417          0               0               0          1
          (4097, 123, 2055941)     32.417          0               0               0          1
          (8061, 123, 2055941)       32.5          0               0               1          1
          (7285, 251, 2055941)       32.5          0               0               1          1
           (6403, 81, 2055941)       32.5          0               0               1          1
          (8011, 123, 2055941)       32.5          0               0               1          1
           (6149, 97, 2055941)     32.583          0               0               1          1
           (6405, 73, 2055941)     32.583          0               0               0          1
           (6657, 75, 2055941)     32.583          0               0               1          1
          (6217, 107, 2055941)     32.667          0               0               1          1
          (6721, 251, 2055941)     32.833          0               0               1          1
            (4097, 1, 2055941)     34.083          0               0               0          1
            (4097, 1, 2055941)       42.5          0               0               0          1
            (5121, 3, 2055941)      34.25          0               0               0          1
           (4097, 17, 2055941)      34.25          0               0               0          1
           (4097, 17, 2055941)     36.417          0               0               0          2
           (4097, 17, 2055941)       36.5          0               0               1          1
           (4097, 17, 2055941)     38.167          0               0               0          1
           (4097, 17, 2055941)      38.25          0               0               0          1
           (4097, 17, 2055941)     38.417          0               0               0          1
           (4097, 17, 2055941)     40.333          0               0               0          1
           (4097, 17, 2055941)     40.583          0               0               0          1
           (4097, 17, 2055941)      44.25          0               0               0          1
           (4097, 17, 2055941)     44.333          0               0               0          1
          (6209, 225, 2055941)     34.333          0               0               1          1
            (6657, 3, 2055941)     34.333          0               0               0          1
           (7169, 49, 2055941)     34.333          0               0               1          1
          (6145, 171, 2055941)     34.333          0               0               1          1
           (4097, 25, 2055941)     34.333          0               0               0          1
           (6273, 97, 2055941)     34.417          0               0               1          1
           (6465, 17, 2055941)     34.417          0               0               1          1
          (6145, 107, 2055941)     34.417          0               0               1          1
          (7585, 115, 2055941)       34.5          0               0               1          1
           (7233, 51, 2055941)       34.5          0               0               1          1
           (6403, 91, 2055941)       34.5          0               0               0          1
           (6161, 33, 2055941)       34.5          0               0               1          1
           (6161, 33, 2055941)     38.583          0               0               1          1
           (4115, 19, 2055941)       34.5          0               0               0          1
          (4161, 105, 2055941)       34.5          0               0               0          1
          (4161, 105, 2055941)     40.583          0               0               0          1
           (5121, 49, 2055941)       34.5          0               0               0          1
           (4105, 43, 2055941)       34.5          0               0               0          1
           (4105, 43, 2055941)     36.333          0               0               0          1
          (7413, 123, 2055941)     34.583          0               0               1          1
           (7425, 67, 2055941)     34.583          0               0               1          1
           (6401, 59, 2055941)     34.583          0               0               1          1
           (6147, 19, 2055941)     34.583          0               0               1          1
           (5699, 43, 2055941)     34.583          0               0               0          1
           (4161, 99, 2055941)     36.167          0               0               0          1
          (7681, 113, 2055941)      36.25          0               0               1          1
          (5121, 107, 2055941)     36.333          0               0               0          1
          (4101, 211, 2055941)     36.333          0               0               0          1
           (4113, 19, 2055941)     36.333          0               0               0          1
          (6145, 217, 2055941)     36.417          0               0               1          1
           (4097, 33, 2055941)     36.417          0               0               0          1
           (5121, 27, 2055941)     36.417          0               0               0          1
           (4097, 27, 2055941)     36.417          0               0               0          1
           (4129, 67, 2055941)       36.5          0               0               0          1
           (4113, 81, 2055941)       36.5          0               0               0          1
          (7681, 249, 2055941)     36.583          0               0               1          1
            (6465, 3, 2055941)     36.583          0               0               0          1
          (6401, 169, 2055941)     36.583          0               0               1          1
           (6145, 67, 2055941)     36.583          0               0               1          1
           (6401, 11, 2055941)     36.583          0               0               0          1
            (4097, 9, 2055941)      38.25          0               0               0          1
           (4097, 73, 2055941)      38.25          0               0               0          1
           (4097, 73, 2055941)       42.5          0               0               0          1
           (4097, 11, 2055941)      38.25          0               0               0          1
          (6145, 137, 2055941)     38.333          0               0               1          1
          (4097, 163, 2055941)     38.333          0               0               0          1
          (4097, 177, 2055941)     38.417          0               0               0          1
           (4097, 19, 2055941)     38.417          0               0               0          1
            (4097, 3, 2055941)     38.417          0               0               0          1
          (4441, 121, 2055941)       38.5          0               0               0          1
           (5121, 75, 2055941)       38.5          0               0               0          1
          (5633, 113, 2055941)     38.583          0               0               1          1
           (6145, 27, 2055941)      38.75          0               0               1          1
          (6465, 251, 2055941)      38.75          0               0               1          1
           (2561, 57, 2055941)      38.75          0               0               0          1
           (4113, 11, 2055941)      40.25          0               0               0          1
           (4353, 97, 2055941)     40.333          0               0               0          1
           (4097, 49, 2055941)     40.333          0               0               0          1
           (4161, 41, 2055941)     40.333          0               0               0          1
           (4097, 41, 2055941)     40.333          0               0               0          1
           (6145, 35, 2055941)       40.5          0               0               1          1
           (6145, 99, 2055941)     40.583          0               0               1          1
          (4097, 113, 2055941)      42.75          0               0               0          1
           (4097, 57, 2055941)      44.25          0               0               0          1
           (4097, 57, 2055941)     46.417          0               0               0          1
           (4225, 33, 2055941)     44.417          0               0               0          1
           (4163, 83, 2055941)     46.417          0               0               0          1
           (4099, 43, 2055941)     48.417          0               0               1          1
