inputs: 2055941/1000 samples
                      [output]   [energy]  [A*B=out] [truth of cfas] [truth of chains]      [num]
          (7415, 127, 2055941)     12.083          0               0               1          1
          (7415, 127, 2055941)      26.25          0               0               1          1
          (7035, 127, 2055941)     12.167          0               0               1          1
          (7035, 127, 2055941)     18.167          0               0               1          1
          (7035, 127, 2055941)     20.167          0               0               1          1
           (6731, 99, 2055941)      12.25          0               0               1          1
          (7163, 127, 2055941)     14.167          0               0               1          1
          (7163, 127, 2055941)     16.333          0               0               1          1
          (7163, 127, 2055941)       26.5          0               0               1          1
          (5989, 251, 2055941)      14.25          0               0               1          1
          (8135, 127, 2055941)      14.25          0               0               1          1
          (7807, 123, 2055941)      14.25          0               0               1          1
          (7779, 127, 2055941)     16.083          0               0               1          1
          (7973, 127, 2055941)     16.083          0               0               1          1
          (7973, 127, 2055941)     20.083          0               0               1          1
          (7933, 127, 2055941)     16.083          0               0               1          1
          (7523, 123, 2055941)     16.167          0               0               1          1
          (7149, 121, 2055941)     16.167          0               0               1          1
          (6913, 255, 2055941)      16.25          0               0               1          1
          (7637, 253, 2055941)      16.25          0               0               1          1
          (7417, 123, 2055941)      16.25          0               0               1          1
          (5093, 123, 2055941)      16.25          0               0               1          1
          (5867, 127, 2055941)     16.333          0               0               1          1
          (5983, 123, 2055941)     16.333          0               0               1          1
          (7533, 249, 2055941)     16.333          0               0               1          1
          (5855, 123, 2055941)     16.417          0               0               1          1
          (8159, 123, 2055941)     16.417          0               0               1          1
          (6483, 251, 2055941)     18.083          0               0               1          1
          (6181, 123, 2055941)     18.083          0               0               1          1
          (6947, 115, 2055941)     18.083          0               0               1          1
          (8027, 127, 2055941)     18.167          0               0               1          1
          (7887, 123, 2055941)     18.167          0               0               1          1
          (7887, 123, 2055941)       26.5          0               0               0          1
          (6895, 123, 2055941)     18.167          0               0               1          1
          (6803, 107, 2055941)     18.167          0               0               1          1
          (6401, 123, 2055941)      18.25          0               0               1          1
          (8039, 123, 2055941)      18.25          0               0               1          1
          (8039, 123, 2055941)     28.417          0               0               1          1
          (5733, 123, 2055941)      18.25          0               0               1          1
          (8055, 127, 2055941)      18.25          0               0               1          1
          (8055, 127, 2055941)     22.333          0               0               1          1
          (7765, 125, 2055941)      18.25          0               0               1          1
          (7765, 125, 2055941)     32.167          0               0               1          1
          (7931, 127, 2055941)      18.25          0               0               1          1
          (7931, 127, 2055941)       26.5          0               0               1          1
          (7375, 123, 2055941)      18.25          0               0               0          1
          (6425, 123, 2055941)      18.25          0               0               1          1
          (7985, 249, 2055941)      18.25          0               0               1          1
          (7031, 127, 2055941)      18.25          0               0               1          1
          (7539, 123, 2055941)      18.25          0               0               1          1
          (7829, 125, 2055941)      18.25          0               0               1          1
          (7753, 107, 2055941)      18.25          0               0               1          1
          (6477, 121, 2055941)      18.25          0               0               1          1
          (5535, 107, 2055941)      18.25          0               0               1          1
          (6953, 123, 2055941)      18.25          0               0               1          1
          (7157, 255, 2055941)     18.333          0               0               1          1
          (7157, 255, 2055941)     22.333          0               0               1          1
          (7157, 255, 2055941)     32.333          0               0               1          1
          (6493, 121, 2055941)     18.333          0               0               1          1
          (7769, 123, 2055941)     18.333          0               0               1          1
          (8031, 251, 2055941)     18.333          0               0               1          1
          (7001, 121, 2055941)     18.333          0               0               1          1
          (6649, 253, 2055941)     18.333          0               0               1          1
          (7785, 251, 2055941)     18.417          0               0               1          1
          (4975, 123, 2055941)     18.417          0               0               1          1
          (7125, 121, 2055941)     18.417          0               0               1          1
          (8041, 125, 2055941)     18.417          0               0               1          1
          (7369, 121, 2055941)     18.417          0               0               1          1
          (8105, 123, 2055941)     20.083          0               0               1          1
          (6493, 127, 2055941)     20.083          0               0               1          1
          (7155, 123, 2055941)     20.083          0               0               1          1
          (7415, 115, 2055941)     20.083          0               0               1          1
          (8021, 253, 2055941)     20.167          0               0               0          1
          (8021, 253, 2055941)      20.25          0               0               1          1
          (8021, 253, 2055941)     20.417          0               0               1          1
          (8021, 253, 2055941)     24.167          0               0               1          1
          (6987, 127, 2055941)     20.167          0               0               1          1
          (7779, 123, 2055941)     20.167          0               0               1          1
          (7017, 253, 2055941)     20.167          0               0               1          1
          (8049, 123, 2055941)     20.167          0               0               1          1
          (7927, 127, 2055941)     20.167          0               0               1          1
          (6449, 125, 2055941)     20.167          0               0               1          1
          (7975, 111, 2055941)     20.167          0               0               1          1
          (6469, 121, 2055941)      20.25          0               0               1          1
          (7163, 255, 2055941)      20.25          0               0               1          1
          (8033, 249, 2055941)      20.25          0               0               1          1
          (6387, 127, 2055941)      20.25          0               0               1          1
          (8001, 243, 2055941)      20.25          0               0               1          1
          (7003, 127, 2055941)      20.25          0               0               1          1
          (5989, 123, 2055941)      20.25          0               0               1          1
          (6467, 115, 2055941)      20.25          0               0               1          1
          (6245, 249, 2055941)      20.25          0               0               1          1
          (7123, 123, 2055941)      20.25          0               0               1          1
          (7123, 123, 2055941)      24.25          0               0               1          1
          (6903, 127, 2055941)      20.25          0               0               1          1
          (6467, 127, 2055941)      20.25          0               0               1          1
          (8039, 127, 2055941)      20.25          0               0               1          1
          (6877, 121, 2055941)      20.25          0               0               1          1
          (6877, 121, 2055941)     28.417          0               0               1          1
          (6863, 123, 2055941)      20.25          0               0               1          1
          (6863, 123, 2055941)       22.5          0               0               1          1
          (7441, 107, 2055941)      20.25          0               0               1          1
          (8173, 255, 2055941)     20.333          0               0               1          1
          (5499, 127, 2055941)     20.333          0               0               1          1
          (8005, 255, 2055941)     20.333          0               0               1          1
          (8005, 255, 2055941)     28.417          0               0               1          1
          (7013, 123, 2055941)     20.333          0               0               1          1
          (7013, 123, 2055941)     22.333          0               0               1          1
          (5745, 123, 2055941)     20.333          0               0               1          1
          (8025, 249, 2055941)     20.333          0               0               1          1
          (6971, 255, 2055941)     20.333          0               0               1          1
          (7917, 249, 2055941)     20.333          0               0               1          1
          (6741, 253, 2055941)     20.333          0               0               1          1
          (5715, 121, 2055941)     20.333          0               0               1          1
          (8059, 127, 2055941)     20.333          0               0               0          1
          (8059, 127, 2055941)      24.25          0               0               1          1
          (7659, 123, 2055941)     20.333          0               0               1          1
          (6355, 123, 2055941)     20.333          0               0               1          1
          (6355, 123, 2055941)     26.667          0               0               1          1
           (7489, 33, 2055941)     20.333          0               0               1          1
          (7165, 127, 2055941)     20.417          0               0               1          2
          (6629, 251, 2055941)     20.417          0               0               1          1
          (8183, 127, 2055941)     20.417          0               0               1          1
          (8183, 127, 2055941)     32.417          0               0               1          1
          (5909, 123, 2055941)     20.417          0               0               1          1
          (8121, 251, 2055941)     20.417          0               0               1          1
          (7973, 255, 2055941)     20.417          0               0               1          1
          (5965, 121, 2055941)     20.417          0               0               1          1
          (7697, 241, 2055941)     20.417          0               0               1          1
          (7901, 123, 2055941)     20.417          0               0               1          1
          (7367, 123, 2055941)     20.417          0               0               1          1
          (7157, 120, 2055941)       20.5          0               0               1          1
          (6993, 115, 2055941)       20.5          0               0               1          1
          (7161, 255, 2055941)     22.083          0               0               1          1
          (8113, 123, 2055941)     22.083          0               0               1          1
          (6135, 127, 2055941)     22.083          0               0               1          1
           (7169, 81, 2055941)     22.083          0               0               1          1
          (4689, 227, 2055941)     22.083          0               0               0          1
          (7897, 249, 2055941)     22.167          0               0               1          1
          (8181, 127, 2055941)     22.167          0               0               1          1
          (8181, 127, 2055941)      24.25          0               0               1          1
          (7683, 123, 2055941)     22.167          0               0               1          1
          (8017, 121, 2055941)     22.167          0               0               1          1
          (7923, 123, 2055941)     22.167          0               0               1          1
          (7923, 123, 2055941)     28.333          0               0               1          1
          (7377, 125, 2055941)     22.167          0               0               1          1
          (6993, 121, 2055941)     22.167          0               0               1          1
          (6993, 121, 2055941)     28.417          0               0               1          1
          (7517, 255, 2055941)      22.25          0               0               1          1
          (7677, 127, 2055941)      22.25          0               0               1          1
          (8181, 123, 2055941)      22.25          0               0               1          1
          (7977, 253, 2055941)      22.25          0               0               1          1
          (6997, 253, 2055941)      22.25          0               0               1          1
          (5341, 255, 2055941)      22.25          0               0               1          1
          (6137, 123, 2055941)      22.25          0               0               1          1
          (8147, 123, 2055941)      22.25          0               0               1          2
          (8147, 123, 2055941)       28.5          0               0               1          1
          (6757, 121, 2055941)      22.25          0               0               1          1
          (6757, 121, 2055941)       28.5          0               0               1          1
          (6757, 121, 2055941)       28.5          0               0               0          1
          (4853, 121, 2055941)      22.25          0               0               1          1
          (6149, 121, 2055941)      22.25          0               0               1          1
          (7123, 251, 2055941)      22.25          0               0               0          1
          (7799, 127, 2055941)      22.25          0               0               1          1
          (7739, 127, 2055941)      22.25          0               0               1          1
          (6981, 249, 2055941)      22.25          0               0               1          1
          (6473, 249, 2055941)      22.25          0               0               1          1
          (6473, 249, 2055941)     32.417          0               0               1          1
          (6771, 123, 2055941)      22.25          0               0               1          1
          (6677, 237, 2055941)      22.25          0               0               1          1
          (6345, 249, 2055941)      22.25          0               0               1          1
          (7465, 123, 2055941)      22.25          0               0               1          1
          (7251, 123, 2055941)      22.25          0               0               1          1
          (7269, 121, 2055941)      22.25          0               0               1          1
          (7589, 121, 2055941)      22.25          0               0               1          1
          (6883, 125, 2055941)      22.25          0               0               1          1
          (6145, 105, 2055941)      22.25          0               0               1          1
          (6145, 105, 2055941)      30.25          0               0               1          1
          (6145, 105, 2055941)      34.25          0               0               1          1
          (6145, 105, 2055941)       34.5          0               0               1          1
          (6145, 105, 2055941)     34.667          0               0               1          1
          (6145, 105, 2055941)       36.5          0               0               0          1
          (6145, 105, 2055941)     38.417          0               0               1          1
          (6931, 111, 2055941)      22.25          0               0               1          1
          (7759, 123, 2055941)      22.25          0               0               1          1
          (7759, 123, 2055941)     26.333          0               0               1          1
          (5669, 123, 2055941)      22.25          0               0               1          1
          (7173, 121, 2055941)      22.25          0               0               1          1
          (5073, 115, 2055941)      22.25          0               0               1          1
           (4609, 83, 2055941)      22.25          0               0               0          1
          (5489, 127, 2055941)     22.333          0               0               1          1
          (6073, 123, 2055941)     22.333          0               0               1          1
          (7165, 255, 2055941)     22.333          0               0               1          1
          (7829, 253, 2055941)     22.333          0               0               1          1
          (8133, 125, 2055941)     22.333          0               0               1          1
          (8055, 123, 2055941)     22.333          0               0               1          1
          (7507, 251, 2055941)     22.333          0               0               1          1
          (8003, 123, 2055941)     22.333          0               0               1          1
          (8003, 123, 2055941)      24.25          0               0               1          1
          (8003, 123, 2055941)     28.417          0               0               1          1
          (8153, 123, 2055941)     22.333          0               0               1          1
          (6857, 251, 2055941)     22.333          0               0               1          1
          (8089, 253, 2055941)     22.333          0               0               1          1
          (7505, 123, 2055941)     22.333          0               0               1          1
          (8051, 123, 2055941)     22.333          0               0               1          1
          (6881, 123, 2055941)     22.333          0               0               1          1
          (5097, 251, 2055941)     22.333          0               0               1          1
          (6771, 127, 2055941)     22.333          0               0               1          1
          (6977, 249, 2055941)     22.333          0               0               1          1
          (8019, 123, 2055941)     22.333          0               0               1          1
          (8019, 123, 2055941)     24.333          0               0               1          1
          (8019, 123, 2055941)      26.25          0               0               1          1
          (8019, 123, 2055941)      28.25          0               0               1          1
          (8037, 121, 2055941)     22.333          0               0               1          1
          (8191, 123, 2055941)     22.333          0               0               1          1
          (8191, 123, 2055941)       34.5          0               0               1          1
          (7715, 123, 2055941)     22.333          0               0               1          1
          (7017, 121, 2055941)     22.333          0               0               1          1
          (6401, 209, 2055941)     22.333          0               0               1          1
          (6497, 251, 2055941)     22.417          0               0               1          1
          (8053, 251, 2055941)     22.417          0               0               1          1
          (4853, 251, 2055941)     22.417          0               0               0          1
          (7513, 249, 2055941)     22.417          0               0               1          1
          (7013, 249, 2055941)     22.417          0               0               1          1
          (6577, 249, 2055941)     22.417          0               0               1          1
          (6107, 127, 2055941)     22.417          0               0               1          1
          (6505, 249, 2055941)     22.417          0               0               1          1
          (6629, 121, 2055941)     22.417          0               0               1          1
          (8185, 123, 2055941)       22.5          0               0               1          1
          (8185, 123, 2055941)       36.5          0               0               1          1
          (6717, 127, 2055941)       22.5          0               0               1          1
          (5837, 251, 2055941)       22.5          0               0               1          1
          (7973, 249, 2055941)       22.5          0               0               1          2
          (7021, 249, 2055941)       22.5          0               0               1          1
          (7887, 251, 2055941)       22.5          0               0               0          1
          (7767, 127, 2055941)       22.5          0               0               1          1
          (7881, 123, 2055941)       22.5          0               0               1          1
          (6225, 243, 2055941)       22.5          0               0               1          1
          (6823, 123, 2055941)       22.5          0               0               1          1
          (5801, 249, 2055941)     22.583          0               0               1          1
          (8053, 123, 2055941)     22.583          0               0               1          1
          (6145, 249, 2055941)     22.583          0               0               1          1
          (6145, 249, 2055941)       36.5          0               0               0          1
          (7021, 121, 2055941)     22.667          0               0               1          1
          (6401, 227, 2055941)       24.0          0               0               1          1
          (7545, 251, 2055941)     24.083          0               0               1          1
          (6467, 241, 2055941)     24.083          0               0               1          1
          (6801, 121, 2055941)     24.083          0               0               1          1
          (6787, 127, 2055941)     24.167          0               0               1          1
          (8085, 123, 2055941)     24.167          0               0               1          1
          (6233, 121, 2055941)     24.167          0               0               1          1
          (7185, 121, 2055941)     24.167          0               0               1          1
          (4931, 123, 2055941)     24.167          0               0               1          1
          (4931, 123, 2055941)     24.417          0               0               1          1
          (6911, 127, 2055941)     24.167          0               0               1          1
          (6337, 123, 2055941)     24.167          0               0               1          1
           (6465, 89, 2055941)     24.167          0               0               1          1
          (6181, 105, 2055941)     24.167          0               0               1          1
          (5203, 123, 2055941)      24.25          0               0               1          1
          (8021, 125, 2055941)      24.25          0               0               1          1
          (7025, 123, 2055941)      24.25          0               0               1          1
          (4681, 121, 2055941)      24.25          0               0               1          1
          (6769, 251, 2055941)      24.25          0               0               1          1
          (8129, 251, 2055941)      24.25          0               0               1          1
          (5961, 115, 2055941)      24.25          0               0               1          1
          (7641, 249, 2055941)      24.25          0               0               1          1
          (7015, 127, 2055941)      24.25          0               0               1          1
          (7015, 127, 2055941)     26.167          0               0               1          1
          (7503, 251, 2055941)      24.25          0               0               0          1
          (8085, 127, 2055941)      24.25          0               0               1          1
          (7633, 251, 2055941)      24.25          0               0               1          1
          (7135, 123, 2055941)      24.25          0               0               1          1
           (6657, 91, 2055941)      24.25          0               0               1          1
          (7717, 251, 2055941)      24.25          0               0               1          1
          (7113, 123, 2055941)      24.25          0               0               1          1
          (7009, 123, 2055941)      24.25          0               0               1          1
          (7643, 127, 2055941)      24.25          0               0               1          1
          (5921, 121, 2055941)      24.25          0               0               1          1
          (7105, 123, 2055941)      24.25          0               0               1          1
          (7877, 121, 2055941)      24.25          0               0               1          1
          (5995, 123, 2055941)      24.25          0               0               1          1
          (7169, 105, 2055941)      24.25          0               0               1          1
          (7169, 105, 2055941)       32.5          0               0               1          1
          (5989, 255, 2055941)     24.333          0               0               1          1
          (7013, 255, 2055941)     24.333          0               0               1          1
          (5077, 125, 2055941)     24.333          0               0               1          1
          (5461, 253, 2055941)     24.333          0               0               1          1
          (7863, 127, 2055941)     24.333          0               0               1          1
          (6419, 123, 2055941)     24.333          0               0               0          1
          (6971, 127, 2055941)     24.333          0               0               1          1
          (7011, 127, 2055941)     24.333          0               0               1          1
          (7429, 121, 2055941)     24.333          0               0               1          1
          (7127, 123, 2055941)     24.333          0               0               1          1
          (6389, 127, 2055941)     24.333          0               0               1          1
          (5649, 243, 2055941)     24.333          0               0               1          1
          (6867, 123, 2055941)     24.333          0               0               1          1
          (6867, 123, 2055941)      26.25          0               0               1          1
          (6751, 123, 2055941)     24.333          0               0               1          1
          (6611, 123, 2055941)     24.333          0               0               1          1
          (7881, 249, 2055941)     24.333          0               0               1          1
          (5221, 249, 2055941)     24.333          0               0               1          1
          (6741, 217, 2055941)     24.333          0               0               1          1
          (6211, 123, 2055941)     24.333          0               0               1          1
          (6211, 123, 2055941)     36.333          0               0               1          1
          (8047, 123, 2055941)     24.333          0               0               0          1
          (7111, 123, 2055941)     24.333          0               0               1          1
          (7111, 123, 2055941)      28.25          0               0               1          1
          (6009, 251, 2055941)     24.417          0               0               1          1
          (5853, 255, 2055941)     24.417          0               0               1          1
          (7853, 127, 2055941)     24.417          0               0               1          1
          (6965, 127, 2055941)     24.417          0               0               0          1
          (7855, 123, 2055941)     24.417          0               0               1          1
          (5877, 127, 2055941)     24.417          0               0               0          1
          (7549, 255, 2055941)     24.417          0               0               1          1
          (5445, 249, 2055941)     24.417          0               0               1          1
          (7913, 251, 2055941)     24.417          0               0               1          1
          (7673, 255, 2055941)     24.417          0               0               1          1
          (6909, 127, 2055941)     24.417          0               0               1          1
          (8061, 253, 2055941)     24.417          0               0               1          1
          (7153, 127, 2055941)     24.417          0               0               1          1
          (4319, 123, 2055941)     24.417          0               0               1          1
          (7535, 255, 2055941)     24.417          0               0               1          1
          (6297, 115, 2055941)     24.417          0               0               1          1
          (7999, 123, 2055941)     24.417          0               0               1          1
          (6853, 121, 2055941)     24.417          0               0               1          1
          (7939, 123, 2055941)     24.417          0               0               1          1
          (8087, 123, 2055941)     24.417          0               0               1          1
          (6373, 121, 2055941)     24.417          0               0               1          1
          (6341, 241, 2055941)     24.417          0               0               1          1
          (6403, 111, 2055941)     24.417          0               0               1          1
          (6657, 251, 2055941)       24.5          0               0               1          1
          (8161, 251, 2055941)       24.5          0               0               1          1
          (5929, 121, 2055941)       24.5          0               0               1          1
          (7701, 251, 2055941)       24.5          0               0               1          1
          (5349, 123, 2055941)       24.5          0               0               1          1
          (8117, 121, 2055941)       24.5          0               0               1          1
          (7141, 251, 2055941)       24.5          0               0               1          1
          (6079, 123, 2055941)       24.5          0               0               1          1
          (8165, 123, 2055941)       24.5          0               0               1          1
          (7529, 251, 2055941)       24.5          0               0               1          1
          (7529, 251, 2055941)     26.583          0               0               1          1
          (6651, 127, 2055941)       24.5          0               0               1          1
          (6183, 123, 2055941)       24.5          0               0               1          1
          (8163, 119, 2055941)       24.5          0               0               1          1
          (7481, 249, 2055941)       24.5          0               0               1          1
          (6145, 123, 2055941)       24.5          0               0               1          1
          (6145, 123, 2055941)       34.5          0               0               1          1
          (6145, 123, 2055941)     34.667          0               0               0          1
          (6145, 123, 2055941)     42.583          0               0               0          1
          (6417, 241, 2055941)       24.5          0               0               1          1
          (6979, 107, 2055941)       24.5          0               0               1          1
           (6659, 11, 2055941)       24.5          0               0               0          1
          (6877, 249, 2055941)     24.583          0               0               1          1
          (8049, 253, 2055941)     24.583          0               0               1          1
          (8023, 127, 2055941)     24.583          0               0               1          1
          (8169, 251, 2055941)     24.583          0               0               1          1
          (6483, 123, 2055941)     24.583          0               0               1          1
          (6483, 123, 2055941)     28.667          0               0               1          1
          (7781, 233, 2055941)     24.583          0               0               1          1
          (7009, 251, 2055941)     26.083          0               0               1          1
          (7877, 127, 2055941)     26.083          0               0               1          1
          (7031, 251, 2055941)     26.083          0               0               0          1
          (7059, 127, 2055941)     26.083          0               0               1          1
           (5153, 97, 2055941)     26.083          0               0               0          1
          (8077, 127, 2055941)     26.167          0               0               1          1
          (6221, 121, 2055941)     26.167          0               0               1          1
          (7545, 115, 2055941)     26.167          0               0               1          1
          (8179, 127, 2055941)     26.167          0               0               1          1
          (6147, 115, 2055941)     26.167          0               0               1          1
          (6739, 127, 2055941)     26.167          0               0               0          1
          (4105, 123, 2055941)     26.167          0               0               0          1
          (6507, 125, 2055941)     26.167          0               0               1          1
          (7417, 127, 2055941)     26.167          0               0               1          1
          (6497, 113, 2055941)     26.167          0               0               1          1
          (7257, 121, 2055941)     26.167          0               0               1          1
          (6593, 113, 2055941)     26.167          0               0               1          1
          (6969, 105, 2055941)     26.167          0               0               1          1
          (6141, 127, 2055941)      26.25          0               0               1          1
          (5993, 251, 2055941)      26.25          0               0               0          1
          (8093, 255, 2055941)      26.25          0               0               1          1
          (6437, 255, 2055941)      26.25          0               0               1          1
          (6985, 123, 2055941)      26.25          0               0               1          1
          (7141, 127, 2055941)      26.25          0               0               1          1
          (8129, 255, 2055941)      26.25          0               0               1          1
          (7635, 255, 2055941)      26.25          0               0               1          1
          (7489, 251, 2055941)      26.25          0               0               1          1
          (7489, 251, 2055941)       28.5          0               0               1          1
          (5057, 255, 2055941)      26.25          0               0               1          1
          (5101, 123, 2055941)      26.25          0               0               1          1
          (7035, 255, 2055941)      26.25          0               0               0          1
          (6977, 123, 2055941)      26.25          0               0               1          1
          (8041, 115, 2055941)      26.25          0               0               1          1
          (8089, 249, 2055941)      26.25          0               0               1          1
          (7433, 123, 2055941)      26.25          0               0               1          1
          (4725, 121, 2055941)      26.25          0               0               1          1
          (7521, 121, 2055941)      26.25          0               0               1          1
           (4353, 75, 2055941)      26.25          0               0               0          1
          (6001, 255, 2055941)     26.333          0               0               0          1
          (6001, 255, 2055941)     28.417          0               0               1          1
          (6897, 255, 2055941)     26.333          0               0               1          1
          (6517, 249, 2055941)     26.333          0               0               1          1
          (7433, 187, 2055941)     26.333          0               0               1          1
          (5627, 127, 2055941)     26.333          0               0               1          1
          (8185, 251, 2055941)     26.333          0               0               1          1
          (8191, 127, 2055941)     26.333          0               0               1          1
          (6673, 251, 2055941)     26.333          0               0               1          1
          (5449, 251, 2055941)     26.333          0               0               1          1
          (6221, 249, 2055941)     26.333          0               0               1          1
          (7799, 123, 2055941)     26.333          0               0               1          1
          (6913, 121, 2055941)     26.333          0               0               1          1
          (8103, 127, 2055941)     26.333          0               0               1          1
          (7057, 121, 2055941)     26.333          0               0               1          1
          (6697, 251, 2055941)     26.333          0               0               1          1
          (7125, 125, 2055941)     26.333          0               0               1          1
          (6169, 251, 2055941)     26.333          0               0               1          1
          (7491, 123, 2055941)     26.333          0               0               1          1
          (5443, 123, 2055941)     26.333          0               0               1          1
          (6803, 123, 2055941)     26.333          0               0               1          1
          (5187, 107, 2055941)     26.333          0               0               0          1
          (5609, 251, 2055941)     26.417          0               0               1          1
          (7861, 123, 2055941)     26.417          0               0               1          1
          (8137, 251, 2055941)     26.417          0               0               1          1
          (8169, 123, 2055941)     26.417          0               0               1          1
          (7765, 251, 2055941)     26.417          0               0               1          1
          (4831, 123, 2055941)     26.417          0               0               1          1
          (6649, 123, 2055941)     26.417          0               0               1          1
          (7007, 251, 2055941)     26.417          0               0               0          1
          (6617, 249, 2055941)     26.417          0               0               1          1
          (6525, 127, 2055941)     26.417          0               0               1          1
          (7521, 249, 2055941)     26.417          0               0               1          1
          (8033, 121, 2055941)     26.417          0               0               1          1
          (8179, 123, 2055941)     26.417          0               0               1          1
          (8153, 251, 2055941)     26.417          0               0               1          1
          (8153, 251, 2055941)       28.5          0               0               1          1
           (7985, 89, 2055941)     26.417          0               0               1          1
          (8041, 249, 2055941)     26.417          0               0               1          1
          (7045, 127, 2055941)     26.417          0               0               1          1
          (7781, 127, 2055941)     26.417          0               0               1          1
          (4815, 127, 2055941)     26.417          0               0               1          1
          (6355, 251, 2055941)     26.417          0               0               1          1
          (7009, 249, 2055941)     26.417          0               0               1          1
          (7013, 251, 2055941)     26.417          0               0               1          1
          (4437, 123, 2055941)     26.417          0               0               1          1
          (6793, 251, 2055941)     26.417          0               0               1          1
          (8129, 123, 2055941)     26.417          0               0               1          1
          (8145, 251, 2055941)     26.417          0               0               1          1
          (8145, 251, 2055941)      36.75          0               0               1          1
          (6835, 123, 2055941)     26.417          0               0               1          1
           (6451, 95, 2055941)     26.417          0               0               1          1
          (6915, 123, 2055941)     26.417          0               0               1          1
           (6469, 57, 2055941)     26.417          0               0               1          1
          (6961, 107, 2055941)     26.417          0               0               1          1
           (7169, 33, 2055941)     26.417          0               0               1          1
          (6607, 127, 2055941)       26.5          0               0               1          1
          (8181, 251, 2055941)       26.5          0               0               1          1
          (7833, 251, 2055941)       26.5          0               0               1          1
          (6889, 251, 2055941)       26.5          0               0               1          1
          (6853, 123, 2055941)       26.5          0               0               1          1
          (4557, 123, 2055941)       26.5          0               0               1          1
          (6773, 249, 2055941)       26.5          0               0               1          1
          (7433, 121, 2055941)       26.5          0               0               1          1
          (7027, 123, 2055941)       26.5          0               0               1          1
          (7137, 227, 2055941)       26.5          0               0               1          1
           (7171, 43, 2055941)       26.5          0               0               1          1
           (6657, 89, 2055941)       26.5          0               0               1          1
          (6661, 251, 2055941)     26.583          0               0               1          1
          (6387, 123, 2055941)     26.583          0               0               1          1
          (6375, 123, 2055941)     26.583          0               0               1          1
          (8025, 251, 2055941)     26.583          0               0               1          1
          (8025, 251, 2055941)     28.333          0               0               1          1
          (8171, 123, 2055941)     26.583          0               0               1          1
          (4929, 187, 2055941)     26.583          0               0               1          1
          (7659, 121, 2055941)     26.583          0               0               1          1
          (6469, 115, 2055941)     26.583          0               0               1          1
          (7891, 127, 2055941)     26.667          0               0               1          1
          (5973, 253, 2055941)     26.667          0               0               1          1
          (7433, 153, 2055941)     26.667          0               0               1          1
           (6161, 19, 2055941)     26.667          0               0               1          1
          (4815, 123, 2055941)     28.167          0               0               1          1
          (6231, 123, 2055941)     28.167          0               0               1          1
          (4625, 251, 2055941)     28.167          0               0               1          1
          (7483, 123, 2055941)     28.167          0               0               1          1
          (8007, 123, 2055941)     28.167          0               0               1          1
          (6481, 249, 2055941)     28.167          0               0               1          1
          (6481, 249, 2055941)     28.333          0               0               1          1
          (4807, 111, 2055941)     28.167          0               0               0          1
          (8009, 251, 2055941)      28.25          0               0               1          1
          (7785, 249, 2055941)      28.25          0               0               1          1
          (8015, 127, 2055941)      28.25          0               0               1          1
          (6161, 115, 2055941)      28.25          0               0               1          1
          (5449, 123, 2055941)      28.25          0               0               1          1
          (7021, 251, 2055941)      28.25          0               0               1          1
          (7989, 253, 2055941)      28.25          0               0               1          1
          (5459, 123, 2055941)      28.25          0               0               1          1
          (7267, 255, 2055941)      28.25          0               0               0          1
          (7029, 121, 2055941)      28.25          0               0               1          1
          (6821, 121, 2055941)      28.25          0               0               1          1
          (6147, 113, 2055941)      28.25          0               0               1          1
           (4391, 59, 2055941)      28.25          0               0               0          1
          (4627, 107, 2055941)      28.25          0               0               0          1
          (6817, 233, 2055941)      28.25          0               0               1          1
          (8177, 251, 2055941)     28.333          0               0               1          1
          (5589, 121, 2055941)     28.333          0               0               1          1
          (7761, 251, 2055941)     28.333          0               0               1          1
          (7761, 251, 2055941)       28.5          0               0               1          1
          (4933, 249, 2055941)     28.333          0               0               1          1
          (7137, 125, 2055941)     28.333          0               0               1          1
          (7869, 255, 2055941)     28.333          0               0               1          1
          (6261, 251, 2055941)     28.333          0               0               1          1
          (6133, 123, 2055941)     28.333          0               0               1          1
          (6133, 123, 2055941)     34.417          0               0               1          1
          (5467, 251, 2055941)     28.333          0               0               0          1
          (6437, 249, 2055941)     28.333          0               0               1          1
          (7093, 253, 2055941)     28.333          0               0               1          1
          (6463, 127, 2055941)     28.333          0               0               1          1
          (5453, 251, 2055941)     28.333          0               0               1          1
          (6149, 249, 2055941)     28.333          0               0               1          1
          (6149, 249, 2055941)     38.667          0               0               1          1
          (7777, 123, 2055941)     28.333          0               0               1          1
          (6501, 249, 2055941)     28.333          0               0               1          1
          (7795, 251, 2055941)     28.333          0               0               1          1
          (3147, 123, 2055941)     28.333          0               0               0          1
          (5731, 251, 2055941)     28.333          0               0               1          1
          (6529, 251, 2055941)     28.333          0               0               1          1
          (6993, 251, 2055941)     28.333          0               0               1          1
          (6993, 251, 2055941)     28.583          0               0               1          1
          (6515, 123, 2055941)     28.333          0               0               1          1
          (7791, 123, 2055941)     28.333          0               0               0          1
          (4615, 115, 2055941)     28.333          0               0               0          1
          (6145, 161, 2055941)     28.333          0               0               1          1
          (6145, 161, 2055941)     30.583          0               0               1          1
          (7463, 123, 2055941)     28.333          0               0               1          1
           (7809, 75, 2055941)     28.333          0               0               1          1
          (8021, 123, 2055941)     28.417          0               0               1          1
          (7527, 255, 2055941)     28.417          0               0               0          1
          (7493, 249, 2055941)     28.417          0               0               1          1
          (7779, 255, 2055941)     28.417          0               0               0          1
          (5971, 123, 2055941)     28.417          0               0               1          1
          (6553, 251, 2055941)     28.417          0               0               1          1
          (4869, 127, 2055941)     28.417          0               0               1          1
          (8009, 255, 2055941)     28.417          0               0               1          1
          (5877, 255, 2055941)     28.417          0               0               1          1
          (8037, 123, 2055941)     28.417          0               0               1          1
           (6657, 63, 2055941)     28.417          0               0               1          1
          (8149, 251, 2055941)     28.417          0               0               1          1
          (8149, 251, 2055941)       30.5          0               0               1          1
          (5483, 251, 2055941)     28.417          0               0               1          1
          (6777, 255, 2055941)     28.417          0               0               1          1
          (6761, 249, 2055941)     28.417          0               0               1          1
          (8049, 251, 2055941)     28.417          0               0               1          1
          (6145, 113, 2055941)     28.417          0               0               1          1
          (6145, 113, 2055941)     32.417          0               0               1          1
          (6145, 113, 2055941)       40.5          0               0               1          1
          (6243, 123, 2055941)     28.417          0               0               1          1
           (7493, 89, 2055941)     28.417          0               0               1          1
          (4675, 123, 2055941)     28.417          0               0               0          1
          (5125, 121, 2055941)     28.417          0               0               1          1
          (7071, 251, 2055941)     28.417          0               0               1          1
          (6299, 111, 2055941)     28.417          0               0               0          1
           (6657, 59, 2055941)     28.417          0               0               1          1
          (8059, 123, 2055941)     28.417          0               0               1          1
          (8165, 255, 2055941)       28.5          0               0               1          1
          (6469, 249, 2055941)       28.5          0               0               1          1
          (8157, 255, 2055941)       28.5          0               0               1          1
          (7139, 255, 2055941)       28.5          0               0               1          1
          (7037, 127, 2055941)       28.5          0               0               1          1
          (6117, 255, 2055941)       28.5          0               0               1          1
          (7777, 243, 2055941)       28.5          0               0               1          1
          (8063, 123, 2055941)       28.5          0               0               1          1
          (6005, 121, 2055941)       28.5          0               0               1          1
          (6455, 123, 2055941)       28.5          0               0               1          1
          (7657, 249, 2055941)       28.5          0               0               1          1
          (6465, 251, 2055941)       28.5          0               0               1          1
          (4775, 123, 2055941)       28.5          0               0               0          1
          (6401, 187, 2055941)       28.5          0               0               1          1
           (6467, 59, 2055941)       28.5          0               0               1          1
           (4353, 35, 2055941)       28.5          0               0               0          1
           (7681, 41, 2055941)       28.5          0               0               1          1
          (7669, 123, 2055941)     28.583          0               0               1          1
          (7541, 127, 2055941)     28.583          0               0               0          1
          (7909, 251, 2055941)     28.583          0               0               0          1
          (6291, 219, 2055941)     28.583          0               0               1          1
          (6421, 123, 2055941)     28.583          0               0               1          1
          (6145, 193, 2055941)     28.583          0               0               1          1
           (7683, 97, 2055941)     28.583          0               0               1          1
           (4641, 35, 2055941)     28.583          0               0               0          1
          (6471, 123, 2055941)     28.667          0               0               1          1
          (7461, 187, 2055941)      28.75          0               0               1          1
          (7929, 251, 2055941)     28.833          0               0               1          1
          (6145, 241, 2055941)     30.083          0               0               1          1
          (6145, 241, 2055941)      30.25          0               0               1          1
          (6145, 241, 2055941)     32.583          0               0               1          1
          (7131, 127, 2055941)     30.167          0               0               1          1
           (6247, 63, 2055941)     30.167          0               0               1          1
          (4545, 235, 2055941)     30.167          0               0               1          1
          (4101, 121, 2055941)     30.167          0               0               0          1
           (6145, 81, 2055941)     30.167          0               0               1          1
           (6145, 81, 2055941)      30.25          0               0               1          1
           (6145, 81, 2055941)     38.667          0               0               1          1
           (6145, 73, 2055941)     30.167          0               0               0          1
           (6145, 73, 2055941)     30.333          0               0               1          1
           (6145, 73, 2055941)     32.167          0               0               0          1
           (6145, 73, 2055941)     32.417          0               0               1          1
           (6145, 73, 2055941)     34.333          0               0               0          1
           (6145, 73, 2055941)     34.417          0               0               1          1
          (6453, 249, 2055941)      30.25          0               0               1          1
          (6145, 185, 2055941)      30.25          0               0               1          1
          (6145, 185, 2055941)     32.583          0               0               1          1
          (4865, 249, 2055941)      30.25          0               0               1          1
          (6277, 185, 2055941)      30.25          0               0               1          1
           (4421, 59, 2055941)      30.25          0               0               0          1
           (5121, 65, 2055941)      30.25          0               0               0          1
           (4355, 51, 2055941)      30.25          0               0               0          1
           (5185, 27, 2055941)      30.25          0               0               0          1
          (4353, 107, 2055941)      30.25          0               0               0          1
          (4353, 195, 2055941)      30.25          0               0               0          1
           (4609, 67, 2055941)      30.25          0               0               0          1
          (8021, 251, 2055941)     30.333          0               0               1          1
          (5573, 121, 2055941)     30.333          0               0               1          1
          (4929, 251, 2055941)     30.333          0               0               0          1
          (7873, 251, 2055941)     30.333          0               0               1          1
          (5973, 121, 2055941)     30.333          0               0               1          1
          (7125, 235, 2055941)     30.333          0               0               1          1
          (6945, 251, 2055941)     30.333          0               0               1          1
          (7247, 123, 2055941)     30.333          0               0               0          1
          (6721, 251, 2055941)     30.333          0               0               1          1
          (6473, 113, 2055941)     30.333          0               0               1          1
          (7529, 121, 2055941)     30.333          0               0               1          1
           (4921, 91, 2055941)     30.333          0               0               0          1
          (7641, 123, 2055941)     30.333          0               0               1          1
          (5185, 243, 2055941)     30.333          0               0               0          1
          (7289, 251, 2055941)     30.333          0               0               1          1
          (8027, 123, 2055941)     30.333          0               0               1          1
          (7185, 233, 2055941)     30.333          0               0               1          1
          (8183, 123, 2055941)     30.333          0               0               1          1
           (6145, 89, 2055941)     30.333          0               0               1          1
           (6145, 89, 2055941)     30.583          0               0               1          1
           (6145, 89, 2055941)     34.417          0               0               1          1
           (6145, 89, 2055941)     40.417          0               0               1          1
          (6661, 233, 2055941)     30.333          0               0               1          1
          (4107, 115, 2055941)     30.333          0               0               0          1
          (7481, 123, 2055941)     30.417          0               0               1          1
          (6113, 123, 2055941)     30.417          0               0               1          1
          (7769, 249, 2055941)     30.417          0               0               1          1
          (7135, 127, 2055941)     30.417          0               0               1          2
          (6749, 127, 2055941)     30.417          0               0               1          1
          (5331, 123, 2055941)     30.417          0               0               1          1
          (7793, 251, 2055941)     30.417          0               0               1          1
          (7353, 249, 2055941)     30.417          0               0               1          1
          (8149, 125, 2055941)     30.417          0               0               1          1
          (5729, 249, 2055941)     30.417          0               0               1          1
          (8151, 127, 2055941)     30.417          0               0               1          1
          (6209, 123, 2055941)     30.417          0               0               1          1
          (7791, 127, 2055941)     30.417          0               0               1          1
          (6689, 251, 2055941)     30.417          0               0               1          1
          (5829, 121, 2055941)     30.417          0               0               1          1
           (7427, 91, 2055941)     30.417          0               0               1          1
           (7811, 91, 2055941)     30.417          0               0               1          1
           (4353, 91, 2055941)     30.417          0               0               0          1
           (6153, 67, 2055941)     30.417          0               0               0          1
          (6855, 251, 2055941)       30.5          0               0               0          1
          (7869, 249, 2055941)       30.5          0               0               1          1
          (6649, 251, 2055941)       30.5          0               0               1          1
          (5941, 249, 2055941)       30.5          0               0               1          1
           (6427, 91, 2055941)       30.5          0               0               1          1
          (5075, 119, 2055941)       30.5          0               0               1          1
          (7105, 251, 2055941)       30.5          0               0               1          1
           (6147, 99, 2055941)       30.5          0               0               1          1
           (6147, 99, 2055941)     34.583          0               0               1          1
            (6401, 3, 2055941)       30.5          0               0               1          1
           (6913, 71, 2055941)       30.5          0               0               1          1
          (6145, 121, 2055941)       30.5          0               0               1          1
          (6145, 121, 2055941)     42.417          0               0               0          1
          (6365, 255, 2055941)     30.583          0               0               1          1
          (7161, 251, 2055941)     30.583          0               0               1          1
          (7257, 251, 2055941)     30.583          0               0               1          1
          (7233, 107, 2055941)     30.583          0               0               1          1
          (6149, 115, 2055941)     30.583          0               0               1          1
           (7171, 27, 2055941)     30.583          0               0               1          1
          (6291, 123, 2055941)     30.583          0               0               1          1
          (5985, 251, 2055941)     30.667          0               0               1          1
          (8001, 251, 2055941)     30.667          0               0               1          1
          (7361, 235, 2055941)     30.667          0               0               1          1
           (6145, 19, 2055941)     30.667          0               0               1          1
           (6145, 19, 2055941)      38.75          0               0               1          1
           (6145, 19, 2055941)       40.5          0               0               1          1
          (7769, 251, 2055941)      30.75          0               0               1          1
          (6985, 233, 2055941)      30.75          0               0               1          1
           (6211, 43, 2055941)      30.75          0               0               1          1
          (5477, 121, 2055941)     32.167          0               0               1          1
          (6659, 123, 2055941)     32.167          0               0               1          1
           (7939, 59, 2055941)      32.25          0               0               1          1
          (7233, 123, 2055941)      32.25          0               0               1          1
          (4675, 249, 2055941)      32.25          0               0               1          1
          (7235, 121, 2055941)      32.25          0               0               1          1
          (4455, 123, 2055941)      32.25          0               0               0          1
          (4869, 121, 2055941)      32.25          0               0               1          1
           (6145, 65, 2055941)      32.25          0               0               1          1
           (6145, 65, 2055941)     34.333          0               0               0          1
          (7925, 123, 2055941)     32.333          0               0               1          1
          (7925, 123, 2055941)      32.75          0               0               1          1
          (5991, 123, 2055941)     32.333          0               0               0          1
          (8051, 251, 2055941)     32.333          0               0               0          1
          (4097, 249, 2055941)     32.333          0               0               0          1
          (4933, 247, 2055941)     32.333          0               0               1          1
          (6273, 211, 2055941)     32.333          0               0               1          1
            (6145, 9, 2055941)     32.333          0               0               0          1
            (6145, 9, 2055941)     40.667          0               0               1          1
           (4097, 51, 2055941)     32.333          0               0               0          1
          (6915, 115, 2055941)     32.333          0               0               1          1
           (6145, 59, 2055941)     32.333          0               0               0          1
           (6145, 59, 2055941)      42.75          0               0               1          1
          (7745, 251, 2055941)     32.417          0               0               1          1
          (7439, 123, 2055941)     32.417          0               0               0          1
          (7493, 251, 2055941)     32.417          0               0               1          1
          (6209, 233, 2055941)     32.417          0               0               1          1
          (6657, 121, 2055941)     32.417          0               0               1          1
          (6657, 121, 2055941)     38.333          0               0               1          1
          (4417, 251, 2055941)     32.417          0               0               0          1
           (6211, 75, 2055941)     32.417          0               0               0          1
           (6145, 17, 2055941)     32.417          0               0               1          1
           (6145, 17, 2055941)     34.333          0               0               1          1
           (6145, 17, 2055941)     34.417          0               0               1          1
           (6145, 17, 2055941)       40.5          0               0               0          1
          (6145, 137, 2055941)     32.417          0               0               1          1
          (6601, 251, 2055941)       32.5          0               0               1          1
          (6135, 251, 2055941)       32.5          0               0               0          1
          (6221, 123, 2055941)       32.5          0               0               0          1
          (7925, 251, 2055941)       32.5          0               0               1          1
          (7379, 121, 2055941)       32.5          0               0               1          1
          (6209, 241, 2055941)       32.5          0               0               1          1
          (7121, 251, 2055941)       32.5          0               0               1          1
          (6163, 113, 2055941)       32.5          0               0               1          1
          (7169, 177, 2055941)       32.5          0               0               0          1
           (6147, 97, 2055941)       32.5          0               0               1          1
           (6401, 67, 2055941)       32.5          0               0               1          1
           (6145, 67, 2055941)       32.5          0               0               1          1
           (6145, 67, 2055941)     34.417          0               0               0          1
           (6145, 67, 2055941)       36.5          0               0               1          1
           (6145, 67, 2055941)     36.583          0               0               1          1
           (6145, 67, 2055941)     38.417          0               0               1          1
          (4609, 123, 2055941)       32.5          0               0               0          1
           (6273, 83, 2055941)       32.5          0               0               1          1
          (5749, 251, 2055941)     32.583          0               0               1          1
          (8053, 127, 2055941)     32.583          0               0               1          1
          (8053, 127, 2055941)     32.667          0               0               1          1
          (6351, 251, 2055941)     32.583          0               0               0          1
          (8033, 251, 2055941)     32.583          0               0               1          1
          (7395, 123, 2055941)     32.583          0               0               1          1
          (7493, 123, 2055941)     32.583          0               0               1          1
          (7493, 123, 2055941)      38.75          0               0               1          1
           (6147, 91, 2055941)     32.583          0               0               1          1
           (7169, 49, 2055941)     32.583          0               0               1          1
           (4417, 59, 2055941)     32.583          0               0               0          1
          (8057, 255, 2055941)     32.667          0               0               1          1
          (7429, 185, 2055941)     32.667          0               0               1          1
          (6147, 107, 2055941)     32.667          0               0               1          1
          (6147, 107, 2055941)     36.667          0               0               0          1
          (6145, 187, 2055941)     32.667          0               0               1          1
          (6145, 187, 2055941)       38.5          0               0               1          1
           (6145, 41, 2055941)     32.667          0               0               1          1
           (6145, 41, 2055941)      34.25          0               0               1          1
          (8097, 251, 2055941)      32.75          0               0               1          1
          (6273, 255, 2055941)     32.833          0               0               1          1
          (7457, 123, 2055941)     34.083          0               0               1          1
          (7365, 121, 2055941)     34.167          0               0               1          1
            (5121, 1, 2055941)     34.167          0               0               0          1
          (7893, 123, 2055941)     34.167          0               0               1          1
          (6149, 105, 2055941)     34.167          0               0               0          1
           (6145, 75, 2055941)     34.167          0               0               0          1
           (6145, 75, 2055941)     40.583          0               0               1          1
          (5651, 123, 2055941)      34.25          0               0               1          1
           (5121, 41, 2055941)      34.25          0               0               0          1
          (6465, 249, 2055941)     34.333          0               0               1          1
          (6209, 249, 2055941)     34.333          0               0               1          1
          (5121, 241, 2055941)     34.333          0               0               1          1
          (7169, 201, 2055941)     34.333          0               0               1          1
           (5121, 35, 2055941)     34.333          0               0               0          1
          (5185, 111, 2055941)     34.333          0               0               0          1
           (4609, 75, 2055941)     34.333          0               0               0          1
           (4609, 75, 2055941)     40.333          0               0               0          1
          (5617, 251, 2055941)     34.417          0               0               1          1
          (7921, 251, 2055941)     34.417          0               0               1          1
          (7157, 249, 2055941)     34.417          0               0               1          1
          (7953, 243, 2055941)     34.417          0               0               1          1
          (5955, 123, 2055941)     34.417          0               0               1          1
          (7145, 251, 2055941)     34.417          0               0               1          1
          (7233, 251, 2055941)     34.417          0               0               1          1
          (5121, 123, 2055941)     34.417          0               0               1          1
          (5121, 123, 2055941)      40.75          0               0               0          1
          (5121, 123, 2055941)       44.5          0               0               1          1
          (5185, 249, 2055941)     34.417          0               0               0          1
          (7169, 121, 2055941)     34.417          0               0               1          1
          (6469, 123, 2055941)     34.417          0               0               1          1
          (5761, 121, 2055941)     34.417          0               0               1          1
          (5635, 107, 2055941)     34.417          0               0               1          1
          (5907, 123, 2055941)     34.417          0               0               1          1
          (6849, 249, 2055941)     34.417          0               0               1          1
          (7505, 249, 2055941)     34.417          0               0               1          1
           (6145, 97, 2055941)     34.417          0               0               1          1
            (6209, 9, 2055941)     34.417          0               0               1          1
           (6179, 59, 2055941)     34.417          0               0               1          1
            (6657, 1, 2055941)     34.417          0               0               1          1
           (4099, 67, 2055941)     34.417          0               0               0          1
          (5585, 251, 2055941)       34.5          0               0               1          1
          (6899, 123, 2055941)       34.5          0               0               1          1
          (6209, 203, 2055941)       34.5          0               0               1          1
          (6405, 121, 2055941)       34.5          0               0               1          1
          (6149, 153, 2055941)       34.5          0               0               0          1
          (6149, 153, 2055941)     38.417          0               0               1          1
          (4101, 187, 2055941)       34.5          0               0               0          1
          (4609, 105, 2055941)       34.5          0               0               0          1
          (7763, 123, 2055941)     34.583          0               0               1          1
          (6403, 107, 2055941)     34.583          0               0               1          1
          (6161, 235, 2055941)     34.583          0               0               1          1
          (5391, 251, 2055941)     34.667          0               0               0          1
          (7169, 251, 2055941)     34.667          0               0               1          1
          (6145, 235, 2055941)     34.667          0               0               1          1
          (7713, 123, 2055941)     34.667          0               0               1          1
          (4743, 115, 2055941)      34.75          0               0               1          1
          (7937, 249, 2055941)     34.833          0               0               1          1
          (6661, 249, 2055941)     34.833          0               0               1          1
           (4097, 35, 2055941)     36.083          0               0               0          1
           (4097, 35, 2055941)     40.333          0               0               0          1
           (4097, 35, 2055941)     44.417          0               0               0          1
           (4097, 35, 2055941)       48.5          0               0               0          2
           (6147, 81, 2055941)     36.167          0               0               0          1
           (4097, 67, 2055941)     36.167          0               0               0          1
           (4097, 67, 2055941)     38.167          0               0               0          1
           (4097, 67, 2055941)      42.25          0               0               0          1
           (4289, 91, 2055941)      36.25          0               0               0          1
           (6145, 99, 2055941)      36.25          0               0               0          1
           (4097, 75, 2055941)      36.25          0               0               0          1
           (4097, 75, 2055941)       42.5          0               0               0          1
          (4097, 241, 2055941)     36.333          0               0               0          1
          (4097, 241, 2055941)      38.25          0               0               0          1
            (6145, 3, 2055941)     36.333          0               0               0          1
            (6145, 3, 2055941)     40.583          0               0               1          1
           (4355, 59, 2055941)     36.333          0               0               0          1
          (6145, 107, 2055941)     36.417          0               0               1          1
           (6145, 91, 2055941)     36.417          0               0               1          1
           (5185, 11, 2055941)     36.417          0               0               0          1
           (6209, 19, 2055941)     36.417          0               0               1          1
           (4099, 51, 2055941)     36.417          0               0               0          1
           (6161, 89, 2055941)       36.5          0               0               1          1
          (6153, 227, 2055941)       36.5          0               0               1          1
          (4161, 251, 2055941)       36.5          0               0               0          1
          (4189, 219, 2055941)       36.5          0               0               0          1
          (4097, 179, 2055941)       36.5          0               0               0          1
          (4131, 107, 2055941)       36.5          0               0               0          1
          (4169, 107, 2055941)       36.5          0               0               0          1
          (6181, 107, 2055941)     36.583          0               0               1          1
          (6145, 163, 2055941)     36.583          0               0               1          1
          (6145, 163, 2055941)     42.667          0               0               1          1
           (6657, 65, 2055941)     36.583          0               0               1          1
           (4163, 47, 2055941)     36.583          0               0               0          1
           (6177, 83, 2055941)     36.583          0               0               0          1
          (6105, 251, 2055941)     36.667          0               0               1          1
          (6401, 241, 2055941)     36.667          0               0               1          1
          (6913, 249, 2055941)     36.667          0               0               1          1
          (6913, 249, 2055941)     40.583          0               0               1          1
           (6145, 57, 2055941)     36.667          0               0               1          1
           (6145, 57, 2055941)     40.417          0               0               1          1
           (6163, 59, 2055941)      36.75          0               0               1          1
           (7169, 91, 2055941)      36.75          0               0               1          1
           (6147, 83, 2055941)      36.75          0               0               1          1
           (7169, 27, 2055941)      36.75          0               0               1          1
          (5127, 115, 2055941)      36.75          0               0               1          1
          (6405, 251, 2055941)     36.833          0               0               1          1
           (6147, 51, 2055941)     36.833          0               0               1          1
           (4097, 49, 2055941)      38.25          0               0               0          1
           (4097, 49, 2055941)     38.333          0               0               0          1
           (4097, 49, 2055941)      40.25          0               0               0          1
           (4097, 49, 2055941)     42.417          0               0               0          1
           (5189, 99, 2055941)      38.25          0               0               1          1
           (4099, 11, 2055941)      38.25          0               0               0          1
           (4099, 11, 2055941)     42.333          0               0               0          1
           (4099, 11, 2055941)       44.5          0               0               0          1
           (6145, 49, 2055941)      38.25          0               0               1          1
           (4097, 81, 2055941)      38.25          0               0               0          1
            (4225, 9, 2055941)      38.25          0               0               0          1
            (4225, 9, 2055941)     42.417          0               0               0          1
          (4419, 121, 2055941)     38.333          0               0               1          1
            (4161, 1, 2055941)     38.333          0               0               0          1
          (4097, 187, 2055941)     38.333          0               0               0          1
            (4097, 3, 2055941)     38.333          0               0               0          1
          (4097, 105, 2055941)     38.333          0               0               0          1
          (4097, 105, 2055941)     40.417          0               0               0          1
          (4097, 105, 2055941)     40.583          0               0               0          1
          (4097, 105, 2055941)     46.333          0               0               0          1
          (6185, 115, 2055941)     38.333          0               0               1          1
           (4099, 43, 2055941)     38.333          0               0               0          1
          (4097, 211, 2055941)     38.333          0               0               0          1
          (4097, 211, 2055941)       38.5          0               0               1          1
          (4097, 211, 2055941)     44.417          0               0               0          1
          (4097, 211, 2055941)     46.583          0               0               0          1
          (6147, 123, 2055941)     38.417          0               0               1          1
           (6145, 43, 2055941)     38.417          0               0               1          1
           (6145, 43, 2055941)     42.583          0               0               1          1
          (4099, 243, 2055941)     38.417          0               0               0          1
           (5121, 43, 2055941)     38.417          0               0               0          1
          (6657, 153, 2055941)     38.417          0               0               1          1
           (4097, 99, 2055941)     38.417          0               0               0          1
           (4097, 99, 2055941)      52.75          0               0               0          1
           (4609, 35, 2055941)     38.417          0               0               0          1
           (4097, 83, 2055941)     38.417          0               0               0          1
          (4099, 107, 2055941)     38.417          0               0               0          1
           (4097, 43, 2055941)     38.417          0               0               0          1
           (4097, 43, 2055941)       44.5          0               0               0          1
           (4097, 43, 2055941)     44.583          0               0               0          1
          (5393, 241, 2055941)       38.5          0               0               1          1
          (4737, 179, 2055941)       38.5          0               0               0          1
          (6145, 169, 2055941)       38.5          0               0               1          1
          (6145, 169, 2055941)     40.833          0               0               1          1
           (6145, 27, 2055941)       38.5          0               0               1          1
          (4097, 107, 2055941)       38.5          0               0               0          1
          (4097, 107, 2055941)     46.667          0               0               0          1
           (6147, 75, 2055941)     38.583          0               0               1          1
          (6145, 227, 2055941)     38.583          0               0               1          1
           (5121, 51, 2055941)     38.583          0               0               1          1
           (6177, 25, 2055941)     38.583          0               0               1          1
          (7169, 203, 2055941)     38.667          0               0               1          1
           (6657, 35, 2055941)     38.667          0               0               1          1
          (6145, 217, 2055941)     38.667          0               0               1          1
           (4097, 65, 2055941)     40.167          0               0               0          2
           (4097, 65, 2055941)     48.333          0               0               0          1
           (4097, 97, 2055941)      40.25          0               0               0          1
           (4097, 97, 2055941)      46.25          0               0               0          1
            (4097, 9, 2055941)      40.25          0               0               0          1
            (4097, 9, 2055941)      42.25          0               0               0          1
            (4097, 9, 2055941)     44.333          0               0               0          1
            (4097, 9, 2055941)      46.25          0               0               1          1
            (4097, 9, 2055941)     48.417          0               0               0          1
           (4097, 89, 2055941)      40.25          0               0               0          1
          (4105, 217, 2055941)     40.333          0               0               0          1
          (4097, 209, 2055941)     40.333          0               0               0          1
          (4097, 209, 2055941)      44.25          0               0               0          1
           (4099, 27, 2055941)     40.333          0               0               0          1
           (4097, 73, 2055941)     40.333          0               0               0          1
           (4097, 73, 2055941)     42.167          0               0               0          1
           (4097, 33, 2055941)     40.417          0               0               0          1
           (4097, 33, 2055941)     42.333          0               0               0          1
           (4097, 33, 2055941)     44.333          0               0               0          1
          (6405, 219, 2055941)     40.417          0               0               1          1
           (4097, 41, 2055941)     40.417          0               0               0          2
           (4097, 41, 2055941)     42.583          0               0               0          1
          (4097, 145, 2055941)       40.5          0               0               0          1
            (4099, 1, 2055941)       40.5          0               0               0          1
          (4101, 251, 2055941)       40.5          0               0               0          1
          (4105, 121, 2055941)       40.5          0               0               0          1
          (4161, 219, 2055941)     40.583          0               0               0          1
          (4097, 123, 2055941)     40.583          0               0               0          1
          (4609, 145, 2055941)     40.667          0               0               0          1
           (6401, 11, 2055941)     40.667          0               0               1          1
           (6147, 59, 2055941)     40.667          0               0               1          1
           (4097, 17, 2055941)     42.167          0               0               0          1
           (4097, 17, 2055941)       42.5          0               0               0          1
          (4165, 105, 2055941)     42.333          0               0               0          1
          (4097, 129, 2055941)     42.417          0               0               0          1
          (4131, 115, 2055941)     42.417          0               0               0          1
           (6145, 11, 2055941)       42.5          0               0               1          1
          (4097, 163, 2055941)       42.5          0               0               0          1
          (5253, 249, 2055941)     42.583          0               0               1          1
          (4101, 249, 2055941)     42.583          0               0               0          1
           (4097, 91, 2055941)     42.583          0               0               0          1
          (6145, 233, 2055941)     42.667          0               0               1          1
           (6147, 27, 2055941)     42.667          0               0               1          1
            (4097, 1, 2055941)     44.167          0               0               0          1
           (4611, 51, 2055941)     44.333          0               0               0          1
          (4097, 161, 2055941)     44.417          0               0               0          2
           (4099, 89, 2055941)     44.417          0               0               1          1
          (4097, 251, 2055941)     44.417          0               0               0          1
          (4097, 137, 2055941)     44.417          0               0               0          1
          (4097, 137, 2055941)     46.667          0               0               0          1
          (6145, 139, 2055941)       44.5          0               0               1          1
          (4101, 111, 2055941)     44.583          0               0               0          1
           (4129, 65, 2055941)     44.583          0               0               0          1
          (4293, 249, 2055941)     44.667          0               0               0          1
          (6145, 115, 2055941)     44.667          0               0               1          1
          (4097, 201, 2055941)     46.333          0               0               0          1
          (4097, 201, 2055941)     50.667          0               0               0          1
          (4097, 121, 2055941)     46.333          0               0               0          1
          (4097, 121, 2055941)       46.5          0               0               0          1
           (4097, 27, 2055941)       46.5          0               0               0          1
          (4353, 201, 2055941)     46.583          0               0               0          1
          (4097, 233, 2055941)     46.667          0               0               0          1
           (4609, 43, 2055941)     46.667          0               0               0          1
          (4097, 185, 2055941)      46.75          0               0               0          1
          (4099, 115, 2055941)     48.417          0               0               0          1
          (4097, 235, 2055941)     48.417          0               0               0          1
          (4097, 235, 2055941)     48.583          0               0               0          1
          (4099, 123, 2055941)     50.417          0               0               0          1
