inputs: 2055941/1000 samples
                      [output]   [energy]  [A*B=out] [truth of cfas] [truth of chains]      [num]
          (7509, 253, 2055941)     10.083          0               0               1          1
          (7977, 251, 2055941)     14.083          0               0               1          1
          (6509, 121, 2055941)     14.167          0               0               1          1
          (6509, 121, 2055941)      24.25          0               0               1          1
          (5879, 127, 2055941)      14.25          0               0               1          1
          (7801, 253, 2055941)      14.25          0               0               1          1
          (7225, 121, 2055941)      14.25          0               0               1          1
          (6163, 123, 2055941)      14.25          0               0               1          1
          (6163, 123, 2055941)     28.167          0               0               1          1
          (6163, 123, 2055941)     32.333          0               0               1          1
          (5451, 123, 2055941)      14.25          0               0               1          1
          (6425, 123, 2055941)     14.333          0               0               1          1
          (8025, 123, 2055941)     16.083          0               0               1          1
          (8025, 123, 2055941)     20.417          0               0               1          1
          (4985, 251, 2055941)     16.083          0               0               0          1
          (4985, 251, 2055941)     30.417          0               0               0          1
          (5997, 249, 2055941)     16.083          0               0               1          1
          (6619, 105, 2055941)     16.083          0               0               1          1
          (7059, 123, 2055941)     16.167          0               0               1          1
          (6285, 121, 2055941)     16.167          0               0               1          1
          (8029, 127, 2055941)      16.25          0               0               1          1
          (8157, 121, 2055941)      16.25          0               0               1          1
          (6233, 125, 2055941)      16.25          0               0               1          1
          (6899, 123, 2055941)      16.25          0               0               1          1
          (6393, 123, 2055941)      16.25          0               0               1          1
          (6419, 107, 2055941)      16.25          0               0               1          1
          (5417, 249, 2055941)     16.333          0               0               1          1
          (8031, 123, 2055941)     16.333          0               0               1          1
          (8045, 121, 2055941)     16.333          0               0               1          1
          (6899, 127, 2055941)       18.0          0               0               0          1
          (7473, 249, 2055941)     18.083          0               0               1          1
          (8037, 251, 2055941)     18.167          0               0               1          1
          (8153, 251, 2055941)     18.167          0               0               1          1
          (6195, 123, 2055941)     18.167          0               0               1          1
          (7741, 127, 2055941)     18.167          0               0               1          1
          (8147, 123, 2055941)     18.167          0               0               1          1
          (5191, 115, 2055941)     18.167          0               0               1          1
          (5721, 121, 2055941)     18.167          0               0               1          1
          (8191, 123, 2055941)      18.25          0               0               1          1
          (6623, 123, 2055941)      18.25          0               0               1          1
          (7673, 123, 2055941)      18.25          0               0               1          1
          (6723, 123, 2055941)      18.25          0               0               1          1
          (8185, 123, 2055941)      18.25          0               0               1          1
          (7865, 123, 2055941)      18.25          0               0               1          1
          (6729, 115, 2055941)      18.25          0               0               1          1
          (6069, 125, 2055941)      18.25          0               0               1          1
          (7641, 123, 2055941)      18.25          0               0               1          1
          (5717, 241, 2055941)      18.25          0               0               1          1
          (7771, 127, 2055941)      18.25          0               0               1          1
          (6797, 217, 2055941)      18.25          0               0               1          1
          (7733, 121, 2055941)      18.25          0               0               1          1
          (6647, 127, 2055941)     18.333          0               0               1          1
          (8043, 123, 2055941)     18.333          0               0               1          1
          (5989, 123, 2055941)     18.333          0               0               1          1
          (6221, 121, 2055941)     18.333          0               0               1          1
          (7577, 123, 2055941)     18.333          0               0               1          1
          (6905, 123, 2055941)     18.333          0               0               1          1
          (6629, 123, 2055941)     18.333          0               0               1          1
          (6639, 107, 2055941)     18.333          0               0               1          1
          (8003, 113, 2055941)     18.333          0               0               1          1
           (8009, 91, 2055941)     18.333          0               0               1          1
          (7481, 251, 2055941)     18.417          0               0               1          1
          (7389, 249, 2055941)     18.417          0               0               1          1
          (6361, 251, 2055941)     18.417          0               0               1          1
          (6349, 249, 2055941)       18.5          0               0               1          1
          (5503, 123, 2055941)     18.583          0               0               1          1
          (8007, 123, 2055941)     20.083          0               0               1          1
          (4957, 121, 2055941)     20.083          0               0               1          1
          (7515, 127, 2055941)     20.083          0               0               0          1
          (6419, 121, 2055941)     20.083          0               0               1          1
          (7973, 123, 2055941)     20.167          0               0               1          1
          (7689, 123, 2055941)     20.167          0               0               1          1
          (7529, 121, 2055941)     20.167          0               0               1          1
          (7529, 121, 2055941)      22.25          0               0               1          1
          (7385, 121, 2055941)     20.167          0               0               1          1
          (7449, 121, 2055941)     20.167          0               0               1          1
          (7203, 113, 2055941)     20.167          0               0               1          1
          (5625, 251, 2055941)      20.25          0               0               1          1
          (5625, 251, 2055941)     24.333          0               0               1          1
          (8063, 123, 2055941)      20.25          0               0               1          1
          (8029, 255, 2055941)      20.25          0               0               1          1
          (6617, 251, 2055941)      20.25          0               0               1          1
          (6521, 251, 2055941)      20.25          0               0               1          1
          (8057, 123, 2055941)      20.25          0               0               1          1
          (8057, 123, 2055941)       20.5          0               0               1          1
          (8057, 123, 2055941)     22.167          0               0               0          1
          (8057, 123, 2055941)      24.25          0               0               1          1
          (7029, 125, 2055941)      20.25          0               0               1          1
          (6501, 121, 2055941)      20.25          0               0               1          1
          (4453, 249, 2055941)      20.25          0               0               1          1
          (7189, 121, 2055941)      20.25          0               0               1          1
          (7789, 121, 2055941)      20.25          0               0               1          1
          (5691, 121, 2055941)      20.25          0               0               1          1
          (6495, 123, 2055941)      20.25          0               0               1          1
          (7775, 123, 2055941)      20.25          0               0               1          1
          (5445, 121, 2055941)      20.25          0               0               1          1
          (6489, 121, 2055941)      20.25          0               0               1          1
          (6249, 121, 2055941)      20.25          0               0               1          1
          (8013, 121, 2055941)      20.25          0               0               1          1
          (8013, 121, 2055941)       24.5          0               0               1          1
          (7437, 121, 2055941)      20.25          0               0               1          1
          (6793, 121, 2055941)      20.25          0               0               1          1
          (5465, 233, 2055941)      20.25          0               0               1          1
          (6651, 127, 2055941)     20.333          0               0               1          1
          (6249, 251, 2055941)     20.333          0               0               1          1
          (6249, 251, 2055941)     28.333          0               0               1          1
          (5979, 127, 2055941)     20.333          0               0               1          1
          (8021, 251, 2055941)     20.333          0               0               1          1
          (6661, 123, 2055941)     20.333          0               0               1          1
          (6661, 123, 2055941)     32.333          0               0               1          1
          (6383, 123, 2055941)     20.333          0               0               1          1
          (4607, 123, 2055941)     20.333          0               0               1          1
          (8047, 123, 2055941)     20.333          0               0               1          1
          (8047, 123, 2055941)     22.167          0               0               1          1
          (7997, 121, 2055941)     20.333          0               0               0          1
          (6521, 123, 2055941)     20.333          0               0               1          1
          (6521, 123, 2055941)     22.167          0               0               1          1
          (6527, 123, 2055941)     20.333          0               0               1          1
          (6527, 123, 2055941)     24.333          0               0               1          1
          (6505, 121, 2055941)     20.333          0               0               1          1
          (8025, 251, 2055941)     20.333          0               0               1          1
          (7999, 123, 2055941)     20.333          0               0               1          1
          (6473, 123, 2055941)     20.333          0               0               1          1
          (8037, 233, 2055941)     20.333          0               0               1          1
          (6501, 251, 2055941)     20.417          0               0               1          1
          (6501, 251, 2055941)     26.333          0               0               1          1
          (6233, 251, 2055941)     20.417          0               0               1          1
          (6483, 123, 2055941)     20.417          0               0               1          1
          (4991, 123, 2055941)     20.417          0               0               1          1
          (5477, 251, 2055941)     20.417          0               0               1          1
          (6365, 123, 2055941)     20.417          0               0               1          1
          (7919, 123, 2055941)     20.417          0               0               1          1
          (8025, 121, 2055941)       20.5          0               0               1          1
          (7527, 123, 2055941)       20.5          0               0               1          1
          (7037, 249, 2055941)       20.5          0               0               1          1
          (5209, 123, 2055941)       20.5          0               0               1          1
          (7653, 123, 2055941)       20.5          0               0               1          1
          (6741, 235, 2055941)       20.5          0               0               1          1
          (6523, 123, 2055941)       20.5          0               0               1          1
          (6903, 123, 2055941)     20.583          0               0               1          1
          (7577, 121, 2055941)       22.0          0               0               1          1
          (6209, 241, 2055941)     22.083          0               0               1          1
          (6209, 241, 2055941)     28.333          0               0               1          1
          (5751, 123, 2055941)     22.083          0               0               1          1
          (6189, 121, 2055941)     22.083          0               0               1          1
          (6517, 121, 2055941)     22.167          0               0               1          1
          (7545, 251, 2055941)     22.167          0               0               1          1
          (5367, 123, 2055941)     22.167          0               0               1          1
          (4179, 123, 2055941)     22.167          0               0               0          1
          (7725, 249, 2055941)     22.167          0               0               1          1
          (7241, 121, 2055941)     22.167          0               0               1          1
          (7573, 123, 2055941)     22.167          0               0               1          1
          (7513, 123, 2055941)     22.167          0               0               1          1
          (7513, 123, 2055941)      22.25          0               0               1          1
          (7941, 113, 2055941)     22.167          0               0               1          1
          (7899, 127, 2055941)     22.167          0               0               1          1
          (7753, 121, 2055941)     22.167          0               0               1          1
          (6761, 121, 2055941)     22.167          0               0               1          1
           (7169, 97, 2055941)     22.167          0               0               1          1
          (8051, 127, 2055941)      22.25          0               0               1          1
          (7449, 249, 2055941)      22.25          0               0               1          1
          (7449, 249, 2055941)     26.417          0               0               1          1
          (7013, 123, 2055941)      22.25          0               0               0          1
          (5449, 123, 2055941)      22.25          0               0               1          1
          (6601, 121, 2055941)      22.25          0               0               1          1
          (6137, 123, 2055941)      22.25          0               0               1          1
          (6521, 121, 2055941)      22.25          0               0               1          1
          (8155, 123, 2055941)      22.25          0               0               1          1
          (7289, 123, 2055941)      22.25          0               0               1          1
          (7253, 121, 2055941)      22.25          0               0               1          1
          (7385, 251, 2055941)      22.25          0               0               1          1
          (7385, 251, 2055941)       22.5          0               0               1          1
          (4433, 243, 2055941)      22.25          0               0               0          1
          (7205, 105, 2055941)      22.25          0               0               1          1
          (6765, 121, 2055941)      22.25          0               0               1          1
          (6249, 123, 2055941)      22.25          0               0               1          1
          (6969, 123, 2055941)      22.25          0               0               1          1
          (4433, 113, 2055941)      22.25          0               0               0          1
          (5549, 255, 2055941)     22.333          0               0               1          1
          (7677, 251, 2055941)     22.333          0               0               1          1
          (8169, 123, 2055941)     22.333          0               0               1          1
          (6375, 127, 2055941)     22.333          0               0               1          1
          (8057, 251, 2055941)     22.333          0               0               1          1
          (6215, 123, 2055941)     22.333          0               0               1          1
          (6729, 107, 2055941)     22.333          0               0               1          1
          (7547, 127, 2055941)     22.333          0               0               1          1
          (6997, 251, 2055941)     22.333          0               0               1          1
          (6997, 251, 2055941)     30.417          0               0               1          2
          (6457, 251, 2055941)     22.333          0               0               0          1
          (6505, 249, 2055941)     22.333          0               0               1          1
          (6969, 127, 2055941)     22.333          0               0               1          1
          (6355, 123, 2055941)     22.333          0               0               1          1
          (8061, 127, 2055941)     22.333          0               0               1          1
          (7489, 123, 2055941)     22.333          0               0               1          1
          (8029, 249, 2055941)     22.333          0               0               1          1
          (7973, 121, 2055941)     22.333          0               0               1          1
          (7751, 115, 2055941)     22.333          0               0               0          1
          (5325, 121, 2055941)     22.333          0               0               1          1
          (7501, 121, 2055941)     22.333          0               0               1          1
          (6477, 121, 2055941)     22.333          0               0               1          1
          (7443, 115, 2055941)     22.333          0               0               1          1
          (5629, 251, 2055941)     22.417          0               0               1          1
          (6495, 127, 2055941)     22.417          0               0               1          1
          (6985, 251, 2055941)     22.417          0               0               1          1
          (8057, 127, 2055941)     22.417          0               0               1          1
          (8059, 127, 2055941)     22.417          0               0               1          1
          (8059, 127, 2055941)     24.083          0               0               1          1
          (6455, 123, 2055941)     22.417          0               0               1          1
          (8043, 127, 2055941)     22.417          0               0               1          1
          (6457, 123, 2055941)     22.417          0               0               1          1
          (6457, 123, 2055941)       26.5          0               0               1          1
          (5337, 251, 2055941)     22.417          0               0               1          1
          (6477, 123, 2055941)     22.417          0               0               1          1
          (7953, 241, 2055941)     22.417          0               0               1          1
          (6765, 249, 2055941)     22.417          0               0               1          1
          (6361, 241, 2055941)     22.417          0               0               1          1
          (7469, 233, 2055941)     22.417          0               0               1          1
          (6459, 123, 2055941)     22.417          0               0               1          1
           (7169, 81, 2055941)     22.417          0               0               1          1
           (7169, 81, 2055941)     24.333          0               0               1          1
           (7169, 81, 2055941)     28.583          0               0               1          1
           (7169, 81, 2055941)       30.5          0               0               1          1
          (6271, 123, 2055941)     22.417          0               0               1          1
          (6209, 193, 2055941)     22.417          0               0               1          1
           (7425, 81, 2055941)     22.417          0               0               1          1
           (5249, 83, 2055941)     22.417          0               0               0          1
          (6357, 249, 2055941)       22.5          0               0               1          1
          (6357, 249, 2055941)     24.333          0               0               1          1
          (6245, 251, 2055941)       22.5          0               0               1          1
          (6621, 251, 2055941)       22.5          0               0               1          1
          (7487, 127, 2055941)       22.5          0               0               1          1
          (7501, 123, 2055941)       22.5          0               0               1          1
          (7397, 249, 2055941)       22.5          0               0               1          1
          (5433, 123, 2055941)       22.5          0               0               1          1
          (7005, 249, 2055941)       22.5          0               0               1          1
          (7417, 251, 2055941)       22.5          0               0               1          1
          (4697, 251, 2055941)       22.5          0               0               1          1
          (6405, 241, 2055941)       22.5          0               0               1          1
          (7189, 233, 2055941)       22.5          0               0               1          1
           (6465, 57, 2055941)       22.5          0               0               1          1
          (7519, 123, 2055941)       22.5          0               0               1          1
          (7519, 123, 2055941)     26.417          0               0               1          1
           (7267, 87, 2055941)       22.5          0               0               1          1
          (6245, 209, 2055941)       22.5          0               0               1          1
          (4929, 251, 2055941)     24.083          0               0               0          1
          (8161, 127, 2055941)     24.083          0               0               1          1
           (7235, 97, 2055941)     24.083          0               0               1          1
          (4561, 107, 2055941)     24.083          0               0               1          1
           (5137, 83, 2055941)     24.083          0               0               0          1
          (7357, 255, 2055941)     24.167          0               0               1          1
          (8041, 123, 2055941)     24.167          0               0               1          1
          (7913, 123, 2055941)     24.167          0               0               1          1
          (6417, 123, 2055941)     24.167          0               0               1          1
          (7801, 127, 2055941)     24.167          0               0               1          1
          (5517, 121, 2055941)     24.167          0               0               1          1
          (4601, 251, 2055941)     24.167          0               0               1          1
          (2537, 123, 2055941)     24.167          0               0               0          1
          (5625, 123, 2055941)     24.167          0               0               1          1
          (5625, 123, 2055941)     24.583          0               0               1          1
          (6335, 123, 2055941)     24.167          0               0               1          1
          (6737, 123, 2055941)     24.167          0               0               1          1
          (6341, 121, 2055941)     24.167          0               0               1          1
          (7321, 121, 2055941)     24.167          0               0               1          1
          (7169, 209, 2055941)     24.167          0               0               1          1
           (6675, 99, 2055941)     24.167          0               0               1          1
           (6145, 83, 2055941)     24.167          0               0               1          1
           (6145, 83, 2055941)     34.417          0               0               1          1
           (6145, 83, 2055941)     36.417          0               0               1          1
           (6145, 83, 2055941)       36.5          0               0               0          1
           (7241, 97, 2055941)     24.167          0               0               1          1
          (4163, 107, 2055941)     24.167          0               0               0          1
          (6741, 123, 2055941)      24.25          0               0               1          1
          (6741, 123, 2055941)     32.417          0               0               1          1
          (7413, 127, 2055941)      24.25          0               0               1          1
          (7925, 127, 2055941)      24.25          0               0               1          1
          (7513, 251, 2055941)      24.25          0               0               1          1
          (7497, 249, 2055941)      24.25          0               0               1          1
          (6245, 123, 2055941)      24.25          0               0               1          1
          (6265, 121, 2055941)      24.25          0               0               1          1
          (6265, 123, 2055941)      24.25          0               0               1          1
          (5327, 123, 2055941)      24.25          0               0               1          1
          (7237, 123, 2055941)      24.25          0               0               1          1
          (7385, 123, 2055941)      24.25          0               0               1          1
          (7929, 251, 2055941)      24.25          0               0               1          1
          (7245, 121, 2055941)      24.25          0               0               1          1
          (6939, 121, 2055941)      24.25          0               0               1          1
          (6659, 203, 2055941)      24.25          0               0               1          1
          (4937, 123, 2055941)      24.25          0               0               1          1
          (8171, 111, 2055941)      24.25          0               0               1          1
          (5435, 123, 2055941)      24.25          0               0               1          1
          (6741, 251, 2055941)     24.333          0               0               1          1
          (6741, 251, 2055941)     28.333          0               0               1          1
          (6741, 251, 2055941)     30.583          0               0               1          1
          (6741, 251, 2055941)     32.333          0               0               1          1
          (4445, 255, 2055941)     24.333          0               0               1          1
          (7905, 251, 2055941)     24.333          0               0               1          1
          (8121, 123, 2055941)     24.333          0               0               1          1
          (7549, 127, 2055941)     24.333          0               0               1          1
          (7781, 251, 2055941)     24.333          0               0               1          1
          (6487, 123, 2055941)     24.333          0               0               1          1
          (7129, 123, 2055941)     24.333          0               0               1          1
          (7129, 123, 2055941)       26.5          0               0               1          1
          (6665, 121, 2055941)     24.333          0               0               1          1
          (7641, 249, 2055941)     24.333          0               0               1          1
          (8035, 123, 2055941)     24.333          0               0               1          1
          (6901, 249, 2055941)     24.333          0               0               1          1
          (5717, 121, 2055941)     24.333          0               0               1          1
          (6645, 121, 2055941)     24.333          0               0               1          1
          (6645, 121, 2055941)     28.417          0               0               1          1
          (5953, 249, 2055941)     24.333          0               0               1          1
          (6385, 121, 2055941)     24.333          0               0               1          1
          (6721, 227, 2055941)     24.333          0               0               1          1
          (5837, 121, 2055941)     24.333          0               0               1          1
          (7347, 123, 2055941)     24.333          0               0               1          1
           (5251, 11, 2055941)     24.333          0               0               0          1
          (4361, 123, 2055941)     24.333          0               0               0          1
          (7433, 107, 2055941)     24.333          0               0               1          1
          (7625, 107, 2055941)     24.333          0               0               1          1
          (6389, 251, 2055941)     24.417          0               0               1          1
          (4949, 251, 2055941)     24.417          0               0               1          1
          (7485, 241, 2055941)     24.417          0               0               1          1
          (6949, 247, 2055941)     24.417          0               0               1          1
          (5991, 123, 2055941)     24.417          0               0               1          1
          (7659, 127, 2055941)     24.417          0               0               1          1
          (6201, 251, 2055941)     24.417          0               0               1          1
          (6201, 251, 2055941)      28.25          0               0               1          1
          (5589, 249, 2055941)     24.417          0               0               1          1
          (6523, 121, 2055941)     24.417          0               0               1          1
          (7479, 123, 2055941)     24.417          0               0               1          1
          (5443, 123, 2055941)     24.417          0               0               1          1
          (8009, 235, 2055941)     24.417          0               0               1          1
          (7509, 251, 2055941)     24.417          0               0               1          1
          (7169, 177, 2055941)     24.417          0               0               1          1
           (6729, 57, 2055941)     24.417          0               0               1          1
          (7621, 121, 2055941)     24.417          0               0               1          1
          (7169, 217, 2055941)     24.417          0               0               1          1
           (6145, 97, 2055941)     24.417          0               0               1          1
           (6145, 97, 2055941)      34.25          0               0               0          1
           (6145, 97, 2055941)     36.333          0               0               1          1
          (6723, 115, 2055941)     24.417          0               0               1          1
           (6279, 35, 2055941)     24.417          0               0               0          1
           (7305, 81, 2055941)     24.417          0               0               1          1
           (6145, 65, 2055941)     24.417          0               0               1          1
           (6145, 65, 2055941)     30.333          0               0               1          1
           (6145, 65, 2055941)     32.167          0               0               1          1
           (6145, 65, 2055941)     32.417          0               0               1          1
           (6145, 65, 2055941)       34.5          0               0               1          1
           (6145, 65, 2055941)      36.25          0               0               1          1
          (5441, 107, 2055941)     24.417          0               0               1          1
          (8061, 251, 2055941)       24.5          0               0               1          1
          (5459, 123, 2055941)       24.5          0               0               1          1
          (5581, 249, 2055941)       24.5          0               0               1          1
          (7807, 123, 2055941)       24.5          0               0               1          1
          (5269, 209, 2055941)       24.5          0               0               0          1
           (6401, 83, 2055941)       24.5          0               0               1          1
           (6401, 83, 2055941)     30.417          0               0               1          1
          (7001, 249, 2055941)     24.583          0               0               1          1
          (6473, 251, 2055941)     24.583          0               0               1          1
          (6607, 123, 2055941)     24.583          0               0               1          1
          (6633, 249, 2055941)     24.583          0               0               1          1
          (6473, 235, 2055941)     24.583          0               0               1          1
          (6749, 127, 2055941)     24.667          0               0               1          1
          (7237, 249, 2055941)     24.667          0               0               1          1
          (4453, 121, 2055941)     26.083          0               0               1          1
          (7465, 123, 2055941)     26.083          0               0               1          1
           (5385, 97, 2055941)     26.083          0               0               0          1
          (5501, 123, 2055941)     26.167          0               0               1          1
          (7745, 115, 2055941)     26.167          0               0               1          1
          (6321, 243, 2055941)     26.167          0               0               1          1
          (4843, 123, 2055941)     26.167          0               0               1          1
          (7171, 113, 2055941)     26.167          0               0               1          1
          (4977, 121, 2055941)     26.167          0               0               1          1
          (6809, 121, 2055941)     26.167          0               0               1          1
          (7641, 121, 2055941)     26.167          0               0               1          1
           (4105, 35, 2055941)     26.167          0               0               0          1
           (4609, 19, 2055941)     26.167          0               0               0          1
          (6133, 127, 2055941)      26.25          0               0               1          1
          (5973, 251, 2055941)      26.25          0               0               1          1
          (5657, 249, 2055941)      26.25          0               0               1          1
          (4439, 127, 2055941)      26.25          0               0               1          1
          (7737, 123, 2055941)      26.25          0               0               1          1
          (7281, 249, 2055941)      26.25          0               0               1          1
          (7277, 121, 2055941)      26.25          0               0               1          1
          (7477, 251, 2055941)      26.25          0               0               1          1
          (6777, 123, 2055941)      26.25          0               0               1          1
          (4849, 123, 2055941)      26.25          0               0               1          1
          (7415, 123, 2055941)      26.25          0               0               1          1
          (7415, 123, 2055941)       28.5          0               0               1          1
          (7945, 121, 2055941)      26.25          0               0               1          1
          (7743, 123, 2055941)      26.25          0               0               0          1
          (5209, 121, 2055941)      26.25          0               0               1          1
          (4331, 123, 2055941)      26.25          0               0               1          1
          (5985, 243, 2055941)      26.25          0               0               1          1
          (6177, 115, 2055941)      26.25          0               0               1          1
          (7441, 249, 2055941)      26.25          0               0               1          1
          (7285, 249, 2055941)      26.25          0               0               1          1
          (7739, 121, 2055941)      26.25          0               0               1          1
          (6659, 113, 2055941)      26.25          0               0               1          1
           (5647, 27, 2055941)      26.25          0               0               1          1
          (7169, 105, 2055941)      26.25          0               0               1          1
          (7169, 105, 2055941)       34.5          0               0               1          1
          (7489, 115, 2055941)      26.25          0               0               1          1
          (4105, 107, 2055941)      26.25          0               0               0          1
          (4105, 107, 2055941)     40.333          0               0               0          1
          (6127, 123, 2055941)     26.333          0               0               1          1
          (6905, 249, 2055941)     26.333          0               0               1          1
          (7029, 123, 2055941)     26.333          0               0               1          1
          (5493, 127, 2055941)     26.333          0               0               0          1
          (8137, 251, 2055941)     26.333          0               0               1          1
          (6309, 251, 2055941)     26.333          0               0               1          1
          (6649, 123, 2055941)     26.333          0               0               1          1
          (4965, 251, 2055941)     26.333          0               0               0          1
          (5645, 123, 2055941)     26.333          0               0               1          1
          (7757, 249, 2055941)     26.333          0               0               1          1
          (6467, 123, 2055941)     26.333          0               0               1          1
          (4597, 249, 2055941)     26.333          0               0               1          1
          (4373, 251, 2055941)     26.333          0               0               1          1
          (5715, 123, 2055941)     26.333          0               0               1          1
          (4453, 251, 2055941)     26.333          0               0               0          1
          (4899, 123, 2055941)     26.333          0               0               1          1
          (6147, 251, 2055941)     26.333          0               0               1          1
          (6769, 121, 2055941)     26.333          0               0               1          1
          (7027, 123, 2055941)     26.333          0               0               1          1
          (7797, 123, 2055941)     26.333          0               0               1          1
          (6281, 235, 2055941)     26.333          0               0               1          1
          (6401, 219, 2055941)     26.333          0               0               1          1
           (6723, 83, 2055941)     26.333          0               0               1          1
          (5369, 123, 2055941)     26.333          0               0               1          1
          (6465, 243, 2055941)     26.333          0               0               1          1
          (4429, 121, 2055941)     26.333          0               0               0          1
          (6217, 123, 2055941)     26.333          0               0               1          1
           (6145, 49, 2055941)     26.333          0               0               1          1
           (6145, 49, 2055941)     28.583          0               0               1          1
           (6145, 49, 2055941)     32.333          0               0               1          2
           (6145, 49, 2055941)     34.417          0               0               1          1
           (6145, 49, 2055941)     40.583          0               0               0          1
          (8059, 123, 2055941)     26.333          0               0               1          1
          (7883, 123, 2055941)     26.333          0               0               0          1
          (6145, 105, 2055941)     26.333          0               0               1          1
          (6145, 105, 2055941)     36.333          0               0               0          1
           (6659, 83, 2055941)     26.333          0               0               1          1
           (6673, 75, 2055941)     26.333          0               0               1          1
          (7781, 255, 2055941)     26.417          0               0               1          1
          (6733, 251, 2055941)     26.417          0               0               1          1
          (7993, 249, 2055941)     26.417          0               0               1          1
          (7469, 251, 2055941)     26.417          0               0               1          1
          (6981, 123, 2055941)     26.417          0               0               1          1
          (7995, 251, 2055941)     26.417          0               0               1          1
          (6265, 249, 2055941)     26.417          0               0               1          1
          (6761, 251, 2055941)     26.417          0               0               1          1
          (7757, 123, 2055941)     26.417          0               0               1          1
          (6505, 217, 2055941)     26.417          0               0               1          1
          (8181, 251, 2055941)     26.417          0               0               1          1
          (7669, 127, 2055941)     26.417          0               0               1          1
          (6149, 115, 2055941)     26.417          0               0               1          1
          (7677, 249, 2055941)     26.417          0               0               0          1
          (7511, 123, 2055941)     26.417          0               0               1          1
          (6873, 249, 2055941)     26.417          0               0               1          1
          (6873, 249, 2055941)     28.417          0               0               1          1
          (6485, 121, 2055941)     26.417          0               0               1          1
          (6419, 123, 2055941)     26.417          0               0               1          1
           (6657, 81, 2055941)     26.417          0               0               1          1
          (7445, 121, 2055941)     26.417          0               0               1          1
          (7181, 241, 2055941)     26.417          0               0               1          1
          (7209, 121, 2055941)     26.417          0               0               1          1
           (5445, 57, 2055941)     26.417          0               0               1          1
          (6793, 107, 2055941)     26.417          0               0               1          1
           (6145, 81, 2055941)     26.417          0               0               1          1
           (6145, 81, 2055941)     28.333          0               0               1          1
           (6145, 81, 2055941)     28.417          0               0               1          1
           (6145, 81, 2055941)     30.417          0               0               1          1
           (6145, 81, 2055941)      32.25          0               0               0          1
           (6145, 81, 2055941)       32.5          0               0               1          1
           (6145, 81, 2055941)     34.417          0               0               0          1
           (6145, 81, 2055941)      36.25          0               0               0          1
           (6145, 81, 2055941)     42.583          0               0               1          1
           (6145, 81, 2055941)     46.833          0               0               1          1
           (7169, 33, 2055941)     26.417          0               0               1          1
           (7169, 33, 2055941)       36.5          0               0               1          1
           (6433, 33, 2055941)     26.417          0               0               1          1
           (7233, 67, 2055941)     26.417          0               0               1          1
           (7169, 83, 2055941)     26.417          0               0               1          1
           (7169, 83, 2055941)     36.667          0               0               1          1
           (6145, 73, 2055941)     26.417          0               0               1          1
           (6145, 73, 2055941)      32.25          0               0               1          1
           (6145, 73, 2055941)     32.417          0               0               1          1
           (6145, 73, 2055941)     34.333          0               0               1          1
           (6145, 73, 2055941)     34.417          0               0               1          1
           (6145, 73, 2055941)     36.583          0               0               1          1
           (6209, 17, 2055941)     26.417          0               0               1          1
           (6209, 17, 2055941)     34.583          0               0               1          1
           (6209, 17, 2055941)       38.5          0               0               1          1
          (5121, 105, 2055941)     26.417          0               0               1          1
          (8185, 255, 2055941)       26.5          0               0               1          1
          (6011, 255, 2055941)       26.5          0               0               1          1
          (6399, 123, 2055941)       26.5          0               0               1          1
          (6241, 249, 2055941)       26.5          0               0               1          1
          (7193, 249, 2055941)       26.5          0               0               1          1
          (7033, 123, 2055941)       26.5          0               0               1          1
          (7577, 251, 2055941)       26.5          0               0               1          1
          (6721, 155, 2055941)       26.5          0               0               1          1
          (6981, 113, 2055941)       26.5          0               0               1          1
          (5675, 121, 2055941)     26.583          0               0               1          1
          (6265, 187, 2055941)     26.583          0               0               1          1
          (6941, 121, 2055941)     26.583          0               0               1          1
          (7727, 123, 2055941)     26.583          0               0               1          1
          (6209, 113, 2055941)     26.583          0               0               1          1
          (6209, 113, 2055941)      32.25          0               0               1          1
          (7179, 115, 2055941)     26.583          0               0               1          1
           (6153, 25, 2055941)     26.583          0               0               1          1
          (6153, 105, 2055941)     26.583          0               0               1          1
          (6153, 105, 2055941)     32.333          0               0               1          1
          (5795, 251, 2055941)     26.667          0               0               1          1
          (6209, 213, 2055941)     26.667          0               0               1          1
          (7505, 251, 2055941)     28.083          0               0               1          1
          (6201, 123, 2055941)     28.167          0               0               1          1
          (5433, 251, 2055941)     28.167          0               0               1          1
          (6713, 123, 2055941)     28.167          0               0               1          1
          (6617, 123, 2055941)     28.167          0               0               0          1
          (7281, 121, 2055941)      28.25          0               0               1          1
          (5485, 121, 2055941)      28.25          0               0               1          1
          (4953, 219, 2055941)      28.25          0               0               1          1
          (7169, 113, 2055941)      28.25          0               0               1          1
          (7169, 113, 2055941)     32.333          0               0               1          1
          (6963, 123, 2055941)      28.25          0               0               1          1
          (7033, 249, 2055941)      28.25          0               0               1          1
          (4677, 123, 2055941)      28.25          0               0               1          1
          (5225, 243, 2055941)      28.25          0               0               1          1
            (6401, 1, 2055941)      28.25          0               0               1          1
           (7169, 65, 2055941)      28.25          0               0               1          1
           (7169, 65, 2055941)     36.333          0               0               1          2
           (6401, 99, 2055941)      28.25          0               0               1          1
           (6401, 97, 2055941)      28.25          0               0               1          1
           (6657, 65, 2055941)      28.25          0               0               1          1
          (6417, 105, 2055941)      28.25          0               0               1          1
          (8149, 251, 2055941)     28.333          0               0               1          1
          (6645, 251, 2055941)     28.333          0               0               1          1
          (6561, 251, 2055941)     28.333          0               0               1          1
          (7245, 251, 2055941)     28.333          0               0               1          1
          (5461, 251, 2055941)     28.333          0               0               1          1
          (5201, 251, 2055941)     28.333          0               0               1          1
          (8149, 127, 2055941)     28.333          0               0               1          1
          (5569, 123, 2055941)     28.333          0               0               1          1
          (6169, 209, 2055941)     28.333          0               0               1          1
          (7443, 123, 2055941)     28.333          0               0               1          1
          (7283, 123, 2055941)     28.333          0               0               1          1
           (6147, 97, 2055941)     28.333          0               0               1          1
           (6401, 67, 2055941)     28.333          0               0               1          1
           (5257, 83, 2055941)     28.333          0               0               0          1
          (7169, 193, 2055941)     28.333          0               0               1          1
          (8183, 251, 2055941)     28.417          0               0               0          1
          (7289, 251, 2055941)     28.417          0               0               1          1
          (8165, 123, 2055941)     28.417          0               0               1          1
          (6745, 123, 2055941)     28.417          0               0               1          1
          (7765, 127, 2055941)     28.417          0               0               1          1
          (7349, 249, 2055941)     28.417          0               0               1          1
          (7977, 249, 2055941)     28.417          0               0               0          1
          (7651, 123, 2055941)     28.417          0               0               1          1
          (5001, 123, 2055941)     28.417          0               0               1          1
          (7385, 249, 2055941)     28.417          0               0               1          1
          (5461, 121, 2055941)     28.417          0               0               1          1
          (5203, 123, 2055941)     28.417          0               0               1          1
          (6145, 113, 2055941)     28.417          0               0               1          1
          (6145, 113, 2055941)     32.167          0               0               1          1
          (6145, 113, 2055941)       36.5          0               0               1          1
          (7173, 113, 2055941)     28.417          0               0               1          1
          (7173, 209, 2055941)     28.417          0               0               1          1
           (6529, 51, 2055941)     28.417          0               0               1          1
          (4641, 227, 2055941)     28.417          0               0               0          1
           (5249, 81, 2055941)     28.417          0               0               1          1
          (6145, 137, 2055941)     28.417          0               0               1          1
          (6145, 137, 2055941)       36.5          0               0               1          1
           (6401, 91, 2055941)     28.417          0               0               1          1
          (5137, 147, 2055941)     28.417          0               0               1          1
          (6261, 251, 2055941)       28.5          0               0               1          1
          (6145, 251, 2055941)       28.5          0               0               1          1
          (7997, 255, 2055941)       28.5          0               0               1          1
          (6493, 249, 2055941)       28.5          0               0               1          1
          (8015, 123, 2055941)       28.5          0               0               1          1
          (7173, 249, 2055941)       28.5          0               0               1          1
          (7389, 123, 2055941)       28.5          0               0               1          1
          (7233, 209, 2055941)       28.5          0               0               1          1
          (5139, 115, 2055941)       28.5          0               0               1          1
           (6147, 17, 2055941)       28.5          0               0               1          1
          (6681, 233, 2055941)       28.5          0               0               1          1
           (4993, 59, 2055941)       28.5          0               0               0          1
          (8153, 249, 2055941)     28.583          0               0               1          1
          (8109, 123, 2055941)     28.583          0               0               1          1
          (7167, 127, 2055941)     28.583          0               0               1          1
          (7903, 123, 2055941)     28.583          0               0               1          1
            (7169, 3, 2055941)     28.583          0               0               1          1
           (7505, 83, 2055941)     28.667          0               0               0          1
           (6209, 59, 2055941)      28.75          0               0               1          1
          (7233, 249, 2055941)       30.0          0               0               1          1
          (4949, 123, 2055941)     30.167          0               0               1          1
          (7237, 121, 2055941)     30.167          0               0               1          1
          (7237, 121, 2055941)     32.167          0               0               1          1
           (5155, 83, 2055941)     30.167          0               0               0          1
          (4133, 121, 2055941)     30.167          0               0               0          1
           (5129, 91, 2055941)     30.167          0               0               0          1
           (5121, 41, 2055941)     30.167          0               0               1          1
           (7235, 99, 2055941)     30.167          0               0               1          1
           (4163, 99, 2055941)     30.167          0               0               0          1
           (7445, 89, 2055941)      30.25          0               0               1          1
          (5461, 233, 2055941)      30.25          0               0               1          1
          (7177, 121, 2055941)      30.25          0               0               1          1
          (6907, 123, 2055941)      30.25          0               0               1          1
          (6401, 249, 2055941)      30.25          0               0               1          1
          (6401, 249, 2055941)      34.25          0               0               1          1
          (5211, 113, 2055941)      30.25          0               0               1          1
          (4097, 121, 2055941)      30.25          0               0               0          1
          (4097, 121, 2055941)       42.5          0               0               0          1
           (7169, 41, 2055941)      30.25          0               0               1          1
          (4889, 123, 2055941)      30.25          0               0               0          1
           (6145, 33, 2055941)      30.25          0               0               1          1
           (6145, 33, 2055941)     30.417          0               0               1          1
           (6145, 33, 2055941)     30.667          0               0               1          1
           (6145, 33, 2055941)     32.333          0               0               1          1
           (6145, 33, 2055941)       32.5          0               0               1          1
           (6145, 33, 2055941)     34.417          0               0               1          2
           (6145, 33, 2055941)      40.25          0               0               1          1
           (4609, 91, 2055941)      30.25          0               0               1          1
           (4673, 67, 2055941)      30.25          0               0               0          1
          (6145, 177, 2055941)     30.333          0               0               0          1
          (7513, 249, 2055941)     30.333          0               0               1          1
          (7543, 123, 2055941)     30.333          0               0               0          1
          (7457, 123, 2055941)     30.333          0               0               1          1
            (7297, 3, 2055941)     30.333          0               0               1          1
          (6225, 227, 2055941)     30.333          0               0               1          1
           (6215, 83, 2055941)     30.333          0               0               0          1
           (5121, 91, 2055941)     30.333          0               0               0          1
           (5121, 91, 2055941)     40.583          0               0               0          1
          (6531, 105, 2055941)     30.333          0               0               1          1
           (5189, 65, 2055941)     30.333          0               0               0          1
          (7425, 113, 2055941)     30.333          0               0               1          1
           (4481, 81, 2055941)     30.333          0               0               0          1
           (4097, 35, 2055941)     30.333          0               0               0          1
           (5137, 75, 2055941)     30.333          0               0               0          1
          (5451, 251, 2055941)     30.417          0               0               1          1
          (4741, 249, 2055941)     30.417          0               0               0          1
          (6529, 251, 2055941)     30.417          0               0               1          1
          (7539, 123, 2055941)     30.417          0               0               1          1
          (6657, 193, 2055941)     30.417          0               0               1          1
          (7169, 161, 2055941)     30.417          0               0               1          1
          (7939, 115, 2055941)     30.417          0               0               1          1
           (7013, 27, 2055941)     30.417          0               0               1          1
           (6145, 17, 2055941)     30.417          0               0               1          2
           (6145, 17, 2055941)      32.25          0               0               1          1
           (6145, 17, 2055941)     32.417          0               0               0          1
           (6145, 17, 2055941)     36.417          0               0               1          1
           (6145, 17, 2055941)       36.5          0               0               1          1
           (6145, 17, 2055941)       38.5          0               0               1          1
           (6145, 17, 2055941)       42.5          0               0               1          1
          (5121, 217, 2055941)     30.417          0               0               1          1
           (7169, 89, 2055941)     30.417          0               0               1          1
           (5123, 51, 2055941)     30.417          0               0               1          1
           (7233, 43, 2055941)     30.417          0               0               1          1
           (7747, 27, 2055941)     30.417          0               0               1          1
          (5121, 107, 2055941)     30.417          0               0               0          1
          (6051, 123, 2055941)       30.5          0               0               1          1
          (7017, 251, 2055941)       30.5          0               0               1          1
          (4473, 251, 2055941)       30.5          0               0               1          1
          (6101, 251, 2055941)       30.5          0               0               1          1
          (8053, 251, 2055941)       30.5          0               0               1          1
          (4303, 123, 2055941)       30.5          0               0               1          1
          (5447, 123, 2055941)       30.5          0               0               1          1
           (6215, 99, 2055941)       30.5          0               0               1          1
          (6145, 115, 2055941)       30.5          0               0               1          1
          (6145, 115, 2055941)     34.417          0               0               1          1
          (6417, 241, 2055941)       30.5          0               0               1          1
          (7233, 233, 2055941)       30.5          0               0               1          1
           (6149, 73, 2055941)       30.5          0               0               1          1
           (7169, 17, 2055941)       30.5          0               0               1          1
          (4225, 227, 2055941)       30.5          0               0               1          1
            (6145, 3, 2055941)       30.5          0               0               1          1
            (6145, 3, 2055941)       38.5          0               0               1          1
            (6145, 3, 2055941)     40.583          0               0               1          1
           (7169, 19, 2055941)       30.5          0               0               1          1
          (7515, 115, 2055941)       30.5          0               0               1          1
           (7689, 57, 2055941)       30.5          0               0               1          1
           (6419, 91, 2055941)       30.5          0               0               1          1
           (5377, 11, 2055941)       30.5          0               0               1          1
           (6409, 43, 2055941)       30.5          0               0               1          1
           (7233, 75, 2055941)       30.5          0               0               1          1
           (5185, 59, 2055941)       30.5          0               0               0          1
          (7517, 241, 2055941)     30.583          0               0               1          1
          (7973, 155, 2055941)     30.583          0               0               1          1
          (5121, 115, 2055941)     30.583          0               0               1          1
          (5121, 115, 2055941)     32.333          0               0               0          1
           (6145, 41, 2055941)     30.583          0               0               1          1
           (6145, 41, 2055941)       36.5          0               0               1          1
           (6145, 41, 2055941)     40.583          0               0               1          1
          (6883, 251, 2055941)     30.667          0               0               0          1
          (7029, 249, 2055941)     30.667          0               0               1          1
           (7883, 91, 2055941)     30.667          0               0               1          1
          (5125, 251, 2055941)     30.667          0               0               0          1
          (6985, 123, 2055941)     30.667          0               0               1          1
          (6121, 251, 2055941)      30.75          0               0               1          1
          (6509, 251, 2055941)      30.75          0               0               1          1
          (6195, 227, 2055941)      30.75          0               0               1          1
           (7177, 43, 2055941)      30.75          0               0               1          1
          (5169, 123, 2055941)     32.167          0               0               1          1
          (6913, 113, 2055941)     32.167          0               0               1          1
          (6145, 169, 2055941)     32.167          0               0               1          1
          (6897, 121, 2055941)     32.167          0               0               1          1
           (4097, 19, 2055941)     32.167          0               0               0          1
           (4097, 19, 2055941)      34.25          0               0               0          1
           (4097, 19, 2055941)     36.417          0               0               0          1
           (4097, 19, 2055941)       44.5          0               0               0          1
           (4097, 19, 2055941)     46.167          0               0               0          1
          (6297, 241, 2055941)      32.25          0               0               1          1
          (4097, 241, 2055941)      32.25          0               0               0          1
            (5121, 1, 2055941)      32.25          0               0               0          1
          (7169, 195, 2055941)      32.25          0               0               1          1
           (6657, 89, 2055941)      32.25          0               0               1          1
           (5123, 99, 2055941)      32.25          0               0               0          1
           (4099, 75, 2055941)      32.25          0               0               0          1
            (6145, 1, 2055941)      32.25          0               0               0          1
            (6145, 1, 2055941)       32.5          0               0               1          1
            (6145, 1, 2055941)     36.333          0               0               0          1
           (4105, 73, 2055941)      32.25          0               0               0          1
           (4113, 43, 2055941)      32.25          0               0               0          1
          (7221, 123, 2055941)     32.333          0               0               1          1
          (7263, 251, 2055941)     32.333          0               0               0          1
           (6145, 89, 2055941)     32.333          0               0               1          2
           (6145, 89, 2055941)     34.417          0               0               1          1
           (6145, 89, 2055941)     34.417          0               0               0          1
          (5445, 249, 2055941)     32.333          0               0               1          1
          (5121, 225, 2055941)     32.333          0               0               0          1
          (6469, 241, 2055941)     32.333          0               0               1          1
          (7235, 115, 2055941)     32.333          0               0               1          1
           (6659, 49, 2055941)     32.333          0               0               0          1
          (4227, 203, 2055941)     32.333          0               0               0          1
            (7171, 3, 2055941)     32.333          0               0               1          1
           (4107, 51, 2055941)     32.333          0               0               0          1
           (4613, 97, 2055941)     32.333          0               0               0          1
           (7201, 67, 2055941)     32.333          0               0               1          1
           (4617, 19, 2055941)     32.333          0               0               0          1
          (6773, 255, 2055941)     32.417          0               0               1          1
          (8153, 127, 2055941)     32.417          0               0               1          1
          (6727, 251, 2055941)     32.417          0               0               1          1
          (6485, 123, 2055941)     32.417          0               0               1          1
          (6209, 243, 2055941)     32.417          0               0               1          1
           (6145, 51, 2055941)     32.417          0               0               1          1
           (6145, 51, 2055941)     36.417          0               0               1          1
           (6145, 51, 2055941)     36.583          0               0               1          1
           (6145, 51, 2055941)     36.667          0               0               1          1
           (6145, 51, 2055941)     38.667          0               0               1          1
           (6145, 51, 2055941)       41.0          0               0               1          1
          (5121, 211, 2055941)     32.417          0               0               0          1
          (6209, 123, 2055941)     32.417          0               0               1          1
          (6217, 115, 2055941)     32.417          0               0               1          1
          (6149, 249, 2055941)     32.417          0               0               0          1
          (6149, 249, 2055941)      36.75          0               0               1          1
           (6401, 81, 2055941)     32.417          0               0               1          1
          (6401, 123, 2055941)     32.417          0               0               1          1
          (6657, 209, 2055941)     32.417          0               0               1          1
          (6305, 107, 2055941)     32.417          0               0               1          1
          (2561, 187, 2055941)     32.417          0               0               0          1
           (6157, 25, 2055941)     32.417          0               0               1          1
          (6401, 209, 2055941)     32.417          0               0               1          1
           (5201, 83, 2055941)     32.417          0               0               0          1
           (7169, 75, 2055941)     32.417          0               0               1          1
           (4609, 67, 2055941)     32.417          0               0               0          1
          (6871, 251, 2055941)       32.5          0               0               0          1
          (5437, 123, 2055941)       32.5          0               0               1          1
          (6385, 249, 2055941)       32.5          0               0               1          1
          (6149, 241, 2055941)       32.5          0               0               1          1
          (6149, 241, 2055941)     34.333          0               0               0          1
          (6401, 211, 2055941)       32.5          0               0               1          1
          (3157, 255, 2055941)       32.5          0               0               0          1
           (6213, 89, 2055941)       32.5          0               0               1          1
           (6401, 35, 2055941)       32.5          0               0               1          1
           (6401, 35, 2055941)     32.583          0               0               1          1
          (6149, 219, 2055941)       32.5          0               0               1          1
          (6241, 225, 2055941)       32.5          0               0               1          1
           (6209, 65, 2055941)       32.5          0               0               1          1
           (5185, 91, 2055941)       32.5          0               0               1          1
          (6721, 251, 2055941)     32.583          0               0               1          1
           (5123, 59, 2055941)     32.583          0               0               1          1
           (5123, 59, 2055941)       36.5          0               0               0          1
           (6209, 41, 2055941)     32.583          0               0               1          1
          (7397, 251, 2055941)     32.667          0               0               1          1
           (6473, 59, 2055941)     32.667          0               0               1          1
          (7551, 123, 2055941)     32.667          0               0               1          1
           (6145, 57, 2055941)     32.667          0               0               1          1
           (6181, 25, 2055941)     32.667          0               0               1          1
           (6177, 19, 2055941)      32.75          0               0               1          1
          (6153, 107, 2055941)     32.833          0               0               1          1
           (4099, 19, 2055941)     34.083          0               0               0          1
           (4097, 33, 2055941)     34.167          0               0               0          1
           (4097, 33, 2055941)     38.417          0               0               0          1
           (4097, 33, 2055941)       40.5          0               0               0          1
           (4097, 33, 2055941)     44.167          0               0               0          1
           (4097, 33, 2055941)      44.25          0               0               0          1
           (4097, 33, 2055941)     44.417          0               0               0          1
           (4097, 33, 2055941)     46.333          0               0               0          1
           (4097, 83, 2055941)     34.167          0               0               0          1
           (4097, 83, 2055941)      40.25          0               0               0          1
            (5137, 1, 2055941)     34.167          0               0               0          1
           (4161, 91, 2055941)      34.25          0               0               0          1
           (5123, 19, 2055941)      34.25          0               0               0          1
           (4097, 65, 2055941)      34.25          0               0               0          1
           (4097, 65, 2055941)     38.333          0               0               1          1
           (4097, 65, 2055941)      44.25          0               0               0          1
           (4097, 89, 2055941)      34.25          0               0               0          1
           (4097, 89, 2055941)     38.333          0               0               0          1
           (4097, 89, 2055941)       38.5          0               0               0          1
           (4097, 89, 2055941)     40.167          0               0               0          1
           (4097, 89, 2055941)     46.417          0               0               0          1
          (4097, 209, 2055941)      34.25          0               0               0          1
           (5121, 27, 2055941)      34.25          0               0               0          1
           (5121, 27, 2055941)       34.5          0               0               0          1
          (5491, 107, 2055941)     34.333          0               0               0          1
          (6401, 243, 2055941)     34.333          0               0               1          1
          (6273, 241, 2055941)     34.333          0               0               1          1
           (6147, 75, 2055941)     34.333          0               0               1          1
           (6145, 75, 2055941)     34.333          0               0               1          1
           (6217, 97, 2055941)     34.333          0               0               1          1
           (7171, 83, 2055941)     34.333          0               0               0          1
           (6401, 27, 2055941)     34.333          0               0               0          1
          (5185, 235, 2055941)     34.333          0               0               0          1
           (6401, 19, 2055941)     34.333          0               0               0          1
          (7209, 251, 2055941)     34.417          0               0               1          1
          (6211, 113, 2055941)     34.417          0               0               1          1
          (6537, 123, 2055941)     34.417          0               0               1          1
            (6673, 1, 2055941)     34.417          0               0               1          1
          (7169, 169, 2055941)     34.417          0               0               1          1
          (6145, 145, 2055941)     34.417          0               0               1          1
          (6145, 145, 2055941)     34.583          0               0               1          1
          (6209, 233, 2055941)     34.417          0               0               1          1
           (6721, 81, 2055941)     34.417          0               0               1          1
           (5121, 19, 2055941)     34.417          0               0               1          1
           (5121, 19, 2055941)     38.417          0               0               0          1
           (6273, 25, 2055941)     34.417          0               0               0          1
           (4129, 35, 2055941)     34.417          0               0               0          1
           (4129, 35, 2055941)     36.417          0               0               0          1
          (6789, 123, 2055941)       34.5          0               0               1          1
           (7681, 41, 2055941)       34.5          0               0               1          1
           (6401, 57, 2055941)       34.5          0               0               1          1
            (6145, 9, 2055941)       34.5          0               0               1          1
            (6145, 9, 2055941)     40.417          0               0               1          1
          (5649, 227, 2055941)       34.5          0               0               1          1
            (6209, 1, 2055941)       34.5          0               0               1          1
          (6153, 179, 2055941)       34.5          0               0               1          1
          (6145, 193, 2055941)       34.5          0               0               1          1
          (6145, 193, 2055941)     36.333          0               0               1          1
          (7681, 155, 2055941)       34.5          0               0               1          1
           (6657, 43, 2055941)       34.5          0               0               1          1
           (6657, 43, 2055941)     38.667          0               0               0          1
          (6153, 123, 2055941)       34.5          0               0               1          1
          (6153, 123, 2055941)     36.583          0               0               1          1
           (4357, 55, 2055941)       34.5          0               0               0          1
           (6721, 59, 2055941)       34.5          0               0               1          1
           (4097, 97, 2055941)       34.5          0               0               0          1
           (4097, 97, 2055941)     36.167          0               0               0          1
           (4097, 97, 2055941)      42.25          0               0               0          1
           (7173, 41, 2055941)       34.5          0               0               0          1
          (6155, 115, 2055941)       34.5          0               0               0          1
          (6467, 115, 2055941)     34.583          0               0               0          1
          (7205, 179, 2055941)     34.583          0               0               1          1
           (7169, 67, 2055941)     34.583          0               0               1          1
          (6145, 241, 2055941)     34.667          0               0               1          1
          (6145, 241, 2055941)       38.5          0               0               0          1
          (6145, 241, 2055941)     42.583          0               0               1          1
          (7427, 123, 2055941)     34.667          0               0               1          1
          (6721, 179, 2055941)     34.667          0               0               1          1
           (6151, 91, 2055941)     34.833          0               0               1          1
          (6145, 107, 2055941)     34.833          0               0               1          1
          (6145, 107, 2055941)     38.333          0               0               1          1
           (6209, 75, 2055941)     36.167          0               0               0          1
           (4097, 81, 2055941)     36.167          0               0               0          1
           (4097, 81, 2055941)     42.167          0               0               0          1
          (7169, 225, 2055941)      36.25          0               0               1          1
          (4355, 115, 2055941)      36.25          0               0               0          1
           (4097, 67, 2055941)      36.25          0               0               0          1
           (4097, 67, 2055941)     46.417          0               0               0          1
           (4101, 91, 2055941)      36.25          0               0               1          1
           (6147, 91, 2055941)     36.333          0               0               0          1
           (6147, 91, 2055941)     36.667          0               0               0          1
           (6145, 99, 2055941)     36.333          0               0               1          1
           (6145, 99, 2055941)     42.417          0               0               0          1
          (6227, 121, 2055941)     36.333          0               0               1          1
          (6409, 121, 2055941)     36.333          0               0               1          1
           (4097, 17, 2055941)     36.333          0               0               0          1
           (4097, 17, 2055941)     38.167          0               0               0          1
           (4097, 17, 2055941)     40.417          0               0               0          1
           (4097, 17, 2055941)      42.25          0               0               0          1
           (4097, 17, 2055941)      46.25          0               0               0          1
           (4097, 17, 2055941)     46.417          0               0               0          1
            (4096, 1, 2055941)     36.333          0               0               0          1
            (4096, 1, 2055941)     46.333          0               0               0          1
           (4097, 51, 2055941)     36.333          0               0               1          1
           (4105, 49, 2055941)     36.333          0               0               0          1
           (4097, 73, 2055941)     36.333          0               0               0          1
           (4097, 73, 2055941)     38.167          0               0               0          1
          (7513, 255, 2055941)     36.417          0               0               1          1
          (6913, 251, 2055941)     36.417          0               0               1          1
          (7243, 123, 2055941)     36.417          0               0               1          1
          (6161, 169, 2055941)     36.417          0               0               1          1
           (6149, 81, 2055941)     36.417          0               0               1          1
          (6177, 113, 2055941)     36.417          0               0               1          1
          (4097, 227, 2055941)     36.417          0               0               0          1
          (4097, 227, 2055941)     42.667          0               0               0          1
           (5121, 43, 2055941)     36.417          0               0               1          1
           (4099, 43, 2055941)     36.417          0               0               0          1
           (4352, 11, 2055941)     36.417          0               0               0          1
          (6209, 249, 2055941)       36.5          0               0               1          1
          (6145, 131, 2055941)       36.5          0               0               1          1
          (4641, 249, 2055941)       36.5          0               0               0          1
          (4609, 243, 2055941)       36.5          0               0               0          1
           (6147, 83, 2055941)     36.583          0               0               1          1
           (6145, 25, 2055941)     36.583          0               0               1          1
           (6145, 25, 2055941)      38.75          0               0               1          1
           (6145, 25, 2055941)     40.417          0               0               0          1
           (6145, 25, 2055941)      44.25          0               0               0          1
           (6149, 97, 2055941)     36.583          0               0               1          1
           (6145, 67, 2055941)     36.583          0               0               1          1
           (5121, 33, 2055941)     36.583          0               0               0          1
           (6657, 35, 2055941)     36.583          0               0               1          1
          (6657, 123, 2055941)     36.667          0               0               0          1
          (6149, 153, 2055941)     36.667          0               0               1          1
          (6145, 243, 2055941)      36.75          0               0               1          1
          (4165, 123, 2055941)      36.75          0               0               0          1
          (6145, 123, 2055941)     36.833          0               0               1          1
          (6145, 123, 2055941)     50.833          0               0               1          1
            (4096, 9, 2055941)      38.25          0               0               0          1
           (4097, 11, 2055941)      38.25          0               0               0          1
           (4097, 11, 2055941)     44.417          0               0               0          1
           (4611, 83, 2055941)     38.333          0               0               0          1
           (6147, 99, 2055941)     38.333          0               0               1          1
           (4353, 81, 2055941)     38.333          0               0               0          1
           (5121, 89, 2055941)     38.333          0               0               0          1
          (7425, 243, 2055941)     38.417          0               0               1          1
          (6145, 225, 2055941)     38.417          0               0               1          1
           (6169, 17, 2055941)     38.417          0               0               1          1
           (6145, 27, 2055941)     38.417          0               0               0          1
          (4097, 115, 2055941)       38.5          0               0               0          1
           (4099, 91, 2055941)       38.5          0               0               0          1
           (5121, 11, 2055941)       38.5          0               0               0          1
          (4129, 115, 2055941)       38.5          0               0               0          1
          (6153, 219, 2055941)     38.583          0               0               1          1
          (6147, 113, 2055941)     38.583          0               0               1          1
          (6145, 153, 2055941)     38.583          0               0               1          1
          (6145, 153, 2055941)      38.75          0               0               1          1
          (6145, 179, 2055941)     38.583          0               0               1          1
          (6273, 233, 2055941)     38.583          0               0               1          1
          (4097, 123, 2055941)     38.583          0               0               0          1
           (4129, 25, 2055941)     38.667          0               0               0          1
          (4097, 179, 2055941)     40.167          0               0               0          1
          (4097, 179, 2055941)       42.5          0               0               0          1
          (4097, 179, 2055941)     46.583          0               0               0          1
           (4097, 25, 2055941)      40.25          0               0               0          1
          (4099, 107, 2055941)     40.417          0               0               0          1
          (4673, 227, 2055941)     40.417          0               0               0          1
          (4105, 123, 2055941)       40.5          0               0               0          1
          (6145, 147, 2055941)       40.5          0               0               1          1
          (4097, 169, 2055941)       40.5          0               0               0          1
           (4609, 51, 2055941)     40.583          0               0               0          1
           (5121, 51, 2055941)     40.583          0               0               0          1
          (4609, 123, 2055941)     40.667          0               0               0          1
           (6145, 35, 2055941)     40.667          0               0               1          1
          (5121, 187, 2055941)     40.667          0               0               0          1
           (6145, 43, 2055941)     40.667          0               0               1          1
           (6145, 43, 2055941)     42.417          0               0               0          1
           (6145, 43, 2055941)     46.667          0               0               1          1
           (4097, 59, 2055941)      42.25          0               0               0          1
           (4097, 59, 2055941)       42.5          0               0               1          1
          (4097, 201, 2055941)     42.333          0               0               0          1
          (4097, 203, 2055941)     42.333          0               0               0          1
            (4097, 3, 2055941)     42.417          0               0               0          1
           (4097, 57, 2055941)     42.583          0               0               0          1
           (4097, 57, 2055941)     44.667          0               0               0          1
           (4615, 59, 2055941)     42.667          0               0               0          1
           (6145, 59, 2055941)     42.667          0               0               0          1
            (4097, 9, 2055941)      44.25          0               0               0          1
          (4161, 169, 2055941)      44.25          0               0               0          1
          (4097, 161, 2055941)     44.333          0               0               0          1
           (4097, 41, 2055941)     44.333          0               0               0          1
          (6177, 105, 2055941)       44.5          0               0               0          1
          (6145, 161, 2055941)       44.5          0               0               1          1
          (4097, 131, 2055941)       44.5          0               0               0          1
          (4097, 107, 2055941)       44.5          0               0               0          1
            (4099, 9, 2055941)       44.5          0               0               0          1
          (4097, 129, 2055941)     44.583          0               0               0          1
          (4097, 129, 2055941)     50.417          0               0               0          1
            (4097, 1, 2055941)     46.333          0               0               0          1
          (4097, 145, 2055941)     46.417          0               0               0          1
          (4097, 163, 2055941)       46.5          0               0               0          1
           (4097, 27, 2055941)     46.667          0               0               0          1
           (4097, 75, 2055941)       48.5          0               0               0          1
          (4609, 233, 2055941)      48.75          0               0               0          1
           (4097, 43, 2055941)     50.667          0               0               0          1
           (4097, 91, 2055941)     52.583          0               0               0          1
