inputs: [16445771]/1000 samples
product                 energy   A*B=out      cfhs    chains  num 
(49039, 253, 16445771)     18.333          0     0     1     1
(56973, 215, 16445771)     20.417          0     0     1     1
(60317, 253, 16445771)      22.25          0     0     1     1
(54943, 253, 16445771)     22.333          0     0     1     1
(53023, 253, 16445771)     22.333          0     0     1     1
(53177, 255, 16445771)      24.25          0     0     1     1
(64685, 253, 16445771)     24.333          0     0     1     1
(33389, 183, 16445771)     24.333          0     0     0     1
(62413, 125, 16445771)     24.417          0     0     1     1
(65439, 253, 16445771)     24.417          0     0     0     1
(63157, 181, 16445771)     24.417          0     0     1     1
(47793, 247, 16445771)      26.25          0     0     1     1
(38589, 189, 16445771)      26.25          0     0     0     1
(65373, 255, 16445771)     26.333          0     0     1     1
(43661, 215, 16445771)     26.333          0     0     1     1
(51421, 245, 16445771)     26.333          0     0     1     1
(64013, 247, 16445771)     26.417          0     0     1     1
(43693, 221, 16445771)     26.417          0     0     1     1
(43797, 245, 16445771)     26.417          0     0     1     1
(44443, 181, 16445771)       26.5          0     0     1     1
(63839, 253, 16445771)       26.5          0     0     1     1
(64853, 189, 16445771)       26.5          0     0     1     1
(42559, 181, 16445771)       26.5          0     0     1     1
(43755, 181, 16445771)       26.5          0     0     1     1
(52143, 125, 16445771)     26.583          0     0     1     1
(56405, 165, 16445771)     26.583          0     0     1     1
(49141, 247, 16445771)     28.333          0     0     1     1
(40637, 189, 16445771)     28.333          0     0     1     1
(59397, 177, 16445771)     28.333          0     0     1     1
(52757, 245, 16445771)     28.417          0     0     1     1
(46933, 189, 16445771)     28.417          0     0     1     1
(60101, 181, 16445771)     28.417          0     0     1     1
(51837, 165, 16445771)       28.5          0     0     1     1
(54749, 181, 16445771)       28.5          0     0     1     1
(37381, 165, 16445771)       28.5          0     0     0     1
(60155, 61, 16445771)       28.5          0     0     1     1
(57947, 229, 16445771)       28.5          0     0     1     1
(51205, 181, 16445771)       28.5          0     0     1     1
(51205, 181, 16445771)     38.667          0     0     1     1
(40687, 245, 16445771)     28.583          0     0     0     1
(59397, 181, 16445771)     28.583          0     0     1     1
(59397, 181, 16445771)     34.583          0     0     1     1
(57029, 181, 16445771)     28.583          0     0     1     1
(47869, 183, 16445771)     28.667          0     0     1     1
(64785, 117, 16445771)     28.667          0     0     1     1
(60325, 21, 16445771)     28.667          0     0     1     1
(48957, 183, 16445771)      28.75          0     0     1     1
(36419, 245, 16445771)     30.083          0     0     0     1
(51893, 245, 16445771)     30.333          0     0     1     1
(56221, 247, 16445771)     30.333          0     0     1     1
(39453, 181, 16445771)     30.333          0     0     1     1
(61307, 117, 16445771)     30.333          0     0     1     1
(35393, 135, 16445771)     30.333          0     0     1     1
(34819, 129, 16445771)     30.333          0     0     0     1
(34819, 129, 16445771)     40.583          0     0     0     1
(48733, 245, 16445771)     30.417          0     0     1     1
(52221, 183, 16445771)     30.417          0     0     1     1
(35213, 125, 16445771)     30.417          0     0     0     1
(56975, 189, 16445771)     30.417          0     0     1     1
(55867, 181, 16445771)     30.417          0     0     1     1
(59629, 245, 16445771)     30.417          0     0     1     1
(35725, 189, 16445771)     30.417          0     0     0     1
(35725, 189, 16445771)       36.5          0     0     0     1
(44525, 237, 16445771)     30.417          0     0     1     1
(57363, 133, 16445771)     30.417          0     0     1     1
(39581, 253, 16445771)       30.5          0     0     0     1
(55157, 245, 16445771)       30.5          0     0     1     1
(63981, 253, 16445771)       30.5          0     0     1     1
(65245, 253, 16445771)       30.5          0     0     1     1
(60195, 157, 16445771)       30.5          0     0     1     1
(59997, 149, 16445771)       30.5          0     0     1     1
(48831, 245, 16445771)     30.583          0     0     1     1
(61149, 253, 16445771)     30.583          0     0     1     1
(57119, 245, 16445771)      30.75          0     0     1     1
(34441, 253, 16445771)     32.167          0     0     0     1
(55445, 241, 16445771)      32.25          0     0     1     1
(32807, 133, 16445771)      32.25          0     0     0     1
(56221, 215, 16445771)     32.333          0     0     1     1
(43677, 189, 16445771)     32.333          0     0     1     1
(37501, 189, 16445771)     32.333          0     0     0     1
(34341, 149, 16445771)     32.333          0     0     0     1
(47109, 149, 16445771)     32.333          0     0     1     1
(51205, 129, 16445771)     32.333          0     0     1     1
(53251, 129, 16445771)     32.333          0     0     1     1
(53251, 129, 16445771)     42.333          0     0     0     1
(47773, 189, 16445771)     32.417          0     0     0     1
(49173, 149, 16445771)     32.417          0     0     1     1
(60205, 189, 16445771)     32.417          0     0     1     1
(35613, 181, 16445771)     32.417          0     0     0     1
(51213, 181, 16445771)     32.417          0     0     1     1
(40191, 181, 16445771)       32.5          0     0     1     1
(61053, 191, 16445771)       32.5          0     0     1     1
(57341, 183, 16445771)       32.5          0     0     1     1
(58519, 189, 16445771)       32.5          0     0     1     1
(60197, 181, 16445771)       32.5          0     0     1     1
(50245, 181, 16445771)       32.5          0     0     1     1
(65245, 189, 16445771)     32.583          0     0     1     1
(64157, 253, 16445771)     32.583          0     0     1     1
(54141, 247, 16445771)     32.583          0     0     1     1
(47951, 189, 16445771)     32.583          0     0     1     1
(52493, 173, 16445771)     32.583          0     0     1     1
(52439, 253, 16445771)     32.667          0     0     1     1
(56853, 189, 16445771)     32.667          0     0     1     1
(49981, 149, 16445771)     32.667          0     0     1     1
(35437, 149, 16445771)     32.667          0     0     0     1
(56861, 181, 16445771)     32.667          0     0     1     1
(61149, 181, 16445771)      32.75          0     0     1     1
(65061, 181, 16445771)      32.75          0     0     1     1
(52831, 245, 16445771)     32.833          0     0     1     1
(52701, 253, 16445771)     32.833          0     0     1     1
(36651, 125, 16445771)     34.167          0     0     1     1
(34821, 129, 16445771)     34.167          0     0     0     1
(55932, 185, 16445771)      34.25          0     0     1     1
(52405, 189, 16445771)      34.25          0     0     1     1
(40965, 133, 16445771)      34.25          0     0     0     1
(40965, 133, 16445771)     44.333          0     0     0     1
(40965, 133, 16445771)       46.5          0     0     0     1
(40965, 133, 16445771)      46.75          0     0     0     1
(36701, 253, 16445771)     34.333          0     0     0     1
(65485, 245, 16445771)     34.333          0     0     1     1
(65485, 245, 16445771)     36.667          0     0     1     1
(44765, 181, 16445771)     34.333          0     0     1     1
(43541, 181, 16445771)     34.333          0     0     1     1
(43541, 181, 16445771)      46.75          0     0     0     1
(61953, 133, 16445771)     34.333          0     0     1     1
(35331, 133, 16445771)     34.333          0     0     0     1
(35037, 253, 16445771)     34.417          0     0     0     1
(59037, 189, 16445771)     34.417          0     0     1     1
(35981, 189, 16445771)     34.417          0     0     0     1
(56237, 245, 16445771)     34.417          0     0     1     1
(41765, 181, 16445771)     34.417          0     0     1     1
(49413, 149, 16445771)     34.417          0     0     0     1
(52245, 149, 16445771)     34.417          0     0     1     1
(51213, 53, 16445771)     34.417          0     0     1     1
(57349, 165, 16445771)     34.417          0     0     0     1
(47833, 253, 16445771)       34.5          0     0     1     1
(62101, 181, 16445771)       34.5          0     0     1     1
(48925, 149, 16445771)       34.5          0     0     0     1
(46735, 53, 16445771)       34.5          0     0     1     1
(44617, 149, 16445771)       34.5          0     0     1     1
(37061, 133, 16445771)       34.5          0     0     0     1
(40997, 149, 16445771)       34.5          0     0     1     1
(44757, 189, 16445771)     34.583          0     0     1     1
(51901, 253, 16445771)     34.583          0     0     1     1
(51861, 241, 16445771)     34.583          0     0     1     1
(56671, 245, 16445771)     34.583          0     0     1     1
(49157, 149, 16445771)     34.583          0     0     1     1
(49157, 149, 16445771)     36.417          0     0     1     1
(49157, 149, 16445771)     38.583          0     0     1     1
(49157, 149, 16445771)       40.5          0     0     1     1
(49157, 149, 16445771)     40.583          0     0     0     1
(49157, 149, 16445771)     42.583          0     0     0     1
(49157, 149, 16445771)       46.5          0     0     0     1
(49157, 149, 16445771)       46.5          0     0     1     1
(49157, 149, 16445771)     46.583          0     0     0     1
(49157, 149, 16445771)     48.583          0     0     0     1
(49157, 149, 16445771)      48.75          0     0     0     1
(49157, 149, 16445771)     50.417          0     0     0     1
(49157, 149, 16445771)     50.917          0     0     1     1
(51925, 177, 16445771)     34.583          0     0     1     1
(56835, 181, 16445771)     34.583          0     0     1     1
(49233, 149, 16445771)     34.583          0     0     1     1
(60221, 245, 16445771)     34.667          0     0     1     1
(35773, 183, 16445771)     34.667          0     0     1     1
(64859, 181, 16445771)     34.667          0     0     1     1
(59989, 181, 16445771)     34.667          0     0     1     1
(49997, 149, 16445771)     34.667          0     0     1     1
(33797, 181, 16445771)     34.667          0     0     0     1
(33797, 181, 16445771)      42.25          0     0     0     1
(33797, 181, 16445771)     48.667          0     0     0     1
(52861, 181, 16445771)      34.75          0     0     1     1
(57221, 191, 16445771)      34.75          0     0     1     1
(64517, 149, 16445771)      34.75          0     0     1     1
(49157, 53, 16445771)      34.75          0     0     1     1
(35027, 133, 16445771)      34.75          0     0     0     1
(63325, 253, 16445771)     34.917          0     0     1     1
(46975, 245, 16445771)     34.917          0     0     1     1
(34949, 133, 16445771)     36.167          0     0     0     1
(40541, 189, 16445771)     36.333          0     0     1     1
(56123, 181, 16445771)     36.333          0     0     1     1
(57347, 1, 16445771)     36.333          0     0     1     1
(51201, 129, 16445771)     36.333          0     0     0     1
(51201, 129, 16445771)     44.167          0     0     0     1
(57345, 129, 16445771)     36.333          0     0     1     1
(57345, 129, 16445771)     40.333          0     0     0     1
(57345, 129, 16445771)     40.333          0     0     1     1
(57345, 129, 16445771)     44.417          0     0     1     1
(50177, 85, 16445771)     36.417          0     0     1     1
(52029, 245, 16445771)     36.417          0     0     1     1
(43549, 245, 16445771)     36.417          0     0     0     1
(35353, 181, 16445771)     36.417          0     0     0     1
(36997, 165, 16445771)     36.417          0     0     0     1
(33367, 165, 16445771)     36.417          0     0     0     1
(51203, 165, 16445771)     36.417          0     0     1     1
(49155, 133, 16445771)     36.417          0     0     0     1
(49155, 133, 16445771)     42.333          0     0     1     1
(49155, 133, 16445771)     42.417          0     0     1     1
(49155, 133, 16445771)      42.75          0     0     1     1
(49155, 133, 16445771)     44.333          0     0     0     1
(49155, 133, 16445771)       44.5          0     0     1     1
(49155, 133, 16445771)       46.5          0     0     0     1
(61445, 165, 16445771)     36.417          0     0     1     1
(49159, 165, 16445771)     36.417          0     0     1     2
(49159, 165, 16445771)     42.583          0     0     1     1
(63491, 129, 16445771)     36.417          0     0     1     1
(64405, 245, 16445771)       36.5          0     0     1     1
(51869, 253, 16445771)       36.5          0     0     1     1
(57119, 181, 16445771)       36.5          0     0     1     1
(40453, 189, 16445771)       36.5          0     0     0     1
(40453, 189, 16445771)     46.667          0     0     1     1
(60967, 181, 16445771)       36.5          0     0     1     1
(45187, 181, 16445771)       36.5          0     0     0     1
(53253, 167, 16445771)       36.5          0     0     1     1
(51201, 133, 16445771)       36.5          0     0     1     1
(33285, 149, 16445771)       36.5          0     0     0     1
(33285, 149, 16445771)      46.75          0     0     0     1
(61441, 133, 16445771)       36.5          0     0     1     1
(49159, 133, 16445771)       36.5          0     0     0     1
(34837, 133, 16445771)       36.5          0     0     0     1
(56211, 191, 16445771)     36.583          0     0     1     1
(53505, 151, 16445771)     36.583          0     0     0     1
(56668, 237, 16445771)     36.583          0     0     1     1
(53077, 157, 16445771)     36.583          0     0     1     1
(51359, 245, 16445771)     36.583          0     0     1     1
(52671, 245, 16445771)     36.583          0     0     0     1
(43709, 181, 16445771)     36.583          0     0     1     1
(40507, 241, 16445771)     36.583          0     0     0     1
(61075, 241, 16445771)     36.583          0     0     1     1
(40517, 149, 16445771)     36.583          0     0     0     1
(41477, 135, 16445771)     36.583          0     0     0     1
(61441, 145, 16445771)     36.583          0     0     1     1
(61441, 145, 16445771)     50.583          0     0     1     1
(65457, 213, 16445771)     36.667          0     0     1     1
(51933, 63, 16445771)     36.667          0     0     1     1
(65469, 253, 16445771)     36.667          0     0     1     1
(49313, 149, 16445771)     36.667          0     0     1     1
(51823, 181, 16445771)     36.667          0     0     1     1
(63237, 149, 16445771)     36.667          0     0     0     1
(49155, 165, 16445771)     36.667          0     0     1     1
(49155, 165, 16445771)     46.583          0     0     1     1
(64477, 189, 16445771)      36.75          0     0     1     1
(63005, 181, 16445771)      36.75          0     0     1     1
(47717, 183, 16445771)      36.75          0     0     1     1
(65213, 189, 16445771)      36.75          0     0     1     1
(44229, 181, 16445771)      36.75          0     0     0     1
(61101, 253, 16445771)     36.833          0     0     1     1
(51205, 149, 16445771)     36.833          0     0     1     1
(51205, 149, 16445771)     46.583          0     0     0     1
(32901, 133, 16445771)      38.25          0     0     0     1
(49157, 165, 16445771)      38.25          0     0     1     1
(49157, 165, 16445771)     40.667          0     0     1     1
(49157, 165, 16445771)     42.583          0     0     0     1
(49157, 165, 16445771)     46.667          0     0     1     1
(49157, 165, 16445771)     48.583          0     0     0     1
(33989, 181, 16445771)     38.333          0     0     0     1
(42359, 125, 16445771)     38.333          0     0     0     1
(34819, 181, 16445771)     38.333          0     0     0     1
(57353, 129, 16445771)     38.333          0     0     1     1
(51723, 133, 16445771)     38.333          0     0     1     1
(51723, 133, 16445771)       38.5          0     0     1     1
(56477, 181, 16445771)     38.417          0     0     1     1
(33809, 19, 16445771)     38.417          0     0     0     1
(39439, 141, 16445771)     38.417          0     0     1     1
(36399, 61, 16445771)     38.417          0     0     0     1
(43017, 149, 16445771)     38.417          0     0     0     1
(33285, 165, 16445771)     38.417          0     0     0     1
(61445, 133, 16445771)     38.417          0     0     1     1
(35329, 163, 16445771)     38.417          0     0     0     1
(33285, 133, 16445771)     38.417          0     0     0     1
(33285, 133, 16445771)     46.417          0     0     0     1
(49281, 149, 16445771)     38.417          0     0     1     1
(49281, 149, 16445771)       48.5          0     0     0     1
(63349, 183, 16445771)       38.5          0     0     1     1
(44181, 245, 16445771)       38.5          0     0     0     1
(44013, 245, 16445771)       38.5          0     0     1     1
(35357, 181, 16445771)       38.5          0     0     0     1
(33029, 181, 16445771)       38.5          0     0     0     1
(33029, 181, 16445771)       42.5          0     0     0     1
(43811, 113, 16445771)       38.5          0     0     1     1
(43653, 181, 16445771)       38.5          0     0     0     1
(57349, 149, 16445771)       38.5          0     0     0     1
(37009, 151, 16445771)       38.5          0     0     0     1
(49165, 177, 16445771)       38.5          0     0     1     1
(32901, 181, 16445771)       38.5          0     0     0     1
(49157, 177, 16445771)       38.5          0     0     1     1
(49157, 177, 16445771)     40.333          0     0     1     1
(49157, 177, 16445771)     40.667          0     0     1     1
(58369, 129, 16445771)       38.5          0     0     0     1
(57021, 245, 16445771)     38.583          0     0     1     1
(47661, 245, 16445771)     38.583          0     0     1     1
(38479, 245, 16445771)     38.583          0     0     0     1
(51345, 5, 16445771)     38.583          0     0     1     1
(50701, 177, 16445771)     38.583          0     0     1     1
(43269, 181, 16445771)     38.583          0     0     0     1
(37511, 133, 16445771)     38.583          0     0     1     1
(50177, 129, 16445771)     38.583          0     0     1     1
(50177, 129, 16445771)       42.5          0     0     1     1
(49297, 149, 16445771)     38.583          0     0     1     1
(53253, 149, 16445771)     38.583          0     0     1     1
(53253, 149, 16445771)     40.583          0     0     0     1
(53253, 149, 16445771)     40.667          0     0     1     1
(49153, 145, 16445771)     38.583          0     0     1     1
(49153, 145, 16445771)       40.5          0     0     1     1
(49153, 145, 16445771)     42.417          0     0     1     1
(49153, 145, 16445771)     44.417          0     0     1     1
(49153, 145, 16445771)     46.333          0     0     0     1
(49153, 145, 16445771)       46.5          0     0     1     1
(49153, 145, 16445771)     48.417          0     0     0     1
(49153, 145, 16445771)     48.667          0     0     1     1
(49153, 145, 16445771)     50.417          0     0     0     1
(49153, 145, 16445771)     50.583          0     0     1     1
(61239, 181, 16445771)     38.667          0     0     1     1
(43901, 183, 16445771)     38.667          0     0     1     1
(55877, 181, 16445771)     38.667          0     0     1     1
(34453, 53, 16445771)     38.667          0     0     0     1
(36877, 149, 16445771)     38.667          0     0     0     1
(37915, 181, 16445771)     38.667          0     0     0     1
(32837, 181, 16445771)     38.667          0     0     0     1
(32837, 181, 16445771)       50.5          0     0     0     1
(49157, 181, 16445771)     38.667          0     0     1     1
(49157, 181, 16445771)       40.5          0     0     0     1
(49157, 181, 16445771)     42.667          0     0     0     1
(49157, 181, 16445771)     44.583          0     0     0     2
(49157, 181, 16445771)      44.75          0     0     1     1
(49157, 181, 16445771)     46.417          0     0     1     1
(49157, 181, 16445771)     46.417          0     0     0     1
(49157, 181, 16445771)     46.583          0     0     0     1
(49157, 181, 16445771)     50.833          0     0     1     1
(49157, 181, 16445771)     52.583          0     0     0     1
(52645, 133, 16445771)     38.667          0     0     1     1
(50877, 245, 16445771)      38.75          0     0     1     1
(64095, 229, 16445771)      38.75          0     0     1     1
(61055, 181, 16445771)      38.75          0     0     0     1
(44165, 181, 16445771)      38.75          0     0     0     1
(41221, 181, 16445771)      38.75          0     0     0     1
(46917, 181, 16445771)     38.833          0     0     1     1
(63189, 189, 16445771)     38.917          0     0     1     1
(49153, 129, 16445771)     40.167          0     0     1     1
(49153, 129, 16445771)     42.333          0     0     0     1
(49153, 129, 16445771)       46.5          0     0     1     1
(49153, 129, 16445771)     46.583          0     0     1     1
(49153, 129, 16445771)     48.417          0     0     1     1
(49153, 129, 16445771)       48.5          0     0     1     1
(49153, 129, 16445771)     50.333          0     0     0     1
(49153, 129, 16445771)     50.333          0     0     1     1
(34821, 133, 16445771)      40.25          0     0     0     1
(57347, 133, 16445771)     40.333          0     0     1     1
(51201, 145, 16445771)     40.333          0     0     1     1
(49153, 133, 16445771)     40.333          0     0     0     1
(49153, 133, 16445771)      42.25          0     0     1     1
(49153, 133, 16445771)       42.5          0     0     1     1
(49153, 133, 16445771)       44.5          0     0     1     1
(49153, 133, 16445771)     48.417          0     0     1     1
(49153, 133, 16445771)       50.5          0     0     1     1
(49153, 133, 16445771)     50.583          0     0     1     1
(49153, 133, 16445771)     52.333          0     0     0     1
(49153, 133, 16445771)     52.667          0     0     0     1
(49153, 133, 16445771)     52.667          0     0     1     1
(49153, 133, 16445771)       54.5          0     0     1     1
(49153, 133, 16445771)     54.667          0     0     1     1
(48957, 181, 16445771)     40.417          0     0     1     1
(62341, 173, 16445771)     40.417          0     0     1     1
(49173, 49, 16445771)     40.417          0     0     1     1
(49163, 165, 16445771)     40.417          0     0     1     1
(51211, 133, 16445771)     40.417          0     0     0     1
(32773, 165, 16445771)     40.417          0     0     0     1
(32773, 165, 16445771)     42.417          0     0     0     1
(32773, 165, 16445771)     44.583          0     0     0     2
(32773, 165, 16445771)     46.667          0     0     0     1
(32773, 165, 16445771)      50.25          0     0     0     1
(32773, 165, 16445771)     50.417          0     0     0     2
(32773, 165, 16445771)     50.583          0     0     1     1
(32773, 165, 16445771)     52.583          0     0     0     1
(32773, 165, 16445771)       56.5          0     0     0     1
(51715, 149, 16445771)     40.417          0     0     1     1
(49185, 149, 16445771)     40.417          0     0     1     1
(49155, 145, 16445771)     40.417          0     0     1     1
(49155, 145, 16445771)     44.417          0     0     1     1
(39869, 245, 16445771)       40.5          0     0     1     1
(59133, 125, 16445771)       40.5          0     0     1     1
(40029, 157, 16445771)       40.5          0     0     0     1
(41029, 181, 16445771)       40.5          0     0     1     1
(49153, 161, 16445771)       40.5          0     0     1     1
(49153, 161, 16445771)       44.5          0     0     1     1
(49153, 161, 16445771)     50.417          0     0     1     1
(49159, 5, 16445771)       40.5          0     0     1     1
(52865, 149, 16445771)       40.5          0     0     0     1
(49153, 181, 16445771)       40.5          0     0     1     1
(49153, 181, 16445771)     44.583          0     0     1     1
(49153, 181, 16445771)       48.5          0     0     1     1
(49153, 181, 16445771)      50.75          0     0     1     1
(49153, 181, 16445771)     58.917          0     0     0     1
(52229, 133, 16445771)       40.5          0     0     0     1
(35077, 133, 16445771)       40.5          0     0     0     1
(40993, 161, 16445771)       40.5          0     0     1     1
(38623, 241, 16445771)     40.583          0     0     0     1
(54143, 237, 16445771)     40.583          0     0     0     1
(57365, 149, 16445771)     40.583          0     0     0     1
(57365, 149, 16445771)     54.583          0     0     1     1
(53253, 181, 16445771)     40.583          0     0     1     1
(57345, 133, 16445771)     40.583          0     0     1     1
(49155, 129, 16445771)     40.583          0     0     1     1
(49155, 129, 16445771)     42.333          0     0     0     1
(49155, 129, 16445771)     48.417          0     0     1     1
(53257, 129, 16445771)     40.583          0     0     1     1
(49165, 181, 16445771)     40.583          0     0     1     1
(49165, 181, 16445771)     52.667          0     0     0     1
(51713, 129, 16445771)     40.583          0     0     1     1
(50305, 165, 16445771)     40.583          0     0     0     1
(57093, 181, 16445771)     40.667          0     0     1     1
(35753, 189, 16445771)     40.667          0     0     1     1
(52229, 181, 16445771)     40.667          0     0     1     1
(59157, 181, 16445771)     40.667          0     0     1     1
(61589, 181, 16445771)     40.667          0     0     1     1
(65029, 173, 16445771)     40.667          0     0     1     1
(49667, 129, 16445771)     40.667          0     0     0     1
(53717, 181, 16445771)      40.75          0     0     1     1
(61437, 247, 16445771)      40.75          0     0     1     1
(59829, 241, 16445771)      40.75          0     0     1     1
(55855, 189, 16445771)      40.75          0     0     1     1
(49153, 165, 16445771)      40.75          0     0     1     1
(52317, 181, 16445771)     40.833          0     0     1     1
(53245, 181, 16445771)     40.833          0     0     1     1
(52741, 181, 16445771)     40.917          0     0     1     1
(34633, 185, 16445771)      42.25          0     0     0     1
(43549, 149, 16445771)      42.25          0     0     1     1
(32777, 149, 16445771)      42.25          0     0     0     1
(32771, 133, 16445771)      42.25          0     0     0     1
(32771, 133, 16445771)     48.333          0     0     0     1
(32771, 133, 16445771)     50.417          0     0     0     1
(32771, 133, 16445771)     52.417          0     0     0     1
(32771, 133, 16445771)       52.5          0     0     0     1
(32771, 133, 16445771)     52.583          0     0     0     1
(32771, 133, 16445771)     54.583          0     0     0     1
(33281, 129, 16445771)      42.25          0     0     0     1
(33281, 129, 16445771)     48.333          0     0     1     1
(33281, 129, 16445771)       50.5          0     0     0     1
(32769, 145, 16445771)      42.25          0     0     0     1
(32769, 145, 16445771)     46.417          0     0     0     1
(32769, 145, 16445771)       46.5          0     0     0     1
(32769, 145, 16445771)     48.583          0     0     0     1
(32769, 145, 16445771)     50.333          0     0     0     1
(32769, 145, 16445771)       50.5          0     0     0     3
(32769, 145, 16445771)     52.583          0     0     0     1
(32769, 145, 16445771)      54.25          0     0     0     1
(32769, 145, 16445771)     54.417          0     0     0     1
(32769, 145, 16445771)       54.5          0     0     0     2
(32769, 145, 16445771)     54.583          0     0     0     1
(32769, 145, 16445771)     56.333          0     0     0     2
(32769, 145, 16445771)     58.417          0     0     0     1
(32769, 145, 16445771)       58.5          0     0     0     1
(32769, 145, 16445771)     60.417          0     0     0     1
(32781, 181, 16445771)     42.333          0     0     0     1
(32781, 181, 16445771)     44.917          0     0     0     1
(32781, 181, 16445771)       50.5          0     0     0     1
(32781, 181, 16445771)      56.75          0     0     0     1
(33281, 1, 16445771)     42.333          0     0     0     1
(33281, 1, 16445771)     48.333          0     0     0     1
(41473, 129, 16445771)     42.333          0     0     0     1
(59904, 65, 16445771)     42.333          0     0     1     1
(32779, 133, 16445771)     42.333          0     0     0     1
(32769, 129, 16445771)     42.333          0     0     0     1
(32769, 129, 16445771)     44.333          0     0     0     1
(32769, 129, 16445771)     44.583          0     0     0     1
(32769, 129, 16445771)      46.25          0     0     0     2
(32769, 129, 16445771)     46.417          0     0     0     1
(32769, 129, 16445771)     46.583          0     0     0     1
(32769, 129, 16445771)      48.25          0     0     0     1
(32769, 129, 16445771)     50.333          0     0     0     1
(32769, 129, 16445771)     50.417          0     0     0     2
(32769, 129, 16445771)       50.5          0     0     0     3
(32769, 129, 16445771)      52.25          0     0     1     1
(32769, 129, 16445771)     52.333          0     0     0     2
(32769, 129, 16445771)       52.5          0     0     0     1
(32769, 129, 16445771)      54.25          0     0     0     2
(32769, 129, 16445771)       54.5          0     0     0     1
(32769, 129, 16445771)      56.25          0     0     0     1
(32769, 129, 16445771)     56.333          0     0     0     1
(49669, 133, 16445771)     42.333          0     0     0     1
(40605, 189, 16445771)     42.417          0     0     0     1
(53261, 149, 16445771)     42.417          0     0     0     1
(49157, 133, 16445771)     42.417          0     0     0     1
(49157, 133, 16445771)     44.667          0     0     1     1
(49157, 133, 16445771)       46.5          0     0     1     2
(49157, 133, 16445771)      50.25          0     0     0     1
(49157, 133, 16445771)      50.25          0     0     1     1
(32957, 181, 16445771)     42.417          0     0     0     1
(32789, 37, 16445771)     42.417          0     0     0     1
(50181, 133, 16445771)     42.417          0     0     0     1
(32901, 129, 16445771)     42.417          0     0     0     1
(32777, 165, 16445771)     42.417          0     0     0     1
(32777, 165, 16445771)     62.583          0     0     0     1
(36867, 133, 16445771)     42.417          0     0     0     1
(50177, 149, 16445771)     42.417          0     0     0     1
(37121, 17, 16445771)     42.417          0     0     0     1
(35845, 165, 16445771)     42.417          0     0     0     1
(44597, 181, 16445771)       42.5          0     0     1     1
(41501, 245, 16445771)       42.5          0     0     1     1
(37067, 181, 16445771)       42.5          0     0     0     1
(34821, 149, 16445771)       42.5          0     0     0     1
(33797, 149, 16445771)       42.5          0     0     0     1
(33797, 149, 16445771)     46.417          0     0     0     1
(43525, 181, 16445771)       42.5          0     0     1     1
(32773, 181, 16445771)       42.5          0     0     1     1
(32773, 181, 16445771)     42.667          0     0     0     1
(32773, 181, 16445771)     44.667          0     0     0     1
(32773, 181, 16445771)       46.5          0     0     0     1
(32773, 181, 16445771)       48.5          0     0     0     1
(32773, 181, 16445771)     50.583          0     0     0     2
(32773, 181, 16445771)     50.667          0     0     0     1
(32773, 181, 16445771)     52.417          0     0     0     1
(32773, 181, 16445771)      56.75          0     0     0     1
(32773, 181, 16445771)     56.833          0     0     0     1
(32773, 181, 16445771)      58.75          0     0     0     1
(32773, 181, 16445771)     58.833          0     0     0     1
(32773, 181, 16445771)     58.917          0     0     0     1
(32773, 149, 16445771)       42.5          0     0     0     1
(32773, 149, 16445771)     44.417          0     0     0     1
(32773, 149, 16445771)     44.583          0     0     0     1
(32773, 149, 16445771)       46.5          0     0     0     2
(32773, 149, 16445771)     46.583          0     0     0     1
(32773, 149, 16445771)     48.583          0     0     0     3
(32773, 149, 16445771)     50.333          0     0     0     1
(32773, 149, 16445771)     50.417          0     0     0     1
(32773, 149, 16445771)       50.5          0     0     0     2
(32773, 149, 16445771)     52.333          0     0     0     1
(32773, 149, 16445771)       52.5          0     0     0     2
(32773, 149, 16445771)     52.667          0     0     0     1
(32773, 149, 16445771)       56.5          0     0     0     1
(32773, 149, 16445771)       58.5          0     0     0     1
(33345, 133, 16445771)       42.5          0     0     0     1
(49669, 181, 16445771)       42.5          0     0     1     1
(33923, 133, 16445771)       42.5          0     0     0     1
(49665, 161, 16445771)       42.5          0     0     1     1
(40961, 161, 16445771)       42.5          0     0     0     1
(40961, 161, 16445771)       44.5          0     0     0     1
(36869, 133, 16445771)       42.5          0     0     0     1
(36869, 133, 16445771)     48.667          0     0     0     1
(32771, 145, 16445771)       42.5          0     0     0     1
(32771, 145, 16445771)     54.417          0     0     0     1
(49159, 181, 16445771)       42.5          0     0     0     1
(49159, 181, 16445771)       48.5          0     0     0     1
(45185, 133, 16445771)       42.5          0     0     0     1
(34820, 129, 16445771)       42.5          0     0     0     1
(54301, 149, 16445771)     42.583          0     0     1     1
(40603, 181, 16445771)     42.583          0     0     1     1
(43013, 133, 16445771)     42.583          0     0     0     1
(37381, 181, 16445771)     42.583          0     0     0     1
(37381, 181, 16445771)      48.75          0     0     0     1
(41089, 145, 16445771)     42.583          0     0     0     1
(50177, 165, 16445771)     42.583          0     0     1     1
(38019, 133, 16445771)     42.583          0     0     0     1
(61309, 245, 16445771)     42.667          0     0     1     1
(59327, 189, 16445771)     42.667          0     0     1     1
(47549, 247, 16445771)     42.667          0     0     1     1
(40981, 165, 16445771)     42.667          0     0     0     1
(38917, 181, 16445771)     42.667          0     0     0     1
(35075, 133, 16445771)     42.667          0     0     0     1
(40965, 165, 16445771)     42.667          0     0     0     1
(40965, 165, 16445771)     46.583          0     0     0     1
(40965, 165, 16445771)     48.417          0     0     0     1
(49155, 161, 16445771)     42.667          0     0     1     1
(65241, 183, 16445771)      42.75          0     0     1     1
(43557, 181, 16445771)      42.75          0     0     0     1
(48987, 189, 16445771)      42.75          0     0     1     1
(60607, 245, 16445771)      42.75          0     0     0     1
(60765, 181, 16445771)      42.75          0     0     1     1
(40245, 181, 16445771)      42.75          0     0     1     1
(57347, 149, 16445771)      42.75          0     0     1     1
(51211, 181, 16445771)     42.917          0     0     1     1
(53725, 181, 16445771)       43.0          0     0     1     1
(34957, 145, 16445771)      44.25          0     0     0     1
(36867, 129, 16445771)      44.25          0     0     1     1
(32771, 129, 16445771)      44.25          0     0     0     1
(32771, 129, 16445771)     46.333          0     0     0     1
(32771, 129, 16445771)       46.5          0     0     0     2
(32771, 129, 16445771)     52.167          0     0     0     1
(49169, 177, 16445771)     44.333          0     0     0     1
(32805, 165, 16445771)     44.333          0     0     0     1
(32833, 133, 16445771)     44.333          0     0     0     1
(32833, 133, 16445771)      56.75          0     0     0     1
(32833, 133, 16445771)     58.583          0     0     0     1
(57345, 145, 16445771)     44.333          0     0     0     1
(57345, 145, 16445771)     44.417          0     0     1     1
(57345, 145, 16445771)     46.583          0     0     1     1
(57345, 145, 16445771)     46.667          0     0     1     1
(33285, 145, 16445771)     44.333          0     0     0     1
(33285, 145, 16445771)       50.5          0     0     0     1
(40965, 149, 16445771)     44.417          0     0     0     1
(53249, 161, 16445771)     44.417          0     0     1     1
(49217, 129, 16445771)     44.417          0     0     1     1
(49153, 5, 16445771)     44.417          0     0     1     1
(49153, 5, 16445771)     46.667          0     0     1     1
(49153, 5, 16445771)       48.5          0     0     1     1
(55304, 1, 16445771)     44.417          0     0     1     1
(14925, 181, 16445771)       44.5          0     0     0     1
(60965, 21, 16445771)       44.5          0     0     1     1
(44125, 181, 16445771)       44.5          0     0     0     1
(34945, 169, 16445771)       44.5          0     0     0     1
(33801, 129, 16445771)       44.5          0     0     0     1
(49155, 149, 16445771)       44.5          0     0     0     1
(49155, 149, 16445771)     46.333          0     0     1     1
(49155, 149, 16445771)       48.5          0     0     0     1
(51233, 133, 16445771)       44.5          0     0     1     1
(51717, 149, 16445771)       44.5          0     0     1     1
(49163, 133, 16445771)       44.5          0     0     1     1
(57349, 133, 16445771)       44.5          0     0     0     1
(32789, 133, 16445771)       44.5          0     0     0     1
(32789, 133, 16445771)     48.333          0     0     0     1
(51201, 161, 16445771)       44.5          0     0     0     1
(51201, 161, 16445771)       44.5          0     0     1     1
(35841, 145, 16445771)       44.5          0     0     0     1
(32901, 165, 16445771)       44.5          0     0     0     1
(45125, 149, 16445771)       44.5          0     0     1     1
(40961, 145, 16445771)       44.5          0     0     0     1
(46593, 133, 16445771)       44.5          0     0     0     1
(49153, 149, 16445771)       44.5          0     0     1     1
(49153, 149, 16445771)     44.583          0     0     0     1
(49153, 149, 16445771)     44.583          0     0     1     1
(49153, 149, 16445771)     48.333          0     0     1     1
(49153, 149, 16445771)     48.583          0     0     1     1
(49153, 149, 16445771)     50.583          0     0     1     1
(49153, 149, 16445771)       54.5          0     0     1     1
(35541, 253, 16445771)     44.583          0     0     1     1
(42287, 253, 16445771)     44.583          0     0     0     1
(40987, 157, 16445771)     44.583          0     0     0     1
(40997, 133, 16445771)     44.583          0     0     0     1
(38915, 129, 16445771)     44.583          0     0     1     1
(37381, 133, 16445771)     44.583          0     0     0     1
(51729, 133, 16445771)     44.583          0     0     0     1
(55853, 161, 16445771)     44.583          0     0     1     1
(32769, 49, 16445771)     44.583          0     0     0     1
(45065, 145, 16445771)     44.583          0     0     0     1
(49665, 165, 16445771)     44.583          0     0     0     1
(32777, 161, 16445771)     44.583          0     0     0     1
(32811, 149, 16445771)     44.583          0     0     0     1
(32777, 145, 16445771)     44.583          0     0     0     1
(32777, 145, 16445771)       56.5          0     0     0     1
(53249, 165, 16445771)     44.667          0     0     0     1
(53249, 165, 16445771)     46.667          0     0     1     1
(51203, 181, 16445771)     44.667          0     0     1     1
(49157, 161, 16445771)     44.667          0     0     1     1
(35329, 149, 16445771)     44.667          0     0     0     1
(48637, 253, 16445771)      44.75          0     0     1     1
(35549, 189, 16445771)      44.75          0     0     0     1
(57065, 61, 16445771)      44.75          0     0     1     1
(65029, 245, 16445771)      44.75          0     0     0     1
(40961, 181, 16445771)      44.75          0     0     1     1
(37895, 21, 16445771)      44.75          0     0     0     1
(33835, 181, 16445771)      44.75          0     0     0     1
(32817, 21, 16445771)      44.75          0     0     0     1
(50191, 245, 16445771)      44.75          0     0     0     1
(51265, 149, 16445771)      44.75          0     0     1     1
(50692, 161, 16445771)      44.75          0     0     1     1
(53207, 245, 16445771)     44.833          0     0     1     1
(61141, 181, 16445771)     44.833          0     0     1     1
(43069, 181, 16445771)     44.833          0     0     0     1
(32769, 161, 16445771)     46.083          0     0     0     1
(32769, 161, 16445771)     48.333          0     0     0     1
(32769, 161, 16445771)       52.5          0     0     0     1
(34817, 133, 16445771)      46.25          0     0     0     1
(34817, 133, 16445771)     46.667          0     0     0     1
(34817, 133, 16445771)     54.583          0     0     0     1
(57857, 145, 16445771)      46.25          0     0     1     1
(33041, 5, 16445771)      46.25          0     0     0     1
(32777, 129, 16445771)     46.333          0     0     0     1
(32777, 129, 16445771)     56.417          0     0     0     1
(40961, 149, 16445771)     46.333          0     0     1     1
(40961, 149, 16445771)     52.417          0     0     0     1
(40961, 149, 16445771)     54.583          0     0     0     1
(35073, 129, 16445771)     46.333          0     0     0     1
(37893, 129, 16445771)     46.333          0     0     0     1
(49152, 129, 16445771)     46.333          0     0     0     1
(49152, 129, 16445771)     50.417          0     0     1     1
(36865, 129, 16445771)     46.333          0     0     0     1
(36865, 129, 16445771)     48.167          0     0     0     1
(36865, 129, 16445771)     48.333          0     0     0     1
(33793, 133, 16445771)     46.333          0     0     0     1
(33793, 133, 16445771)      50.25          0     0     0     1
(32769, 133, 16445771)     46.333          0     0     0     1
(32769, 133, 16445771)     46.417          0     0     0     1
(32769, 133, 16445771)      48.25          0     0     0     1
(32769, 133, 16445771)     48.417          0     0     0     1
(32769, 133, 16445771)     48.583          0     0     0     1
(32769, 133, 16445771)     50.083          0     0     1     1
(32769, 133, 16445771)     50.583          0     0     0     1
(32769, 133, 16445771)     52.417          0     0     0     1
(32769, 133, 16445771)     54.333          0     0     0     1
(32769, 133, 16445771)     54.417          0     0     0     2
(32769, 133, 16445771)       54.5          0     0     0     2
(32769, 133, 16445771)      56.25          0     0     0     1
(32769, 133, 16445771)       56.5          0     0     0     1
(32769, 133, 16445771)     56.583          0     0     0     1
(32769, 133, 16445771)     58.333          0     0     0     1
(32769, 133, 16445771)     58.583          0     0     0     1
(56321, 133, 16445771)     46.417          0     0     1     1
(43013, 181, 16445771)     46.417          0     0     1     1
(33829, 149, 16445771)     46.417          0     0     0     1
(32903, 165, 16445771)     46.417          0     0     0     1
(49153, 21, 16445771)     46.417          0     0     0     1
(49153, 21, 16445771)       54.5          0     0     1     1
(33281, 145, 16445771)     46.417          0     0     0     1
(33281, 145, 16445771)     62.333          0     0     0     1
(45057, 145, 16445771)     46.417          0     0     0     1
(32773, 133, 16445771)     46.417          0     0     0     1
(32773, 133, 16445771)       48.5          0     0     0     3
(32773, 133, 16445771)     48.667          0     0     0     1
(32773, 133, 16445771)      50.25          0     0     0     1
(32773, 133, 16445771)     50.417          0     0     0     1
(32773, 133, 16445771)     50.583          0     0     0     1
(32773, 133, 16445771)     52.583          0     0     0     2
(32773, 133, 16445771)     54.417          0     0     0     1
(32773, 133, 16445771)     56.583          0     0     0     1
(32773, 133, 16445771)     56.667          0     0     0     1
(43017, 145, 16445771)     46.417          0     0     1     1
(41221, 133, 16445771)     46.417          0     0     0     1
(40961, 5, 16445771)     46.417          0     0     0     1
(31445, 253, 16445771)       46.5          0     0     0     1
(34817, 149, 16445771)       46.5          0     0     0     1
(34817, 149, 16445771)      56.25          0     0     0     1
(51201, 137, 16445771)       46.5          0     0     1     1
(36873, 177, 16445771)       46.5          0     0     0     1
(45057, 133, 16445771)       46.5          0     0     0     2
(33349, 165, 16445771)       46.5          0     0     0     1
(33280, 3, 16445771)       46.5          0     0     0     1
(49157, 21, 16445771)       46.5          0     0     0     1
(39041, 165, 16445771)       46.5          0     0     0     1
(43009, 145, 16445771)       46.5          0     0     0     1
(38517, 181, 16445771)     46.583          0     0     1     1
(35647, 245, 16445771)     46.583          0     0     0     1
(35381, 181, 16445771)     46.583          0     0     0     1
(36867, 213, 16445771)     46.583          0     0     0     1
(36865, 149, 16445771)     46.583          0     0     0     1
(36865, 149, 16445771)     50.333          0     0     0     1
(49249, 133, 16445771)     46.583          0     0     1     1
(32773, 5, 16445771)     46.583          0     0     0     1
(33797, 165, 16445771)     46.583          0     0     0     1
(36869, 129, 16445771)     46.583          0     0     0     1
(40963, 149, 16445771)     46.583          0     0     0     1
(40963, 149, 16445771)      46.75          0     0     1     1
(32789, 145, 16445771)     46.583          0     0     0     1
(40973, 177, 16445771)     46.583          0     0     0     1
(34885, 181, 16445771)     46.583          0     0     1     1
(41989, 181, 16445771)     46.583          0     0     0     1
(60349, 183, 16445771)     46.667          0     0     1     1
(49165, 149, 16445771)     46.667          0     0     1     2
(34829, 181, 16445771)     46.667          0     0     0     1
(49217, 133, 16445771)     46.667          0     0     1     1
(40965, 189, 16445771)     46.667          0     0     0     1
(32779, 181, 16445771)     46.667          0     0     0     1
(32779, 181, 16445771)       50.5          0     0     0     1
(49669, 149, 16445771)     46.667          0     0     1     1
(40965, 145, 16445771)     46.667          0     0     0     1
(40965, 145, 16445771)       56.5          0     0     1     1
(46213, 185, 16445771)      46.75          0     0     1     1
(64381, 181, 16445771)     46.833          0     0     1     1
(39533, 245, 16445771)     46.833          0     0     0     1
(57345, 1, 16445771)     48.167          0     0     1     1
(41473, 5, 16445771)     48.167          0     0     0     1
(32773, 1, 16445771)      48.25          0     0     0     1
(49154, 129, 16445771)      48.25          0     0     1     1
(32779, 149, 16445771)     48.333          0     0     0     1
(40961, 129, 16445771)     48.333          0     0     0     1
(40961, 129, 16445771)     48.417          0     0     0     1
(40961, 129, 16445771)     50.583          0     0     0     1
(32769, 17, 16445771)     48.333          0     0     0     2
(32769, 17, 16445771)     54.333          0     0     0     1
(41989, 129, 16445771)     48.333          0     0     0     1
(49157, 129, 16445771)     48.333          0     0     1     1
(49157, 129, 16445771)     52.333          0     0     0     1
(36881, 129, 16445771)     48.333          0     0     0     1
(57351, 149, 16445771)     48.417          0     0     0     1
(33281, 149, 16445771)     48.417          0     0     0     1
(53249, 145, 16445771)     48.417          0     0     0     1
(36865, 17, 16445771)     48.417          0     0     0     1
(32779, 5, 16445771)     48.417          0     0     0     1
(32775, 161, 16445771)     48.417          0     0     0     1
(34819, 133, 16445771)     48.417          0     0     0     1
(53249, 133, 16445771)     48.417          0     0     0     1
(49681, 133, 16445771)     48.417          0     0     0     1
(43333, 133, 16445771)     48.417          0     0     1     1
(43008, 129, 16445771)     48.417          0     0     0     1
(32769, 165, 16445771)     48.417          0     0     0     1
(32769, 165, 16445771)      52.25          0     0     0     1
(32769, 165, 16445771)       52.5          0     0     0     1
(32769, 165, 16445771)     52.667          0     0     0     1
(32769, 165, 16445771)     54.667          0     0     0     1
(32769, 165, 16445771)     56.333          0     0     0     1
(32769, 165, 16445771)       56.5          0     0     0     1
(32769, 165, 16445771)       58.5          0     0     0     1
(32769, 165, 16445771)       60.5          0     0     0     1
(32769, 149, 16445771)     48.417          0     0     0     1
(32769, 149, 16445771)     48.583          0     0     0     2
(32769, 149, 16445771)     50.583          0     0     0     1
(32769, 149, 16445771)     52.417          0     0     0     1
(32769, 149, 16445771)       52.5          0     0     0     3
(32769, 149, 16445771)     52.583          0     0     0     2
(32769, 149, 16445771)     54.333          0     0     0     1
(32769, 149, 16445771)     54.417          0     0     0     1
(32769, 149, 16445771)     54.667          0     0     0     2
(32769, 149, 16445771)      54.75          0     0     0     1
(32769, 149, 16445771)     56.583          0     0     0     1
(32769, 149, 16445771)     58.333          0     0     0     1
(32769, 149, 16445771)       58.5          0     0     0     1
(32769, 149, 16445771)     58.583          0     0     0     2
(32769, 149, 16445771)     60.667          0     0     0     1
(32769, 1, 16445771)       48.5          0     0     0     1
(32769, 1, 16445771)     52.417          0     0     0     1
(32769, 1, 16445771)       54.5          0     0     0     1
(32769, 1, 16445771)     56.417          0     0     0     1
(37923, 17, 16445771)       48.5          0     0     0     1
(49157, 145, 16445771)       48.5          0     0     1     1
(38915, 181, 16445771)       48.5          0     0     1     1
(33793, 149, 16445771)       48.5          0     0     0     1
(33793, 149, 16445771)       54.5          0     0     0     1
(33799, 133, 16445771)       48.5          0     0     0     1
(33799, 133, 16445771)      48.75          0     0     0     1
(32899, 133, 16445771)       48.5          0     0     0     1
(32773, 145, 16445771)       48.5          0     0     0     1
(32773, 145, 16445771)     52.333          0     0     0     1
(32773, 145, 16445771)     52.667          0     0     0     1
(32773, 145, 16445771)     54.417          0     0     0     1
(34817, 17, 16445771)       48.5          0     0     0     1
(32775, 197, 16445771)       48.5          0     0     0     1
(49217, 165, 16445771)       48.5          0     0     1     1
(32897, 149, 16445771)       48.5          0     0     0     1
(32773, 21, 16445771)       48.5          0     0     0     1
(32773, 21, 16445771)     50.417          0     0     0     1
(32901, 149, 16445771)       48.5          0     0     0     1
(33801, 145, 16445771)       48.5          0     0     0     1
(33801, 145, 16445771)     52.417          0     0     0     1
(33793, 145, 16445771)       48.5          0     0     0     1
(32815, 149, 16445771)     48.583          0     0     0     1
(34821, 181, 16445771)     48.583          0     0     0     1
(34821, 181, 16445771)     50.667          0     0     0     1
(35841, 149, 16445771)     48.583          0     0     0     1
(32771, 149, 16445771)     48.583          0     0     0     1
(32771, 149, 16445771)       52.5          0     0     0     1
(32779, 161, 16445771)     48.583          0     0     0     1
(32773, 129, 16445771)     48.583          0     0     0     1
(32773, 129, 16445771)     54.333          0     0     0     1
(32773, 129, 16445771)     54.417          0     0     0     1
(32773, 129, 16445771)       56.5          0     0     1     1
(32785, 149, 16445771)     48.583          0     0     0     1
(32817, 5, 16445771)     48.583          0     0     0     1
(37889, 129, 16445771)     48.583          0     0     0     1
(32835, 133, 16445771)     48.583          0     0     0     1
(32797, 181, 16445771)     48.667          0     0     0     1
(32797, 181, 16445771)     54.417          0     0     0     1
(32797, 181, 16445771)      54.75          0     0     0     1
(49665, 149, 16445771)     48.667          0     0     0     1
(32771, 181, 16445771)     48.667          0     0     0     1
(32771, 181, 16445771)     56.583          0     0     0     1
(32771, 181, 16445771)     60.583          0     0     0     1
(32771, 181, 16445771)     60.667          0     0     0     1
(57351, 165, 16445771)     48.667          0     0     1     1
(32789, 181, 16445771)     48.667          0     0     0     1
(32785, 145, 16445771)     48.667          0     0     1     1
(36933, 165, 16445771)     48.833          0     0     0     1
(40963, 53, 16445771)     48.833          0     0     0     1
(48893, 183, 16445771)     48.917          0     0     0     1
(32771, 49, 16445771)     50.333          0     0     0     1
(36897, 5, 16445771)     50.333          0     0     0     1
(32769, 135, 16445771)     50.333          0     0     0     1
(41533, 149, 16445771)     50.417          0     0     0     1
(45065, 133, 16445771)     50.417          0     0     0     1
(33089, 149, 16445771)     50.417          0     0     0     1
(32833, 129, 16445771)       50.5          0     0     0     1
(32833, 129, 16445771)      54.75          0     0     0     1
(32833, 129, 16445771)     56.417          0     0     0     1
(36901, 149, 16445771)       50.5          0     0     0     1
(49219, 149, 16445771)       50.5          0     0     0     1
(36865, 161, 16445771)       50.5          0     0     0     1
(57345, 161, 16445771)       50.5          0     0     1     1
(33025, 147, 16445771)       50.5          0     0     0     1
(32768, 1, 16445771)       50.5          0     0     0     1
(32768, 1, 16445771)     58.417          0     0     0     2
(32833, 165, 16445771)       50.5          0     0     0     1
(32779, 165, 16445771)       50.5          0     0     0     1
(32801, 133, 16445771)       50.5          0     0     0     1
(49163, 53, 16445771)     50.583          0     0     0     1
(36865, 165, 16445771)     50.583          0     0     0     1
(33289, 165, 16445771)     50.583          0     0     0     1
(36869, 181, 16445771)     50.583          0     0     0     1
(59893, 189, 16445771)     50.667          0     0     1     1
(36865, 133, 16445771)     50.667          0     0     0     1
(33857, 149, 16445771)     50.667          0     0     0     1
(36871, 165, 16445771)     50.667          0     0     0     1
(33797, 133, 16445771)     50.667          0     0     0     1
(33797, 133, 16445771)     52.583          0     0     0     1
(57349, 181, 16445771)      50.75          0     0     1     1
(40961, 17, 16445771)     50.833          0     0     1     1
(40961, 17, 16445771)     52.583          0     0     0     1
(33792, 193, 16445771)      52.25          0     0     0     1
(36993, 129, 16445771)     52.333          0     0     0     1
(34825, 165, 16445771)     52.333          0     0     0     1
(36865, 5, 16445771)     52.333          0     0     0     1
(32769, 5, 16445771)       52.5          0     0     0     1
(32769, 5, 16445771)     56.417          0     0     0     1
(32769, 5, 16445771)       56.5          0     0     0     1
(32783, 181, 16445771)       52.5          0     0     0     1
(34821, 145, 16445771)       52.5          0     0     0     1
(32837, 165, 16445771)       52.5          0     0     0     1
(33793, 161, 16445771)     52.583          0     0     0     1
(32773, 177, 16445771)     52.583          0     0     0     1
(32773, 177, 16445771)       56.5          0     0     0     1
(32773, 177, 16445771)     58.833          0     0     0     1
(53248, 129, 16445771)     52.583          0     0     1     1
(33813, 149, 16445771)     52.583          0     0     0     1
(32849, 177, 16445771)     52.583          0     0     0     1
(32771, 165, 16445771)     52.583          0     0     0     1
(32833, 149, 16445771)     52.583          0     0     0     1
(32769, 181, 16445771)      52.75          0     0     0     1
(32769, 181, 16445771)     58.917          0     0     0     1
(32769, 181, 16445771)     62.583          0     0     0     1
(32771, 177, 16445771)      52.75          0     0     0     1
(33285, 181, 16445771)      52.75          0     0     0     1
(49153, 177, 16445771)       53.0          0     0     1     1
(33027, 133, 16445771)      54.25          0     0     0     1
(34817, 1, 16445771)     54.333          0     0     0     1
(32784, 33, 16445771)     54.333          0     0     0     1
(34817, 145, 16445771)     54.417          0     0     0     1
(34817, 145, 16445771)       58.5          0     0     0     1
(32777, 133, 16445771)     54.417          0     0     0     1
(32777, 133, 16445771)     56.417          0     0     0     1
(32800, 1, 16445771)     54.417          0     0     0     1
(32769, 21, 16445771)       54.5          0     0     0     1
(32769, 21, 16445771)     58.417          0     0     0     1
(32769, 21, 16445771)       58.5          0     0     0     1
(32768, 65, 16445771)       54.5          0     0     0     1
(32769, 177, 16445771)       54.5          0     0     0     1
(32769, 177, 16445771)     56.583          0     0     0     1
(32775, 133, 16445771)       54.5          0     0     0     1
(32773, 167, 16445771)     54.583          0     0     0     1
(34817, 5, 16445771)     54.667          0     0     0     1
(51201, 165, 16445771)     54.667          0     0     0     1
(41989, 165, 16445771)     54.667          0     0     0     1
(36865, 177, 16445771)     54.667          0     0     0     1
(32917, 157, 16445771)     54.833          0     0     0     1
(32777, 177, 16445771)     54.833          0     0     0     1
(33941, 165, 16445771)     54.833          0     0     0     1
(48861, 245, 16445771)     54.917          0     0     0     1
(32785, 129, 16445771)     56.167          0     0     0     1
(32768, 17, 16445771)      56.25          0     0     0     1
(32801, 129, 16445771)     56.333          0     0     0     1
(32925, 161, 16445771)     56.583          0     0     0     1
(33289, 149, 16445771)     56.667          0     0     0     1
(32768, 133, 16445771)     56.667          0     0     0     1
(32768, 133, 16445771)     58.333          0     0     0     1
(32771, 21, 16445771)      56.75          0     0     0     1
(41217, 181, 16445771)      56.75          0     0     0     1
(60173, 149, 16445771)     56.917          0     0     1     1
(32769, 37, 16445771)     58.417          0     0     0     1
(32781, 145, 16445771)       58.5          0     0     0     1
(32897, 133, 16445771)       58.5          0     0     0     1
(32769, 33, 16445771)       58.5          0     0     0     1
(32769, 33, 16445771)     60.417          0     0     0     1
(32781, 149, 16445771)     58.667          0     0     0     1
(32768, 161, 16445771)     60.333          0     0     0     1
(32833, 21, 16445771)     60.833          0     0     1     1
(32795, 133, 16445771)       62.5          0     0     0     1
(32897, 135, 16445771)       66.5          0     0     0     1
(32768, 129, 16445771)     66.667          0     0     0     1
