inputs: [1027343]/1000 samples
product                 energy   A*B=out      cfhs    chains  num 
(4093, 251, 1027343)      4.083          1     0     1     1
(4093, 251, 1027343)        6.0          1     0     1     1
(4093, 251, 1027343)     10.083          1     0     1     1
(4093, 251, 1027343)     12.167          1     0     1     1
(4093, 251, 1027343)     12.333          1     0     1     1
(4093, 251, 1027343)     14.167          1     0     1     1
(4085, 243, 1027343)      4.083          0     0     1     1
(4085, 243, 1027343)      6.083          0     0     1     1
(4085, 243, 1027343)      8.167          0     0     1     1
(4085, 243, 1027343)     10.167          0     0     1     1
(4085, 243, 1027343)      10.25          0     0     1     1
(4085, 243, 1027343)     12.083          0     0     1     1
(4085, 249, 1027343)      6.083          0     0     1     1
(4085, 249, 1027343)     10.167          0     0     1     2
(4085, 249, 1027343)      10.25          0     0     1     2
(4085, 249, 1027343)      12.25          0     0     1     2
(4085, 249, 1027343)       14.0          0     0     1     1
(4085, 249, 1027343)     14.167          0     0     1     2
(4085, 249, 1027343)      14.25          0     0     1     1
(4085, 249, 1027343)      18.25          0     0     1     1
(3123, 245, 1027343)      6.167          0     0     1     1
(4069, 251, 1027343)        8.0          0     0     1     1
(4069, 251, 1027343)      8.083          0     0     1     2
(4069, 251, 1027343)      8.167          0     0     1     1
(4069, 251, 1027343)       8.25          0     0     1     1
(4069, 251, 1027343)     10.167          0     0     1     2
(4069, 251, 1027343)     12.083          0     0     1     1
(4069, 251, 1027343)     14.083          0     0     1     1
(4069, 251, 1027343)     14.167          0     0     1     1
(3270, 229, 1027343)        8.0          0     0     1     1
(3270, 229, 1027343)      8.083          0     0     1     1
(3270, 229, 1027343)     12.083          0     0     1     2
(3270, 229, 1027343)     12.167          0     0     1     1
(3270, 229, 1027343)     20.167          0     0     0     1
(3629, 245, 1027343)      8.083          0     0     1     1
(3629, 245, 1027343)       10.0          0     0     1     2
(3629, 245, 1027343)       12.0          0     0     1     2
(3629, 245, 1027343)     12.083          0     0     1     4
(3629, 245, 1027343)     12.167          0     0     1     4
(3629, 245, 1027343)      12.25          0     0     1     1
(3629, 245, 1027343)     14.167          0     0     1     2
(3629, 245, 1027343)     14.333          0     0     1     1
(3629, 245, 1027343)     16.083          0     0     1     1
(3629, 245, 1027343)     16.167          0     0     1     2
(3629, 245, 1027343)      16.25          0     0     1     1
(3629, 245, 1027343)     20.083          0     0     1     1
(3621, 243, 1027343)      8.083          0     0     1     3
(3621, 243, 1027343)     12.083          0     0     0     1
(3621, 243, 1027343)     14.083          0     0     1     1
(3629, 241, 1027343)      8.167          0     0     1     3
(3629, 241, 1027343)     10.083          0     0     1     2
(3629, 241, 1027343)     10.167          0     0     1     1
(3629, 241, 1027343)      10.25          0     0     1     3
(3629, 241, 1027343)     12.083          0     0     1     1
(3629, 241, 1027343)     12.167          0     0     1     5
(3629, 241, 1027343)     14.167          0     0     1     1
(3629, 241, 1027343)      14.25          0     0     1     1
(3629, 241, 1027343)     16.083          0     0     1     4
(3629, 241, 1027343)     16.167          0     0     1     1
(3629, 241, 1027343)     18.167          0     0     1     2
(3629, 241, 1027343)      18.25          0     0     1     1
(3629, 241, 1027343)     20.167          0     0     1     1
(3629, 241, 1027343)       22.5          0     0     1     1
(2613, 243, 1027343)       10.0          0     0     1     1
(2613, 243, 1027343)     12.167          0     0     1     2
(2613, 243, 1027343)      12.25          0     0     1     1
(2613, 243, 1027343)       14.0          0     0     0     1
(2613, 243, 1027343)       14.0          0     0     1     1
(2613, 243, 1027343)     14.083          0     0     1     3
(2613, 243, 1027343)     14.167          0     0     1     2
(2613, 243, 1027343)      14.25          0     0     1     4
(2613, 243, 1027343)     14.333          0     0     1     3
(2613, 243, 1027343)       16.0          0     0     1     1
(2613, 243, 1027343)     16.083          0     0     1     4
(2613, 243, 1027343)     16.167          0     0     1     1
(2613, 243, 1027343)      16.25          0     0     0     1
(2613, 243, 1027343)      16.25          0     0     1     1
(2613, 243, 1027343)     18.167          0     0     1     1
(2613, 243, 1027343)     20.083          0     0     1     1
(2613, 243, 1027343)     20.083          0     0     0     1
(2613, 243, 1027343)     22.167          0     0     1     1
(4077, 249, 1027343)     10.083          0     0     1     1
(4077, 249, 1027343)     14.167          0     0     1     1
(4077, 249, 1027343)     14.417          0     0     1     1
(4077, 249, 1027343)     16.167          0     0     1     1
(4077, 249, 1027343)       18.0          0     0     0     1
(4077, 249, 1027343)     18.167          0     0     1     1
(4069, 243, 1027343)     10.083          0     0     1     2
(4069, 243, 1027343)     10.167          0     0     1     2
(4069, 243, 1027343)     12.167          0     0     1     1
(3143, 249, 1027343)     10.083          0     0     1     1
(3143, 249, 1027343)     10.167          0     0     1     1
(3143, 249, 1027343)     10.333          0     0     1     1
(3143, 249, 1027343)     14.167          0     0     1     1
(3621, 211, 1027343)     10.083          0     0     1     1
(4069, 249, 1027343)     10.167          0     0     1     3
(4069, 249, 1027343)     12.083          0     0     1     4
(4069, 249, 1027343)     12.167          0     0     1     2
(4069, 249, 1027343)      12.25          0     0     1     2
(4069, 249, 1027343)       14.0          0     0     1     1
(4069, 249, 1027343)     14.167          0     0     1     1
(4069, 249, 1027343)     16.083          0     0     1     1
(4069, 249, 1027343)     16.333          0     0     1     1
(4069, 249, 1027343)     20.083          0     0     1     1
(4069, 249, 1027343)       22.5          0     0     1     1
(4069, 249, 1027343)     28.417          0     0     1     1
(3123, 241, 1027343)     10.167          0     0     1     1
(3123, 241, 1027343)     12.083          0     0     1     3
(3123, 241, 1027343)     12.167          0     0     1     2
(3123, 241, 1027343)      12.25          0     0     1     1
(3123, 241, 1027343)     14.083          0     0     1     1
(3123, 241, 1027343)     16.083          0     0     1     1
(3123, 241, 1027343)      22.25          0     0     1     1
(3647, 241, 1027343)      10.25          0     0     1     2
(3647, 241, 1027343)     10.333          0     0     1     1
(3647, 241, 1027343)      12.25          0     0     1     2
(3647, 241, 1027343)      14.25          0     0     1     2
(3647, 241, 1027343)     16.333          0     0     1     1
(3647, 241, 1027343)     18.083          0     0     1     1
(3647, 241, 1027343)     18.333          0     0     1     1
(3783, 225, 1027343)      10.25          0     0     1     1
(3783, 225, 1027343)     16.083          0     0     1     2
(3783, 225, 1027343)      16.25          0     0     1     4
(3783, 225, 1027343)     18.167          0     0     1     1
(3783, 225, 1027343)      18.25          0     0     1     1
(3783, 225, 1027343)     20.333          0     0     1     2
(3783, 225, 1027343)     20.417          0     0     1     1
(3717, 251, 1027343)       12.0          0     0     1     1
(3717, 251, 1027343)     12.083          0     0     1     2
(3717, 251, 1027343)      12.25          0     0     1     1
(3717, 251, 1027343)     14.083          0     0     1     2
(3717, 251, 1027343)     14.167          0     0     1     2
(3717, 251, 1027343)      14.25          0     0     1     1
(3717, 251, 1027343)     16.417          0     0     1     1
(3077, 249, 1027343)       12.0          0     0     1     1
(3077, 249, 1027343)     12.083          0     0     1     1
(3077, 249, 1027343)     16.083          0     0     1     1
(3077, 249, 1027343)       18.0          0     0     1     1
(4005, 253, 1027343)       12.0          0     0     1     1
(4005, 253, 1027343)     12.083          0     0     1     1
(4005, 253, 1027343)      16.25          0     0     1     1
(3109, 249, 1027343)       12.0          0     0     1     1
(3109, 249, 1027343)     12.083          0     0     1     5
(3109, 249, 1027343)     14.167          0     0     1     1
(3109, 249, 1027343)     16.167          0     0     1     3
(3109, 249, 1027343)      16.25          0     0     1     2
(3109, 249, 1027343)     18.083          0     0     1     1
(3109, 249, 1027343)     18.167          0     0     1     1
(3109, 249, 1027343)     20.083          0     0     1     2
(3109, 249, 1027343)      20.25          0     0     1     1
(3109, 249, 1027343)     20.333          0     0     1     1
(2597, 243, 1027343)       12.0          0     0     1     4
(2597, 243, 1027343)     12.083          0     0     1     7
(2597, 243, 1027343)     12.167          0     0     1     3
(2597, 243, 1027343)      12.25          0     0     1     2
(2597, 243, 1027343)       14.0          0     0     1     2
(2597, 243, 1027343)     14.083          0     0     1     2
(2597, 243, 1027343)     16.083          0     0     1     3
(2597, 243, 1027343)     16.167          0     0     1     1
(2597, 243, 1027343)      16.25          0     0     1     1
(2597, 243, 1027343)     18.083          0     0     1     2
(2597, 243, 1027343)     18.167          0     0     1     1
(2597, 243, 1027343)      18.25          0     0     1     2
(2597, 243, 1027343)     18.333          0     0     1     1
(2597, 243, 1027343)     20.167          0     0     1     1
(2597, 243, 1027343)     20.333          0     0     1     1
(3973, 251, 1027343)     12.083          0     0     1     1
(3973, 251, 1027343)       14.0          0     0     1     1
(3973, 251, 1027343)     14.167          0     0     1     1
(3973, 251, 1027343)     16.083          0     0     1     1
(3973, 251, 1027343)     16.167          0     0     1     1
(3973, 251, 1027343)      16.25          0     0     1     1
(3973, 251, 1027343)      18.25          0     0     1     1
(3973, 247, 1027343)     12.083          0     0     1     1
(3973, 247, 1027343)     14.083          0     0     1     1
(3973, 247, 1027343)      14.25          0     0     1     1
(3973, 247, 1027343)     16.167          0     0     1     1
(3973, 247, 1027343)     18.083          0     0     1     1
(4005, 249, 1027343)     12.083          0     0     1     1
(4005, 249, 1027343)     12.167          0     0     1     2
(4005, 249, 1027343)     14.167          0     0     1     2
(4005, 249, 1027343)     14.333          0     0     1     1
(4005, 249, 1027343)     16.167          0     0     1     1
(4005, 249, 1027343)     20.333          0     0     1     1
(3270, 239, 1027343)     12.083          0     0     1     1
(3270, 239, 1027343)     12.167          0     0     1     1
(3271, 229, 1027343)     12.083          0     0     1     1
(3271, 229, 1027343)     20.417          0     0     1     1
(3301, 189, 1027343)     12.083          0     0     1     1
(2741, 249, 1027343)     12.167          0     0     1     2
(2741, 249, 1027343)      12.25          0     0     1     3
(2741, 249, 1027343)     12.333          0     0     1     1
(2741, 249, 1027343)     14.083          0     0     1     1
(2741, 249, 1027343)     14.167          0     0     1     5
(2741, 249, 1027343)      14.25          0     0     1     2
(2741, 249, 1027343)     14.417          0     0     1     1
(2741, 249, 1027343)      16.25          0     0     1     3
(2741, 249, 1027343)     16.333          0     0     1     2
(2741, 249, 1027343)     18.333          0     0     1     2
(2741, 249, 1027343)     18.417          0     0     1     1
(2741, 249, 1027343)      24.25          0     0     0     1
(2741, 249, 1027343)     24.417          0     0     1     1
(4021, 249, 1027343)     12.167          0     0     1     1
(4021, 249, 1027343)       14.5          0     0     1     1
(4021, 249, 1027343)     16.167          0     0     1     1
(4021, 249, 1027343)     16.333          0     0     1     2
(2741, 243, 1027343)     12.167          0     0     1     1
(2741, 243, 1027343)      12.25          0     0     1     5
(2741, 243, 1027343)     12.333          0     0     1     8
(2741, 243, 1027343)      14.25          0     0     1     1
(2741, 243, 1027343)     14.333          0     0     1     2
(2741, 243, 1027343)      16.25          0     0     1     1
(2741, 243, 1027343)     16.583          0     0     1     1
(2741, 243, 1027343)      18.25          0     0     1     2
(2741, 243, 1027343)     18.417          0     0     1     1
(3270, 237, 1027343)     12.167          0     0     1     1
(3270, 237, 1027343)      12.25          0     0     1     2
(3270, 237, 1027343)     14.167          0     0     1     2
(3270, 237, 1027343)      14.25          0     0     1     3
(3270, 237, 1027343)     16.167          0     0     1     1
(3270, 237, 1027343)     18.167          0     0     1     1
(3270, 237, 1027343)     18.333          0     0     1     1
(3270, 237, 1027343)      22.25          0     0     1     1
(3270, 237, 1027343)     24.333          0     0     1     1
(3783, 233, 1027343)     12.167          0     0     1     2
(3191, 241, 1027343)     12.167          0     0     1     1
(3191, 241, 1027343)      12.25          0     0     1     1
(3191, 241, 1027343)     14.167          0     0     1     1
(3399, 193, 1027343)     12.167          0     0     1     1
(3399, 193, 1027343)      12.25          0     0     1     1
(3399, 193, 1027343)     18.083          0     0     1     1
(2981, 251, 1027343)      12.25          0     0     1     1
(4077, 241, 1027343)      12.25          0     0     1     1
(4077, 241, 1027343)     18.333          0     0     1     1
(4077, 241, 1027343)     22.083          0     0     1     1
(3301, 185, 1027343)      12.25          0     0     1     2
(3301, 185, 1027343)     14.333          0     0     1     1
(3301, 185, 1027343)      20.25          0     0     1     1
(3237, 211, 1027343)      12.25          0     0     1     1
(3237, 211, 1027343)     14.417          0     0     1     1
(3237, 211, 1027343)      16.25          0     0     1     1
(3237, 211, 1027343)     16.417          0     0     1     1
(3237, 211, 1027343)     18.333          0     0     1     1
(3237, 211, 1027343)     22.417          0     0     1     1
(3237, 211, 1027343)     22.583          0     0     1     1
(3973, 115, 1027343)      12.25          0     0     1     2
(3973, 115, 1027343)     12.333          0     0     1     1
(3973, 115, 1027343)      14.25          0     0     1     4
(3973, 115, 1027343)     14.333          0     0     1     2
(3973, 115, 1027343)     16.417          0     0     1     1
(3973, 115, 1027343)     18.417          0     0     1     1
(3647, 243, 1027343)      12.25          0     0     1     1
(3270, 253, 1027343)     12.333          0     0     1     1
(3301, 253, 1027343)       14.0          0     0     1     1
(3301, 253, 1027343)     14.083          0     0     1     1
(3301, 253, 1027343)     14.167          0     0     1     1
(3301, 253, 1027343)       16.0          0     0     1     2
(3301, 253, 1027343)     16.083          0     0     1     1
(3301, 253, 1027343)     16.167          0     0     1     2
(3301, 253, 1027343)      16.25          0     0     1     2
(3301, 253, 1027343)     18.083          0     0     1     1
(3301, 253, 1027343)     22.083          0     0     0     1
(3125, 243, 1027343)       14.0          0     0     1     1
(3125, 243, 1027343)     14.083          0     0     1     1
(3125, 243, 1027343)      14.25          0     0     1     1
(3125, 243, 1027343)     20.167          0     0     1     1
(3301, 249, 1027343)     14.083          0     0     1     3
(3301, 249, 1027343)      14.25          0     0     1     2
(3301, 249, 1027343)     16.083          0     0     1     2
(3301, 249, 1027343)     16.167          0     0     1     2
(3301, 249, 1027343)      16.25          0     0     1     4
(3301, 249, 1027343)     16.333          0     0     1     4
(3301, 249, 1027343)     16.417          0     0     1     1
(3301, 249, 1027343)     18.167          0     0     1     2
(3301, 249, 1027343)      18.25          0     0     1     4
(3301, 249, 1027343)     18.417          0     0     1     1
(3301, 249, 1027343)     20.083          0     0     1     3
(3301, 249, 1027343)     20.167          0     0     1     1
(3301, 249, 1027343)     20.333          0     0     1     3
(3301, 249, 1027343)     20.417          0     0     1     2
(3301, 249, 1027343)      22.25          0     0     1     1
(3301, 249, 1027343)     22.333          0     0     1     1
(3301, 249, 1027343)       22.5          0     0     1     1
(3301, 249, 1027343)     24.417          0     0     1     1
(3973, 243, 1027343)     14.083          0     0     1     2
(3973, 243, 1027343)     14.167          0     0     1     6
(3973, 243, 1027343)      14.25          0     0     1     2
(3973, 243, 1027343)     14.333          0     0     1     1
(3973, 243, 1027343)     16.083          0     0     1     3
(3973, 243, 1027343)     16.167          0     0     1     2
(3973, 243, 1027343)      16.25          0     0     1     4
(3973, 243, 1027343)     18.167          0     0     1     3
(3973, 243, 1027343)      18.25          0     0     1     1
(3973, 243, 1027343)     18.333          0     0     1     1
(3973, 243, 1027343)     20.167          0     0     1     1
(3973, 243, 1027343)      20.25          0     0     1     2
(3973, 243, 1027343)     22.167          0     0     0     1
(3973, 249, 1027343)     14.083          0     0     1     1
(3973, 249, 1027343)     14.167          0     0     1     3
(3973, 249, 1027343)     16.167          0     0     1     2
(3973, 249, 1027343)      16.25          0     0     1     1
(3973, 249, 1027343)     16.333          0     0     1     3
(3973, 249, 1027343)     18.167          0     0     1     2
(3973, 249, 1027343)     24.417          0     0     1     1
(3973, 249, 1027343)     26.083          0     0     1     1
(3973, 249, 1027343)     26.333          0     0     1     1
(3973, 249, 1027343)       26.5          0     0     1     1
(3301, 233, 1027343)     14.083          0     0     1     1
(3301, 233, 1027343)     16.167          0     0     1     1
(3621, 249, 1027343)     14.083          0     0     1     1
(3621, 249, 1027343)     16.167          0     0     1     1
(3299, 249, 1027343)     14.083          0     0     1     1
(3299, 249, 1027343)     14.167          0     0     1     1
(3299, 249, 1027343)      14.25          0     0     1     1
(3299, 249, 1027343)     18.417          0     0     1     1
(4013, 241, 1027343)     14.083          0     0     1     1
(4013, 241, 1027343)     16.167          0     0     1     1
(4013, 241, 1027343)      20.25          0     0     1     1
(3189, 241, 1027343)     14.083          0     0     1     2
(3189, 241, 1027343)     14.167          0     0     1     4
(3189, 241, 1027343)     16.083          0     0     1     2
(3189, 241, 1027343)     16.167          0     0     1     2
(3189, 241, 1027343)      20.25          0     0     1     1
(3303, 233, 1027343)     14.083          0     0     1     1
(3303, 233, 1027343)      14.25          0     0     1     1
(3303, 233, 1027343)     16.333          0     0     1     1
(3303, 233, 1027343)     18.083          0     0     1     1
(3335, 217, 1027343)     14.083          0     0     1     1
(3335, 217, 1027343)     14.167          0     0     1     1
(3335, 217, 1027343)     20.333          0     0     1     1
(3717, 249, 1027343)     14.167          0     0     1     1
(3717, 249, 1027343)     16.167          0     0     1     1
(3717, 249, 1027343)     16.333          0     0     1     1
(3717, 249, 1027343)      18.25          0     0     1     4
(3717, 249, 1027343)      22.25          0     0     1     1
(3717, 249, 1027343)     32.417          0     0     0     1
(3717, 243, 1027343)     14.167          0     0     1     1
(3717, 243, 1027343)     16.167          0     0     1     1
(3717, 243, 1027343)     18.167          0     0     1     1
(3717, 243, 1027343)      18.25          0     0     1     1
(3717, 243, 1027343)     20.167          0     0     1     1
(3717, 243, 1027343)     20.333          0     0     1     1
(3815, 255, 1027343)     14.167          0     0     1     1
(3815, 255, 1027343)     14.333          0     0     1     1
(3815, 255, 1027343)     16.083          0     0     1     1
(3815, 255, 1027343)     16.167          0     0     1     1
(3271, 249, 1027343)     14.167          0     0     1     1
(3271, 249, 1027343)      14.25          0     0     1     1
(3271, 249, 1027343)     14.417          0     0     1     2
(3271, 249, 1027343)     16.083          0     0     1     1
(3271, 249, 1027343)     16.167          0     0     1     1
(3271, 249, 1027343)     16.333          0     0     1     2
(3271, 249, 1027343)     16.417          0     0     1     4
(3271, 249, 1027343)     18.667          0     0     1     1
(3271, 249, 1027343)     20.583          0     0     1     1
(3271, 249, 1027343)     22.417          0     0     1     1
(3303, 249, 1027343)     14.167          0     0     1     1
(3303, 249, 1027343)      14.25          0     0     1     5
(3303, 249, 1027343)     14.333          0     0     1     6
(3303, 249, 1027343)     14.417          0     0     1     5
(3303, 249, 1027343)     16.167          0     0     1     1
(3303, 249, 1027343)      16.25          0     0     1     2
(3303, 249, 1027343)     16.417          0     0     1     2
(3303, 249, 1027343)     18.167          0     0     1     1
(3303, 249, 1027343)     18.333          0     0     1     2
(3303, 249, 1027343)     18.417          0     0     1     3
(3303, 249, 1027343)     20.083          0     0     1     1
(3303, 249, 1027343)      20.25          0     0     1     3
(3303, 249, 1027343)     20.333          0     0     1     3
(3303, 249, 1027343)     22.167          0     0     1     1
(3303, 249, 1027343)     26.333          0     0     1     1
(3815, 253, 1027343)     14.167          0     0     1     1
(3815, 253, 1027343)      14.25          0     0     1     1
(3815, 253, 1027343)     14.333          0     0     1     1
(3815, 253, 1027343)     18.167          0     0     1     1
(3815, 253, 1027343)     18.333          0     0     1     1
(3165, 241, 1027343)     14.167          0     0     1     2
(3621, 241, 1027343)     14.167          0     0     1     2
(3621, 241, 1027343)     16.083          0     0     1     2
(3621, 241, 1027343)     16.167          0     0     1     2
(3621, 241, 1027343)     16.333          0     0     1     1
(3621, 241, 1027343)     18.083          0     0     1     2
(3621, 241, 1027343)     18.167          0     0     1     3
(3621, 241, 1027343)     18.333          0     0     1     1
(3621, 241, 1027343)     20.083          0     0     1     1
(3621, 241, 1027343)      20.25          0     0     1     1
(3621, 241, 1027343)     20.417          0     0     1     1
(3621, 241, 1027343)     22.167          0     0     1     1
(3621, 241, 1027343)     22.333          0     0     1     1
(3621, 241, 1027343)      26.25          0     0     1     1
(3127, 241, 1027343)     14.167          0     0     1     1
(3127, 241, 1027343)      14.25          0     0     1     4
(3127, 241, 1027343)      18.25          0     0     1     1
(3647, 113, 1027343)     14.167          0     0     1     1
(3625, 247, 1027343)     14.167          0     0     1     1
(4085, 241, 1027343)      14.25          0     0     1     1
(4085, 241, 1027343)     20.167          0     0     1     1
(3765, 249, 1027343)      14.25          0     0     1     1
(3765, 249, 1027343)      16.25          0     0     1     1
(2805, 243, 1027343)      14.25          0     0     0     1
(3815, 247, 1027343)      14.25          0     0     1     1
(2741, 247, 1027343)      14.25          0     0     1     1
(3815, 245, 1027343)      14.25          0     0     1     1
(3815, 245, 1027343)     14.333          0     0     1     1
(3815, 245, 1027343)      16.25          0     0     1     1
(3815, 245, 1027343)     16.333          0     0     1     1
(3815, 245, 1027343)       16.5          0     0     1     1
(3815, 245, 1027343)      18.25          0     0     1     1
(3815, 245, 1027343)     18.333          0     0     1     1
(3125, 241, 1027343)      14.25          0     0     1     1
(3125, 241, 1027343)     16.083          0     0     1     1
(3125, 241, 1027343)     16.167          0     0     1     1
(3125, 241, 1027343)      16.25          0     0     1     2
(3125, 241, 1027343)     18.083          0     0     1     1
(3125, 241, 1027343)     18.167          0     0     1     2
(3125, 241, 1027343)      18.25          0     0     1     5
(3125, 241, 1027343)     18.333          0     0     1     1
(3125, 241, 1027343)     20.083          0     0     1     1
(3125, 241, 1027343)     20.167          0     0     1     1
(3125, 241, 1027343)     20.333          0     0     1     1
(3125, 241, 1027343)     20.417          0     0     1     1
(3125, 241, 1027343)     22.083          0     0     1     1
(3125, 241, 1027343)      24.25          0     0     1     1
(2613, 241, 1027343)      14.25          0     0     1     1
(2613, 241, 1027343)     16.167          0     0     1     1
(2613, 241, 1027343)     18.167          0     0     1     1
(2613, 241, 1027343)     18.333          0     0     1     1
(2613, 241, 1027343)     22.083          0     0     1     1
(3271, 233, 1027343)      14.25          0     0     1     1
(3271, 225, 1027343)      14.25          0     0     1     1
(2597, 241, 1027343)      14.25          0     0     1     2
(2597, 241, 1027343)     18.167          0     0     1     3
(2597, 241, 1027343)      18.25          0     0     1     1
(2597, 241, 1027343)     20.333          0     0     1     1
(2597, 241, 1027343)     22.083          0     0     1     1
(3655, 225, 1027343)      14.25          0     0     1     1
(3655, 225, 1027343)       16.0          0     0     1     1
(3655, 225, 1027343)     16.167          0     0     1     3
(3655, 225, 1027343)     16.333          0     0     1     1
(3655, 225, 1027343)     18.167          0     0     1     1
(3655, 225, 1027343)     22.167          0     0     1     1
(3815, 229, 1027343)      14.25          0     0     1     1
(3625, 241, 1027343)      14.25          0     0     1     1
(3749, 209, 1027343)      14.25          0     0     1     1
(3749, 209, 1027343)     16.083          0     0     1     1
(3749, 209, 1027343)     18.167          0     0     1     2
(3749, 209, 1027343)     18.333          0     0     1     1
(3303, 245, 1027343)     14.333          0     0     1     1
(3303, 245, 1027343)      16.25          0     0     1     1
(3303, 245, 1027343)     16.333          0     0     1     1
(3303, 245, 1027343)     16.417          0     0     1     1
(4093, 241, 1027343)     14.333          0     0     1     1
(2725, 211, 1027343)     14.333          0     0     1     1
(3349, 243, 1027343)     14.333          0     0     1     1
(3349, 243, 1027343)     16.333          0     0     1     1
(3109, 241, 1027343)       16.0          0     0     1     1
(3109, 241, 1027343)     16.083          0     0     1     3
(3109, 241, 1027343)     16.167          0     0     1     2
(3109, 241, 1027343)      16.25          0     0     1     1
(3109, 241, 1027343)     18.167          0     0     1     3
(3109, 241, 1027343)      18.25          0     0     1     2
(3109, 241, 1027343)     20.167          0     0     1     2
(3109, 241, 1027343)      20.25          0     0     1     1
(3109, 241, 1027343)     22.167          0     0     1     1
(3109, 241, 1027343)     24.083          0     0     1     1
(3109, 241, 1027343)     26.083          0     0     1     1
(3143, 233, 1027343)       16.0          0     0     1     1
(3143, 233, 1027343)      16.25          0     0     1     1
(3143, 233, 1027343)      26.25          0     0     1     1
(3717, 253, 1027343)     16.083          0     0     1     1
(3717, 253, 1027343)     16.167          0     0     1     1
(3717, 253, 1027343)      22.25          0     0     1     1
(3973, 253, 1027343)     16.083          0     0     1     1
(3973, 253, 1027343)     22.167          0     0     1     1
(3111, 241, 1027343)     16.083          0     0     1     2
(3111, 241, 1027343)     18.083          0     0     1     2
(3111, 241, 1027343)     18.167          0     0     1     2
(3111, 241, 1027343)       20.0          0     0     1     1
(3111, 241, 1027343)     20.083          0     0     1     1
(3093, 241, 1027343)     16.083          0     0     1     1
(3093, 241, 1027343)     16.167          0     0     1     1
(3093, 241, 1027343)     18.167          0     0     1     1
(3093, 241, 1027343)     20.083          0     0     1     1
(3093, 241, 1027343)     20.167          0     0     1     1
(3093, 241, 1027343)      22.25          0     0     1     1
(3093, 241, 1027343)      24.25          0     0     1     1
(3093, 241, 1027343)      28.25          0     0     0     1
(3687, 237, 1027343)     16.083          0     0     1     2
(3687, 237, 1027343)     18.333          0     0     1     1
(3591, 193, 1027343)     16.083          0     0     1     1
(3107, 225, 1027343)     16.083          0     0     1     1
(3143, 193, 1027343)     16.083          0     0     1     1
(3143, 193, 1027343)     28.333          0     0     1     1
(3303, 253, 1027343)     16.167          0     0     1     1
(3303, 253, 1027343)      22.25          0     0     1     1
(3077, 241, 1027343)     16.167          0     0     1     2
(3621, 253, 1027343)     16.167          0     0     1     1
(3621, 253, 1027343)       18.0          0     0     1     1
(4005, 241, 1027343)     16.167          0     0     1     1
(3143, 121, 1027343)     16.167          0     0     1     1
(3973, 125, 1027343)     16.167          0     0     1     1
(3121, 241, 1027343)     16.167          0     0     1     1
(3121, 241, 1027343)     18.167          0     0     1     1
(3121, 241, 1027343)     22.167          0     0     1     1
(3121, 241, 1027343)      22.25          0     0     1     1
(3121, 241, 1027343)     24.083          0     0     1     1
(3121, 241, 1027343)     24.167          0     0     1     1
(3121, 241, 1027343)     26.083          0     0     1     2
(3121, 241, 1027343)      26.25          0     0     1     1
(3973, 121, 1027343)     16.167          0     0     1     1
(3973, 121, 1027343)     20.333          0     0     1     1
(3135, 241, 1027343)     16.167          0     0     1     1
(3135, 241, 1027343)     18.333          0     0     1     1
(3207, 241, 1027343)     16.167          0     0     1     1
(3207, 241, 1027343)     18.083          0     0     1     1
(3207, 241, 1027343)     18.167          0     0     1     1
(3207, 241, 1027343)     20.083          0     0     1     1
(3207, 241, 1027343)      20.25          0     0     1     1
(3207, 241, 1027343)     22.083          0     0     1     1
(3687, 233, 1027343)     16.167          0     0     1     2
(3687, 233, 1027343)      16.25          0     0     1     1
(3687, 233, 1027343)      18.25          0     0     1     2
(3687, 233, 1027343)     18.417          0     0     1     1
(3687, 233, 1027343)     20.167          0     0     1     1
(3687, 233, 1027343)     20.417          0     0     1     1
(2741, 253, 1027343)      16.25          0     0     1     1
(2741, 253, 1027343)      18.25          0     0     1     1
(2741, 253, 1027343)     20.167          0     0     1     1
(2949, 249, 1027343)      16.25          0     0     1     1
(2949, 249, 1027343)      18.25          0     0     1     1
(2949, 249, 1027343)     18.333          0     0     1     1
(2949, 249, 1027343)     20.333          0     0     1     1
(2949, 249, 1027343)     22.417          0     0     1     1
(3885, 241, 1027343)      16.25          0     0     1     1
(3885, 241, 1027343)     18.083          0     0     1     1
(3885, 241, 1027343)     18.417          0     0     1     1
(3885, 241, 1027343)       22.5          0     0     1     1
(4069, 241, 1027343)      16.25          0     0     1     1
(4069, 241, 1027343)     20.417          0     0     1     1
(3815, 249, 1027343)      16.25          0     0     1     2
(3815, 249, 1027343)     16.333          0     0     1     1
(3815, 249, 1027343)     18.333          0     0     1     1
(3815, 249, 1027343)       24.5          0     0     1     1
(3815, 249, 1027343)      26.25          0     0     0     1
(4005, 243, 1027343)      16.25          0     0     1     1
(3301, 237, 1027343)      16.25          0     0     1     1
(3693, 245, 1027343)      16.25          0     0     1     1
(3693, 245, 1027343)     18.083          0     0     1     1
(3693, 245, 1027343)      22.25          0     0     1     1
(3207, 209, 1027343)      16.25          0     0     1     1
(3207, 209, 1027343)      18.25          0     0     1     1
(3207, 209, 1027343)     24.333          0     0     1     1
(3143, 225, 1027343)      16.25          0     0     1     1
(3143, 225, 1027343)     18.167          0     0     1     1
(3143, 225, 1027343)     22.167          0     0     1     1
(2981, 243, 1027343)     16.333          0     0     1     2
(2981, 243, 1027343)     18.417          0     0     1     1
(2981, 243, 1027343)       24.5          0     0     1     1
(2981, 243, 1027343)     24.583          0     0     1     1
(2741, 241, 1027343)     16.333          0     0     1     1
(2741, 241, 1027343)      18.25          0     0     1     1
(2741, 241, 1027343)     18.333          0     0     1     1
(2741, 241, 1027343)     18.417          0     0     1     1
(2741, 241, 1027343)     22.333          0     0     1     1
(4013, 245, 1027343)     16.333          0     0     1     1
(3687, 249, 1027343)     16.333          0     0     1     3
(3687, 249, 1027343)     16.417          0     0     1     2
(3687, 249, 1027343)      18.25          0     0     1     1
(3687, 249, 1027343)     18.333          0     0     1     1
(3687, 249, 1027343)     20.333          0     0     1     1
(3687, 249, 1027343)     20.417          0     0     1     2
(3687, 249, 1027343)       20.5          0     0     1     2
(3687, 249, 1027343)     20.583          0     0     0     1
(3687, 249, 1027343)     22.583          0     0     1     1
(4005, 245, 1027343)     16.333          0     0     1     1
(3278, 239, 1027343)     16.333          0     0     0     1
(3621, 251, 1027343)       16.5          0     0     1     1
(3617, 243, 1027343)       18.0          0     0     1     1
(3617, 243, 1027343)     18.083          0     0     1     1
(3717, 247, 1027343)     18.083          0     0     1     1
(3207, 245, 1027343)     18.083          0     0     1     1
(3893, 241, 1027343)     18.083          0     0     1     1
(3111, 225, 1027343)     18.083          0     0     1     1
(3111, 225, 1027343)     18.167          0     0     1     1
(3255, 225, 1027343)     18.083          0     0     1     2
(3255, 225, 1027343)     18.167          0     0     1     1
(3255, 225, 1027343)     18.333          0     0     1     2
(3255, 225, 1027343)     22.167          0     0     1     1
(3641, 241, 1027343)     18.083          0     0     1     2
(3641, 241, 1027343)      20.25          0     0     1     1
(3621, 209, 1027343)     18.083          0     0     1     3
(3621, 209, 1027343)     18.167          0     0     1     1
(3621, 209, 1027343)      18.25          0     0     1     1
(3621, 209, 1027343)     20.083          0     0     1     1
(3621, 209, 1027343)     20.167          0     0     1     1
(3621, 209, 1027343)      20.25          0     0     1     2
(3621, 209, 1027343)     22.333          0     0     1     1
(3621, 209, 1027343)     22.417          0     0     1     1
(3687, 107, 1027343)     18.083          0     0     1     1
(3637, 241, 1027343)     18.167          0     0     0     1
(3645, 241, 1027343)     18.167          0     0     1     1
(3645, 241, 1027343)       22.0          0     0     1     1
(3655, 233, 1027343)     18.167          0     0     1     1
(3655, 233, 1027343)     20.167          0     0     1     1
(3655, 233, 1027343)     22.167          0     0     1     1
(3093, 243, 1027343)     18.167          0     0     1     2
(3093, 243, 1027343)      20.25          0     0     1     1
(3093, 243, 1027343)      22.25          0     0     0     1
(3159, 241, 1027343)     18.167          0     0     1     1
(3149, 241, 1027343)     18.167          0     0     1     1
(3815, 237, 1027343)     18.167          0     0     1     1
(3445, 241, 1027343)     18.167          0     0     0     1
(3627, 241, 1027343)     18.167          0     0     0     1
(3687, 229, 1027343)     18.167          0     0     1     1
(3687, 229, 1027343)     22.167          0     0     1     1
(3109, 245, 1027343)      18.25          0     0     1     1
(3271, 247, 1027343)      18.25          0     0     1     1
(3271, 247, 1027343)     20.167          0     0     1     1
(3271, 247, 1027343)     24.417          0     0     0     1
(2725, 243, 1027343)      18.25          0     0     1     1
(2725, 243, 1027343)       18.5          0     0     1     1
(2725, 243, 1027343)      20.25          0     0     1     1
(2725, 243, 1027343)     20.417          0     0     1     3
(2725, 243, 1027343)     22.167          0     0     1     1
(2725, 243, 1027343)      22.25          0     0     1     1
(2725, 243, 1027343)     22.333          0     0     1     1
(2725, 243, 1027343)     22.417          0     0     1     1
(2725, 243, 1027343)     24.333          0     0     1     1
(2725, 243, 1027343)     24.417          0     0     1     1
(3783, 249, 1027343)      18.25          0     0     1     1
(3239, 225, 1027343)      18.25          0     0     1     1
(3239, 225, 1027343)     20.417          0     0     1     1
(3239, 225, 1027343)     22.167          0     0     1     1
(3335, 209, 1027343)      18.25          0     0     1     1
(3335, 209, 1027343)      22.25          0     0     1     1
(3687, 105, 1027343)      18.25          0     0     1     1
(3687, 105, 1027343)     18.333          0     0     1     1
(3687, 105, 1027343)      20.25          0     0     1     3
(3687, 105, 1027343)     20.417          0     0     1     1
(3687, 105, 1027343)     22.333          0     0     1     2
(3687, 105, 1027343)     22.417          0     0     1     1
(3687, 105, 1027343)      24.25          0     0     1     1
(3687, 105, 1027343)     24.417          0     0     1     1
(3975, 121, 1027343)     18.333          0     0     0     1
(3975, 121, 1027343)     26.333          0     0     1     1
(3103, 241, 1027343)     18.333          0     0     1     1
(3782, 233, 1027343)     18.333          0     0     1     1
(4093, 249, 1027343)     18.417          0     0     1     1
(3301, 121, 1027343)     18.417          0     0     1     1
(3757, 241, 1027343)       18.5          0     0     1     1
(3757, 241, 1027343)      20.25          0     0     1     1
(3757, 241, 1027343)     20.333          0     0     1     2
(3757, 241, 1027343)     20.417          0     0     1     1
(3757, 241, 1027343)     22.333          0     0     1     1
(3687, 121, 1027343)       18.5          0     0     1     1
(3687, 121, 1027343)     18.583          0     0     1     1
(3687, 121, 1027343)       20.5          0     0     1     1
(3687, 121, 1027343)     22.417          0     0     1     1
(3718, 225, 1027343)       20.0          0     0     1     1
(3095, 241, 1027343)     20.083          0     0     1     1
(3095, 241, 1027343)     20.167          0     0     1     2
(3095, 241, 1027343)      22.25          0     0     1     1
(2949, 253, 1027343)     20.167          0     0     1     1
(2949, 253, 1027343)     26.333          0     0     1     1
(3207, 229, 1027343)     20.167          0     0     1     1
(3207, 229, 1027343)      20.25          0     0     1     1
(3207, 229, 1027343)      24.25          0     0     1     1
(2981, 245, 1027343)      20.25          0     0     0     1
(3757, 245, 1027343)      20.25          0     0     0     1
(3757, 245, 1027343)     20.417          0     0     1     1
(3773, 241, 1027343)      20.25          0     0     0     1
(3302, 233, 1027343)      20.25          0     0     1     1
(3621, 83, 1027343)       20.25          0     0     1     1
(2725, 245, 1027343)     20.333          0     0     1     1
(3621, 245, 1027343)     20.333          0     0     1     1
(3693, 241, 1027343)     20.333          0     0     1     1
(3693, 241, 1027343)     20.417          0     0     1     1
(3749, 241, 1027343)     20.333          0     0     1     1
(4021, 241, 1027343)     20.417          0     0     1     1
(4021, 241, 1027343)     22.417          0     0     1     1
(2183, 241, 1027343)     22.167          0     0     0     1
(2183, 225, 1027343)     22.167          0     0     0     2
(3237, 209, 1027343)     22.167          0     0     1     1
(3237, 209, 1027343)      22.25          0     0     1     2
(3237, 209, 1027343)     22.333          0     0     1     2
(3237, 209, 1027343)     22.417          0     0     1     3
(3237, 209, 1027343)     24.167          0     0     1     2
(3237, 209, 1027343)      24.25          0     0     1     1
(3237, 209, 1027343)     26.167          0     0     1     1
(2663, 105, 1027343)     22.167          0     0     1     1
(2663, 105, 1027343)     22.333          0     0     1     1
(3101, 241, 1027343)      22.25          0     0     1     1
(3717, 241, 1027343)      22.25          0     0     1     1
(3717, 241, 1027343)     28.417          0     0     1     1
(3207, 225, 1027343)      22.25          0     0     0     1
(3973, 117, 1027343)      22.25          0     0     1     1
(3127, 225, 1027343)      22.25          0     0     1     1
(3271, 243, 1027343)     22.333          0     0     1     1
(3349, 241, 1027343)     22.333          0     0     1     1
(3623, 241, 1027343)     22.333          0     0     0     1
(3949, 241, 1027343)     22.333          0     0     0     1
(3911, 233, 1027343)     22.333          0     0     0     1
(3123, 113, 1027343)     22.333          0     0     0     1
(3271, 245, 1027343)     22.417          0     0     1     1
(3653, 209, 1027343)     24.083          0     0     1     1
(3717, 209, 1027343)     24.083          0     0     1     1
(3717, 209, 1027343)     24.167          0     0     1     1
(1925, 241, 1027343)     24.167          0     0     0     1
(3653, 225, 1027343)     24.167          0     0     1     1
(3653, 225, 1027343)     28.167          0     0     1     1
(3591, 225, 1027343)     24.167          0     0     1     1
(3685, 241, 1027343)     24.167          0     0     1     1
(2725, 251, 1027343)      24.25          0     0     0     1
(3973, 241, 1027343)      24.25          0     0     1     1
(3973, 241, 1027343)     24.417          0     0     1     1
(2663, 233, 1027343)      24.25          0     0     1     1
(3271, 253, 1027343)     24.333          0     0     1     1
(3973, 119, 1027343)     24.417          0     0     1     1
(3617, 241, 1027343)     26.083          0     0     1     1
(3877, 211, 1027343)     26.167          0     0     0     1
(2725, 241, 1027343)     26.417          0     0     1     1
(2085, 241, 1027343)     28.333          0     0     0     1
(3749, 243, 1027343)     30.417          0     0     0     1
