inputs: 143/1000 samples
                      [output]   [energy]  [A*B=out] [truth of cfas] [truth of chains]      [num]
                 (13, 11, 143)        0.0          1               1               1         23
                 (13, 11, 143)        4.0          1               0               1          4
                 (13, 11, 143)      4.083          1               0               1          9
                 (13, 11, 143)      4.167          1               0               1          4
                 (13, 11, 143)        6.0          1               0               1          1
                 (13, 11, 143)        6.0          1               0               0          1
                 (13, 11, 143)      6.083          1               0               1          5
                 (13, 11, 143)      6.167          1               0               1          4
                 (13, 11, 143)      8.083          1               0               1          2
                 (13, 11, 143)      8.167          1               0               1          1
                 (13, 11, 143)       8.25          1               0               1          1
                 (13, 11, 143)       10.0          1               0               1          1
                 (13, 11, 143)     10.083          1               0               1          1
                 (13, 11, 143)      10.25          1               0               1          2
                 (13, 11, 143)     14.167          1               0               1          1
                 (13, 11, 143)      14.25          1               0               1          1
                 (13, 11, 143)     14.333          1               0               1          1
                 (11, 13, 143)        0.0          1               1               1         15
                 (11, 13, 143)      2.083          1               0               1          2
                 (11, 13, 143)        4.0          1               0               1          3
                 (11, 13, 143)      4.083          1               0               1          1
                 (11, 13, 143)      4.167          1               0               1          1
                 (11, 13, 143)        6.0          1               0               1          1
                 (11, 13, 143)        8.0          1               0               0          1
                 (11, 13, 143)      8.083          1               0               1          2
                 (11, 13, 143)      8.167          1               0               1          1
                 (11, 13, 143)      10.25          1               0               1          2
                 (11, 13, 143)      12.25          1               0               0          1
                  (15, 9, 143)        2.0          0               0               1          3
                  (15, 9, 143)      2.083          0               0               1          3
                  (15, 9, 143)        4.0          0               0               1          1
                  (15, 9, 143)      4.083          0               0               1          1
                  (15, 9, 143)      6.083          0               0               1          3
                  (15, 9, 143)      6.167          0               0               1          2
                  (15, 9, 143)      8.167          0               0               1          1
                  (15, 9, 143)       8.25          0               0               1          1
                  (15, 9, 143)      8.333          0               0               1          1
                  (15, 9, 143)       12.0          0               0               1          1
                  (15, 9, 143)     14.333          0               0               1          1
                  (9, 15, 143)        2.0          0               0               1          4
                  (9, 15, 143)      2.083          0               0               1          4
                  (9, 15, 143)        4.0          0               0               1          3
                  (9, 15, 143)        4.0          0               1               1          2
                  (9, 15, 143)      4.083          0               0               1          5
                  (9, 15, 143)      4.167          0               0               1          2
                  (9, 15, 143)        6.0          0               0               1          3
                  (9, 15, 143)      6.083          0               0               1          2
                  (9, 15, 143)      6.167          0               0               1          5
                  (9, 15, 143)       6.25          0               0               1          1
                  (9, 15, 143)        8.0          0               0               1          2
                  (9, 15, 143)      8.083          0               0               0          1
                  (9, 15, 143)      8.083          0               0               1          1
                  (9, 15, 143)       8.25          0               0               1          1
                  (9, 15, 143)      8.333          0               0               1          1
                  (9, 15, 143)     10.083          0               0               0          1
                  (9, 15, 143)     10.083          0               0               1          1
                  (9, 15, 143)     10.167          0               0               1          1
                  (9, 15, 143)      12.25          0               0               1          1
                 (13, 10, 143)      2.083          0               0               1          1
                 (13, 10, 143)        6.0          0               0               1          4
                 (13, 10, 143)      6.083          0               0               1          1
                 (13, 10, 143)      6.167          0               0               1          1
                 (13, 10, 143)        8.0          0               0               1          1
                 (13, 10, 143)      8.083          0               0               1          2
                 (13, 10, 143)       8.25          0               0               1          1
                 (13, 10, 143)       10.0          0               0               1          1
                 (13, 10, 143)     10.083          0               0               1          1
                 (13, 10, 143)      14.25          0               0               1          1
                 (11, 12, 143)      2.083          0               0               1          1
                 (11, 12, 143)        6.0          0               0               1          1
                 (11, 12, 143)     10.083          0               0               1          1
                 (11, 12, 143)      10.25          0               0               1          1
                  (11, 5, 143)      2.083          0               0               1          1
                  (11, 5, 143)        6.0          0               0               1          1
                  (11, 5, 143)      6.083          0               0               1          2
                  (11, 5, 143)      6.167          0               0               1          1
                  (11, 5, 143)      8.083          0               0               1          1
                  (11, 5, 143)     10.083          0               0               1          1
                  (11, 5, 143)     10.167          0               0               1          1
                  (14, 9, 143)        4.0          0               0               1          3
                  (14, 9, 143)        6.0          0               0               1          3
                  (14, 9, 143)      6.083          0               0               1          2
                  (14, 9, 143)      8.083          0               0               1          1
                  (14, 9, 143)     10.083          0               0               1          2
                  (14, 9, 143)     10.167          0               0               1          1
                  (14, 9, 143)      10.25          0               0               1          2
                  (14, 9, 143)     12.083          0               0               1          1
                  (14, 9, 143)     12.083          0               0               0          1
                  (14, 9, 143)     12.333          0               0               1          1
                  (14, 9, 143)     14.167          0               0               1          1
                  (14, 9, 143)     16.333          0               0               1          1
                  (14, 9, 143)     18.167          0               0               1          1
                  (14, 9, 143)     20.333          0               0               0          1
                  (9, 14, 143)        4.0          0               0               1          3
                  (9, 14, 143)      4.167          0               0               1          1
                  (9, 14, 143)        6.0          0               0               1          2
                  (9, 14, 143)      6.083          0               0               1          2
                  (9, 14, 143)      6.167          0               0               1          1
                  (9, 14, 143)     10.167          0               0               1          1
                 (14, 10, 143)        4.0          0               0               1          2
                 (14, 10, 143)        6.0          0               0               1          1
                 (14, 10, 143)     10.083          0               0               1          1
                 (14, 10, 143)       12.0          0               0               1          1
                 (14, 10, 143)     12.083          0               0               1          1
                 (14, 10, 143)     12.167          0               0               1          1
                 (14, 10, 143)      14.25          0               0               1          1
                 (14, 10, 143)       16.5          0               0               1          1
                  (6, 13, 143)        4.0          0               0               1          2
                  (6, 13, 143)      6.083          0               0               1          1
                  (6, 13, 143)      8.083          0               0               1          1
                 (10, 11, 143)        4.0          0               0               1          9
                 (10, 11, 143)      6.167          0               0               1          1
                 (10, 11, 143)      8.083          0               0               1          4
                 (10, 11, 143)       8.25          0               0               1          1
                 (10, 11, 143)     10.083          0               0               0          1
                 (10, 11, 143)     10.167          0               0               1          1
                 (10, 11, 143)     10.167          0               0               0          1
                 (10, 11, 143)      12.25          0               0               1          1
                 (10, 11, 143)     14.167          0               0               1          1
                   (7, 9, 143)        4.0          0               0               1          1
                   (7, 9, 143)      8.083          0               0               0          1
                   (7, 9, 143)      10.25          0               0               1          1
                   (7, 9, 143)      14.25          0               0               1          1
                   (7, 9, 143)     16.083          0               0               1          1
                  (1, 15, 143)        4.0          0               1               1          1
                  (11, 7, 143)        4.0          0               0               1          1
                  (11, 7, 143)      8.083          0               0               0          1
                  (11, 7, 143)       8.25          0               0               1          1
                  (11, 7, 143)     10.167          0               0               1          2
                  (11, 7, 143)     12.167          0               0               1          1
                 (10, 14, 143)        4.0          0               0               1          6
                 (10, 14, 143)        6.0          0               0               1          1
                 (10, 14, 143)      8.083          0               0               1          2
                 (10, 14, 143)      8.167          0               0               1          1
                 (10, 14, 143)       10.0          0               0               1          1
                 (10, 14, 143)     10.083          0               0               1          1
                 (10, 14, 143)     10.167          0               0               1          1
                 (11, 10, 143)        4.0          0               0               1          3
                 (11, 10, 143)      8.083          0               0               1          1
                 (11, 10, 143)      8.167          0               0               1          2
                 (11, 10, 143)     12.167          0               0               1          1
                  (13, 6, 143)        4.0          0               0               1          1
                  (13, 6, 143)      8.083          0               0               1          1
                  (13, 6, 143)     12.167          0               0               1          1
                 (10, 15, 143)        4.0          0               0               1          7
                 (10, 15, 143)        6.0          0               0               1          2
                 (10, 15, 143)      6.083          0               0               1          6
                 (10, 15, 143)        8.0          0               0               1          2
                 (10, 15, 143)      8.083          0               0               1          1
                 (10, 15, 143)      8.167          0               0               1          3
                 (10, 15, 143)     10.083          0               0               0          1
                 (10, 15, 143)     12.083          0               0               0          1
                 (10, 15, 143)     14.083          0               0               0          1
                 (10, 15, 143)     16.083          0               0               1          2
                  (5, 15, 143)      4.083          0               0               1          4
                  (5, 15, 143)      8.083          0               0               1          1
                  (5, 15, 143)     10.167          0               0               1          1
                  (15, 2, 143)      4.083          0               0               1          1
                  (15, 2, 143)      6.083          0               0               1          1
                  (15, 2, 143)      8.083          0               0               1          1
                  (15, 2, 143)       8.25          0               0               1          1
                 (13, 15, 143)      4.083          0               0               1          1
                 (13, 15, 143)      4.167          0               0               1          1
                 (13, 15, 143)        6.0          0               0               1          4
                 (13, 15, 143)      6.083          0               0               1          1
                 (13, 15, 143)      6.167          0               0               1          3
                 (13, 15, 143)       8.25          0               0               1          3
                 (13, 15, 143)     10.083          0               0               1          2
                 (13, 15, 143)      10.25          0               0               1          2
                 (13, 15, 143)     12.167          0               0               1          1
                 (13, 15, 143)      12.25          0               0               1          1
                 (11, 11, 143)      4.083          0               0               1          2
                 (11, 11, 143)      6.167          0               0               1          1
                 (11, 11, 143)        8.0          0               0               1          2
                 (11, 11, 143)        8.0          0               0               0          1
                  (7, 11, 143)      4.083          0               0               1          1
                  (7, 11, 143)      6.083          0               0               1          1
                  (7, 11, 143)     10.083          0               0               1          1
                  (7, 11, 143)     10.167          0               0               0          2
                  (15, 1, 143)      4.083          0               0               1          1
                  (15, 1, 143)       12.0          0               0               1          1
                  (11, 9, 143)      4.083          0               0               1          1
                  (11, 9, 143)        6.0          0               0               1          3
                  (11, 9, 143)      6.083          0               0               1          1
                  (11, 9, 143)      6.167          0               0               1          3
                  (11, 9, 143)      8.083          0               0               0          1
                  (11, 9, 143)      8.167          0               0               1          1
                  (11, 9, 143)     12.417          0               0               1          1
                  (13, 7, 143)      4.083          0               0               1          1
                  (13, 7, 143)      4.167          0               0               1          1
                  (13, 7, 143)        8.0          0               0               1          1
                  (13, 7, 143)      8.083          0               0               1          1
                  (13, 7, 143)     10.167          0               0               1          1
                   (9, 7, 143)      4.167          0               0               1          1
                   (9, 7, 143)      6.083          0               0               1          1
                   (9, 7, 143)      8.167          0               0               1          1
                 (15, 10, 143)        6.0          0               0               1          4
                 (15, 10, 143)      6.083          0               0               1          3
                 (15, 10, 143)      6.167          0               0               1          1
                 (15, 10, 143)        8.0          0               0               1          2
                 (15, 10, 143)      8.083          0               0               1          1
                 (15, 10, 143)      8.167          0               0               1          2
                 (15, 10, 143)       10.0          0               0               1          1
                 (15, 10, 143)     10.083          0               0               1          4
                 (15, 10, 143)     10.167          0               0               1          2
                  (12, 9, 143)        6.0          0               0               1          6
                  (12, 9, 143)        8.0          0               0               1          2
                  (12, 9, 143)      8.083          0               0               1          1
                  (12, 9, 143)       10.0          0               0               1          1
                  (12, 9, 143)     10.083          0               0               1          1
                  (12, 9, 143)     12.083          0               0               1          1
                  (12, 9, 143)     12.167          0               0               1          1
                  (12, 9, 143)       14.0          0               0               1          1
                  (12, 9, 143)     14.333          0               0               1          1
                 (15, 13, 143)        6.0          0               0               1          2
                 (15, 13, 143)      6.083          0               0               1          4
                 (15, 13, 143)      6.167          0               0               1          2
                 (15, 13, 143)       6.25          0               0               1          1
                 (15, 13, 143)        8.0          0               0               0          1
                 (15, 13, 143)      8.083          0               0               1          2
                  (13, 9, 143)        6.0          0               0               1          2
                  (13, 9, 143)      6.083          0               0               1          2
                  (13, 9, 143)        8.0          0               0               0          1
                  (13, 9, 143)      8.083          0               0               1          1
                  (13, 9, 143)      8.083          0               0               0          2
                  (13, 9, 143)      8.167          0               0               1          1
                  (13, 9, 143)       10.0          0               0               1          2
                  (13, 9, 143)     10.083          0               0               0          1
                  (13, 9, 143)      10.25          0               0               1          1
                  (13, 9, 143)     12.083          0               0               1          1
                  (13, 9, 143)     12.167          0               0               1          1
                 (12, 13, 143)        6.0          0               0               1          2
                 (12, 13, 143)      6.083          0               0               1          2
                 (12, 13, 143)      8.083          0               0               1          1
                 (12, 13, 143)       10.0          0               0               1          1
                 (12, 13, 143)     10.083          0               0               1          1
                 (12, 13, 143)      10.25          0               0               1          1
                 (12, 13, 143)       12.0          0               0               1          1
                 (12, 13, 143)      12.25          0               0               1          1
                 (12, 13, 143)     14.167          0               0               1          1
                 (12, 13, 143)      14.25          0               0               1          2
                  (5, 11, 143)        6.0          0               0               1          1
                  (5, 11, 143)      6.083          0               0               1          4
                  (5, 11, 143)      6.167          0               0               1          1
                  (5, 11, 143)      8.083          0               0               1          1
                  (5, 11, 143)      8.083          0               0               0          1
                  (5, 11, 143)     10.167          0               0               1          1
                  (5, 11, 143)     14.167          0               0               0          1
                  (5, 14, 143)        6.0          0               0               1          1
                  (5, 14, 143)      8.083          0               0               1          1
                  (5, 14, 143)     10.167          0               0               1          1
                  (9, 13, 143)        6.0          0               0               1          3
                  (9, 13, 143)      6.083          0               0               1          2
                  (9, 13, 143)      6.167          0               0               1          1
                  (9, 13, 143)        8.0          0               0               1          1
                  (9, 13, 143)      8.083          0               0               1          1
                  (9, 13, 143)     12.083          0               0               1          1
                  (9, 13, 143)     12.083          0               0               0          1
                  (9, 11, 143)        6.0          0               0               1          5
                  (9, 11, 143)      6.083          0               0               1          3
                  (9, 11, 143)      6.167          0               0               1          1
                  (9, 11, 143)        8.0          0               0               1          2
                  (9, 11, 143)       8.25          0               0               1          1
                  (9, 11, 143)     10.167          0               0               1          1
                  (9, 11, 143)     10.167          0               0               0          1
                  (9, 11, 143)     12.167          0               0               0          1
                  (9, 11, 143)      12.25          0               0               1          1
                  (9, 11, 143)     12.333          0               0               1          1
                 (13, 14, 143)        6.0          0               0               1          1
                 (13, 14, 143)      6.083          0               0               1          1
                 (13, 14, 143)      6.167          0               0               1          1
                 (13, 14, 143)        8.0          0               0               0          1
                 (13, 14, 143)        8.0          0               0               1          1
                 (13, 14, 143)      8.083          0               0               1          3
                 (13, 14, 143)      8.167          0               0               1          1
                 (13, 14, 143)     10.083          0               0               1          1
                 (13, 14, 143)     12.167          0               0               1          1
                 (13, 14, 143)      12.25          0               0               1          2
                 (12, 11, 143)        6.0          0               0               1         13
                 (12, 11, 143)      6.083          0               0               1          3
                 (12, 11, 143)        8.0          0               0               1          1
                 (12, 11, 143)      8.083          0               0               1          4
                 (12, 11, 143)       10.0          0               0               1          1
                 (12, 11, 143)     10.083          0               0               1          2
                 (12, 11, 143)       12.0          0               0               1          1
                 (12, 11, 143)      16.25          0               0               1          1
                  (14, 5, 143)        6.0          0               0               1          1
                  (14, 5, 143)      6.167          0               0               1          1
                  (14, 5, 143)        8.0          0               0               1          2
                  (14, 5, 143)      8.083          0               0               1          1
                  (14, 5, 143)       8.25          0               0               1          1
                  (14, 5, 143)     10.167          0               0               1          1
                  (14, 5, 143)      10.25          0               0               1          1
                  (14, 5, 143)     10.333          0               0               1          1
                  (14, 5, 143)      14.25          0               0               1          1
                  (14, 5, 143)      14.25          0               0               0          1
                  (15, 5, 143)        6.0          0               0               1          2
                  (15, 5, 143)      6.083          0               0               1          1
                  (15, 5, 143)       6.25          0               0               1          1
                  (15, 5, 143)      8.083          0               0               1          1
                  (15, 5, 143)      8.167          0               0               1          3
                  (15, 5, 143)      12.25          0               0               1          1
                 (13, 13, 143)        6.0          0               0               1          1
                 (13, 13, 143)      6.083          0               0               1          2
                 (13, 13, 143)        8.0          0               0               1          1
                 (13, 13, 143)      8.083          0               0               1          1
                 (13, 13, 143)      8.167          0               0               1          2
                 (13, 13, 143)     10.333          0               0               1          1
                 (13, 13, 143)     12.083          0               0               0          1
                 (13, 13, 143)      14.25          0               0               1          1
                 (10, 13, 143)        6.0          0               0               1          3
                 (10, 13, 143)      6.083          0               0               1          2
                 (10, 13, 143)        8.0          0               0               1          2
                 (10, 13, 143)      8.083          0               0               1          1
                 (10, 13, 143)      8.167          0               0               1          1
                 (10, 13, 143)       10.0          0               0               1          1
                 (10, 13, 143)     10.083          0               0               1          1
                 (10, 13, 143)     12.167          0               0               1          1
                 (10, 13, 143)     16.167          0               0               0          1
                 (11, 15, 143)        6.0          0               0               1          1
                 (11, 15, 143)      6.167          0               0               1          1
                 (11, 15, 143)      8.167          0               0               1          1
                 (11, 15, 143)       10.0          0               0               1          1
                 (11, 15, 143)      12.25          0               0               1          1
                 (11, 15, 143)     14.167          0               0               1          1
                 (14, 11, 143)        6.0          0               0               1          1
                 (14, 11, 143)      6.083          0               0               1          1
                 (14, 11, 143)        8.0          0               0               0          1
                 (14, 11, 143)        8.0          0               0               1          2
                 (14, 11, 143)      8.083          0               0               1          5
                 (14, 11, 143)      8.167          0               0               1          1
                 (14, 11, 143)      10.25          0               0               1          1
                 (14, 11, 143)     12.167          0               0               1          2
                 (14, 11, 143)      14.25          0               0               1          1
                 (15, 11, 143)        6.0          0               0               1          1
                 (15, 11, 143)      6.083          0               0               1          2
                 (15, 11, 143)      6.167          0               0               1          2
                 (15, 11, 143)        8.0          0               0               1          2
                 (15, 11, 143)      8.083          0               0               1          3
                 (15, 11, 143)      8.167          0               0               1          2
                 (15, 11, 143)     10.167          0               0               1          1
                 (15, 11, 143)      10.25          0               0               1          1
                 (15, 11, 143)     10.417          0               0               1          1
                 (15, 11, 143)     12.083          0               0               1          1
                 (15, 11, 143)     12.167          0               0               1          1
                 (15, 11, 143)      12.25          0               0               1          1
                  (3, 13, 143)        6.0          0               0               1          1
                  (3, 13, 143)      20.25          0               0               1          1
                 (11, 14, 143)        6.0          0               0               1          1
                 (11, 14, 143)     10.083          0               0               1          1
                 (11, 14, 143)     10.167          0               0               1          1
                  (14, 1, 143)      6.083          0               0               1          2
                  (14, 1, 143)      8.083          0               0               1          1
                  (14, 1, 143)     10.083          0               0               1          1
                  (14, 1, 143)      10.25          0               0               1          1
                  (14, 1, 143)     12.083          0               0               1          1
                  (14, 1, 143)     12.167          0               0               1          1
                  (9, 12, 143)      6.083          0               0               1          1
                  (9, 12, 143)     12.083          0               0               0          1
                  (10, 7, 143)      6.083          0               0               1          2
                  (10, 7, 143)        8.0          0               0               1          1
                  (10, 7, 143)      8.083          0               0               1          2
                  (10, 7, 143)       10.0          0               0               1          1
                  (10, 7, 143)       12.0          0               0               1          1
                  (10, 7, 143)     12.083          0               0               1          2
                  (10, 7, 143)     12.167          0               0               1          1
                  (10, 7, 143)     12.167          0               0               0          1
                  (14, 2, 143)      6.083          0               0               1          1
                  (14, 2, 143)      8.083          0               0               1          1
                  (14, 2, 143)     10.083          0               0               1          3
                  (13, 1, 143)      6.083          0               0               1          1
                 (14, 15, 143)      6.083          0               0               1          1
                 (14, 15, 143)      6.167          0               0               1          1
                 (14, 15, 143)      8.083          0               0               1          1
                 (14, 15, 143)      8.167          0               0               1          1
                 (14, 15, 143)     10.083          0               0               1          2
                 (14, 15, 143)     10.083          0               0               0          1
                 (14, 15, 143)      12.25          0               0               1          1
                 (14, 15, 143)     12.333          0               0               1          1
                 (14, 15, 143)     14.083          0               0               0          1
                 (14, 15, 143)     14.167          0               0               0          1
                 (14, 13, 143)      6.083          0               0               1          2
                 (14, 13, 143)      6.167          0               0               1          1
                 (14, 13, 143)        8.0          0               0               1          2
                 (14, 13, 143)      8.083          0               0               1          3
                 (14, 13, 143)      8.167          0               0               1          2
                 (14, 13, 143)       8.25          0               0               1          1
                 (14, 13, 143)       10.0          0               0               1          1
                 (14, 13, 143)     10.083          0               0               1          1
                 (14, 13, 143)     10.167          0               0               0          1
                 (14, 13, 143)     10.167          0               0               1          2
                 (14, 13, 143)     12.167          0               0               1          1
                 (14, 13, 143)      14.25          0               0               1          1
                  (13, 3, 143)      6.083          0               0               1          3
                  (13, 3, 143)      6.167          0               0               1          1
                  (13, 3, 143)      8.083          0               0               1          2
                  (13, 3, 143)      8.167          0               0               1          1
                  (13, 3, 143)     10.083          0               0               1          1
                  (13, 3, 143)     10.167          0               0               1          1
                  (13, 3, 143)     10.167          0               0               0          1
                  (13, 3, 143)     12.083          0               0               1          2
                  (13, 3, 143)      12.25          0               0               0          1
                  (15, 3, 143)      6.083          0               0               1          2
                  (15, 3, 143)      8.167          0               0               1          1
                  (15, 3, 143)     10.167          0               0               1          1
                  (15, 3, 143)      12.25          0               0               0          1
                 (10, 10, 143)      6.083          0               0               1          1
                 (10, 10, 143)        8.0          0               0               1          1
                 (10, 10, 143)      8.083          0               0               1          2
                 (10, 10, 143)       12.0          0               0               1          1
                  (14, 3, 143)      6.083          0               0               1          1
                  (14, 3, 143)      8.083          0               0               1          2
                  (14, 3, 143)      8.167          0               0               1          3
                  (14, 3, 143)     10.083          0               0               1          1
                  (14, 3, 143)     10.167          0               0               1          1
                  (14, 3, 143)     10.167          0               0               0          1
                  (14, 3, 143)     14.083          0               0               0          1
                  (14, 3, 143)      14.25          0               0               1          1
                  (14, 3, 143)     16.167          0               0               0          1
                  (3, 15, 143)      6.083          0               0               0          1
                  (3, 15, 143)      8.083          0               0               1          1
                   (7, 5, 143)      6.167          0               0               1          1
                   (7, 5, 143)      14.25          0               0               1          1
                 (12, 10, 143)        8.0          0               0               1          1
                 (12, 10, 143)      8.083          0               0               1          2
                 (12, 10, 143)     10.083          0               0               1          1
                 (12, 10, 143)     10.167          0               0               1          1
                 (12, 10, 143)     12.083          0               0               1          1
                 (12, 10, 143)       16.0          0               0               0          1
                 (12, 10, 143)     16.167          0               0               1          1
                 (12, 10, 143)      16.25          0               0               0          1
                 (12, 10, 143)     22.167          0               0               1          1
                  (15, 8, 143)        8.0          0               0               1          1
                  (15, 8, 143)       12.0          0               0               1          2
                 (13, 12, 143)        8.0          0               0               1          2
                 (13, 12, 143)      8.083          0               0               1          2
                 (13, 12, 143)       10.0          0               0               1          2
                 (13, 12, 143)     10.083          0               0               1          1
                 (13, 12, 143)     10.167          0               0               1          1
                 (13, 12, 143)      12.25          0               0               1          1
                  (13, 8, 143)        8.0          0               0               1          1
                  (13, 8, 143)       10.0          0               0               1          1
                  (13, 8, 143)     10.083          0               0               1          1
                  (13, 8, 143)      14.25          0               0               1          1
                  (13, 8, 143)     18.417          0               0               1          1
                   (6, 9, 143)        8.0          0               0               1          1
                 (14, 12, 143)        8.0          0               0               1          3
                 (14, 12, 143)     16.167          0               0               1          2
                  (10, 9, 143)        8.0          0               0               1          1
                  (10, 9, 143)      8.083          0               0               1          2
                  (10, 9, 143)     10.083          0               0               1          1
                  (10, 9, 143)     10.167          0               0               1          2
                  (10, 9, 143)     12.167          0               0               1          1
                  (10, 9, 143)       14.0          0               0               0          1
                  (10, 9, 143)     14.417          0               0               1          1
                  (10, 9, 143)      16.25          0               0               1          1
                  (10, 1, 143)        8.0          0               0               1          1
                  (12, 1, 143)        8.0          0               0               1          1
                  (12, 1, 143)      8.083          0               0               1          2
                  (12, 1, 143)       10.0          0               0               0          1
                  (12, 1, 143)      18.25          0               0               0          1
                  (4, 11, 143)        8.0          0               0               1          1
                  (4, 11, 143)       10.0          0               0               1          1
                  (4, 11, 143)       12.0          0               0               1          1
                  (14, 6, 143)        8.0          0               0               1          1
                  (14, 6, 143)     10.083          0               0               1          1
                  (14, 6, 143)     10.167          0               0               1          1
                  (8, 15, 143)        8.0          0               0               1          1
                  (8, 15, 143)      8.083          0               0               1          1
                  (8, 15, 143)       10.0          0               0               1          2
                  (8, 15, 143)       10.0          0               0               0          1
                  (8, 15, 143)     10.083          0               0               1          1
                  (8, 15, 143)       14.0          0               0               0          1
                  (15, 7, 143)        8.0          0               0               1          1
                  (15, 7, 143)      8.167          0               0               1          2
                  (15, 7, 143)       8.25          0               0               1          1
                  (15, 7, 143)     10.167          0               0               1          1
                  (15, 7, 143)       12.0          0               0               1          1
                 (15, 14, 143)        8.0          0               0               1          1
                 (15, 14, 143)      8.083          0               0               1          1
                 (15, 14, 143)       8.25          0               0               1          1
                 (15, 14, 143)     10.083          0               0               1          2
                 (15, 14, 143)     10.167          0               0               1          1
                 (15, 14, 143)      12.25          0               0               1          1
                 (15, 14, 143)     12.333          0               0               1          1
                 (15, 14, 143)     16.333          0               0               1          1
                  (14, 7, 143)        8.0          0               0               1          1
                  (14, 7, 143)      8.083          0               0               1          1
                  (14, 7, 143)      8.167          0               0               1          1
                  (14, 7, 143)       8.25          0               0               1          1
                  (14, 7, 143)     10.083          0               0               1          1
                  (14, 7, 143)     10.167          0               0               1          1
                  (14, 7, 143)      12.25          0               0               1          1
                  (14, 7, 143)      14.25          0               0               1          1
                  (12, 8, 143)      8.083          0               0               1          1
                  (12, 8, 143)     10.083          0               0               1          1
                  (12, 8, 143)       12.0          0               0               1          1
                  (12, 8, 143)       18.0          0               0               0          1
                  (7, 10, 143)      8.083          0               0               0          1
                  (7, 10, 143)     14.167          0               0               0          1
                  (12, 5, 143)      8.083          0               0               1          1
                  (12, 5, 143)     12.083          0               0               1          1
                  (12, 5, 143)     14.083          0               0               1          1
                  (12, 5, 143)     18.083          0               0               1          1
                  (12, 6, 143)      8.083          0               0               1          2
                  (12, 6, 143)     14.167          0               0               1          1
                   (7, 8, 143)      8.083          0               0               0          1
                  (1, 11, 143)      8.083          0               0               1          1
                 (14, 14, 143)      8.083          0               0               1          1
                 (14, 14, 143)     10.083          0               0               1          1
                 (14, 14, 143)     12.083          0               0               1          1
                 (14, 14, 143)     14.167          0               0               1          1
                 (14, 14, 143)      14.25          0               0               0          1
                 (14, 14, 143)      14.25          0               0               1          1
                   (6, 3, 143)      8.083          0               0               1          1
                  (11, 6, 143)      8.083          0               0               1          1
                 (15, 12, 143)      8.083          0               0               1          1
                 (15, 12, 143)      8.167          0               0               1          2
                 (15, 12, 143)       12.0          0               0               1          1
                 (15, 12, 143)     12.083          0               0               0          1
                 (15, 12, 143)     12.083          0               0               1          1
                 (15, 12, 143)     14.083          0               0               0          1
                 (15, 12, 143)     16.083          0               0               1          1
                 (12, 15, 143)      8.083          0               0               1          2
                 (12, 15, 143)      8.167          0               0               1          1
                 (12, 15, 143)       10.0          0               0               1          1
                 (12, 15, 143)     10.083          0               0               1          2
                 (12, 15, 143)     10.167          0               0               1          1
                 (12, 15, 143)       12.0          0               0               1          1
                 (12, 15, 143)       12.0          0               0               0          1
                 (12, 15, 143)     14.167          0               0               1          1
                 (12, 15, 143)     16.083          0               0               0          1
                 (12, 15, 143)      16.25          0               0               1          1
                  (11, 1, 143)      8.083          0               0               1          1
                  (11, 1, 143)     14.167          0               0               1          1
                  (10, 3, 143)      8.083          0               0               1          1
                  (10, 3, 143)      8.167          0               0               1          1
                  (10, 3, 143)       8.25          0               0               1          1
                  (10, 3, 143)     10.167          0               0               1          2
                  (10, 3, 143)      10.25          0               0               1          1
                  (10, 3, 143)     12.167          0               0               0          1
                  (10, 3, 143)      12.25          0               0               1          2
                  (3, 14, 143)      8.083          0               0               1          1
                  (3, 14, 143)     10.167          0               0               0          1
                   (2, 7, 143)      8.083          0               0               0          1
                   (9, 3, 143)      8.167          0               0               1          1
                   (9, 3, 143)     10.167          0               0               1          1
                   (9, 3, 143)     10.167          0               0               0          1
                   (9, 3, 143)      12.25          0               0               1          1
                   (9, 3, 143)     14.167          0               0               1          1
                   (9, 5, 143)      8.167          0               0               1          2
                 (15, 15, 143)      8.167          0               0               1          1
                 (15, 15, 143)       10.0          0               0               1          1
                 (15, 15, 143)     10.083          0               0               1          1
                 (15, 15, 143)     10.167          0               0               1          1
                 (15, 15, 143)      10.25          0               0               1          1
                 (15, 15, 143)     12.333          0               0               1          1
                 (15, 15, 143)     14.333          0               0               1          1
                 (15, 15, 143)      20.25          0               0               1          1
                  (15, 4, 143)      8.167          0               0               1          1
                  (15, 4, 143)     12.167          0               0               1          1
                  (15, 4, 143)     14.167          0               0               1          1
                   (7, 7, 143)      8.167          0               0               1          1
                   (7, 7, 143)     14.333          0               0               1          1
                   (7, 6, 143)      8.167          0               0               1          1
                   (9, 6, 143)       8.25          0               0               1          1
                   (9, 6, 143)     10.083          0               0               1          1
                   (9, 6, 143)     10.333          0               0               1          2
                  (15, 6, 143)       8.25          0               0               1          1
                  (15, 6, 143)     10.083          0               0               1          1
                  (15, 6, 143)     12.333          0               0               1          1
                  (15, 6, 143)     16.333          0               0               1          1
                  (14, 8, 143)       10.0          0               0               1          4
                  (14, 8, 143)       12.0          0               0               1          1
                  (14, 8, 143)     12.167          0               0               1          1
                  (14, 8, 143)     14.333          0               0               1          1
                  (14, 8, 143)      18.25          0               0               1          1
                   (8, 9, 143)       10.0          0               0               0          1
                   (8, 9, 143)       10.0          0               0               1          1
                   (8, 9, 143)       14.0          0               0               0          1
                   (8, 9, 143)     14.167          0               0               0          1
                  (8, 13, 143)       10.0          0               0               1          1
                  (8, 13, 143)       12.0          0               0               1          3
                  (8, 13, 143)     12.083          0               0               1          1
                  (8, 13, 143)       14.0          0               0               1          1
                  (8, 13, 143)     16.083          0               0               1          1
                   (9, 9, 143)       10.0          0               0               1          1
                   (9, 9, 143)     10.167          0               0               1          1
                   (9, 9, 143)      10.25          0               0               1          1
                  (7, 14, 143)       10.0          0               0               0          1
                  (7, 14, 143)     10.083          0               0               1          1
                  (7, 14, 143)     10.167          0               0               1          1
                  (7, 14, 143)     14.167          0               0               0          1
                  (7, 14, 143)      14.25          0               0               1          1
                 (10, 12, 143)       10.0          0               0               1          2
                 (10, 12, 143)     10.083          0               0               1          1
                 (10, 12, 143)     14.167          0               0               1          1
                   (4, 9, 143)       10.0          0               0               1          2
                   (4, 9, 143)     12.083          0               0               1          1
                  (9, 10, 143)       10.0          0               0               1          1
                 (12, 14, 143)       10.0          0               0               1          1
                 (12, 14, 143)     12.167          0               0               1          1
                 (12, 14, 143)      12.25          0               0               1          1
                 (12, 14, 143)     14.083          0               0               1          1
                 (12, 14, 143)     14.167          0               0               1          2
                 (12, 14, 143)     16.167          0               0               1          1
                  (8, 11, 143)       10.0          0               0               1          1
                  (8, 11, 143)      14.25          0               0               1          1
                  (8, 11, 143)     18.167          0               0               1          1
                  (6, 11, 143)       10.0          0               0               0          1
                  (6, 11, 143)     10.167          0               0               1          1
                  (6, 11, 143)       12.0          0               0               0          1
                  (11, 8, 143)       10.0          0               0               1          1
                   (5, 9, 143)     10.083          0               0               1          1
                   (5, 9, 143)     16.333          0               0               1          1
                  (14, 4, 143)     10.083          0               0               1          1
                  (14, 4, 143)       12.0          0               0               1          1
                  (14, 4, 143)       14.0          0               0               0          1
                  (5, 10, 143)     10.083          0               0               1          1
                  (1, 10, 143)     10.083          0               0               1          1
                  (13, 5, 143)     10.083          0               0               1          1
                  (13, 5, 143)     14.333          0               0               1          1
                   (9, 1, 143)     10.083          0               0               0          1
                   (2, 2, 143)     10.083          0               0               1          1
                  (10, 6, 143)     10.083          0               0               0          1
                  (10, 6, 143)     10.167          0               0               1          1
                  (10, 6, 143)     10.333          0               0               1          1
                  (11, 3, 143)     10.083          0               0               0          1
                  (11, 3, 143)     10.167          0               0               1          1
                  (11, 3, 143)     14.333          0               0               1          1
                  (6, 15, 143)     10.083          0               0               0          1
                  (6, 15, 143)     12.083          0               0               0          1
                  (6, 15, 143)     14.083          0               0               1          1
                   (6, 5, 143)     10.083          0               0               1          1
                   (5, 3, 143)     10.083          0               0               0          1
                  (12, 7, 143)     10.083          0               0               1          1
                  (12, 7, 143)     10.167          0               0               1          1
                   (6, 7, 143)     10.083          0               0               1          1
                  (10, 4, 143)     10.167          0               0               1          1
                  (5, 13, 143)     10.167          0               0               1          1
                  (7, 15, 143)      10.25          0               0               1          1
                  (7, 15, 143)     12.167          0               0               1          1
                  (7, 15, 143)     16.083          0               0               1          1
                  (10, 5, 143)      10.25          0               0               1          1
                  (10, 5, 143)     12.167          0               0               1          1
                  (10, 5, 143)      12.25          0               0               1          1
                  (13, 4, 143)     10.333          0               0               1          1
                 (12, 12, 143)       12.0          0               0               1          1
                 (12, 12, 143)     12.083          0               0               1          1
                 (12, 12, 143)     12.167          0               0               1          1
                 (12, 12, 143)      12.25          0               0               1          2
                   (0, 9, 143)       12.0          0               0               1          2
                   (4, 1, 143)       12.0          0               0               1          1
                  (8, 14, 143)       12.0          0               0               1          1
                  (8, 14, 143)       14.0          0               0               1          1
                  (8, 14, 143)       14.0          0               0               0          1
                  (8, 14, 143)      18.25          0               0               1          1
                  (8, 14, 143)     22.333          0               0               1          1
                  (8, 10, 143)       12.0          0               0               1          1
                  (8, 10, 143)     14.083          0               0               1          1
                  (8, 10, 143)      14.25          0               0               1          1
                  (0, 11, 143)       12.0          0               0               1          1
                   (5, 8, 143)     12.083          0               0               1          1
                  (12, 2, 143)     12.083          0               0               1          1
                  (12, 2, 143)     12.167          0               0               1          1
                  (12, 2, 143)     14.083          0               0               0          1
                   (1, 3, 143)     12.083          0               0               0          1
                   (8, 8, 143)     12.167          0               0               1          1
                  (14, 0, 143)     12.167          0               0               1          1
                  (14, 0, 143)     14.167          0               0               1          1
                  (14, 0, 143)      16.25          0               0               1          1
                  (12, 3, 143)     12.167          0               0               1          1
                  (12, 3, 143)     14.083          0               0               1          1
                  (5, 12, 143)     12.167          0               0               1          1
                  (11, 4, 143)     12.167          0               0               1          1
                  (11, 4, 143)     14.333          0               0               1          1
                  (4, 10, 143)     12.167          0               0               1          1
                   (8, 6, 143)     12.167          0               0               1          1
                   (5, 7, 143)     12.167          0               0               1          1
                  (10, 2, 143)      12.25          0               0               1          1
                  (10, 2, 143)     14.083          0               0               1          1
                   (9, 2, 143)      12.25          0               0               1          1
                   (9, 2, 143)     14.167          0               0               1          1
                  (4, 14, 143)       14.0          0               0               1          1
                   (4, 3, 143)     14.083          0               0               1          1
                  (12, 4, 143)     14.167          0               0               1          1
                  (8, 12, 143)     16.083          0               0               1          1
                  (10, 0, 143)     16.083          0               0               1          1
                  (6, 14, 143)     16.083          0               0               1          1
                   (6, 2, 143)     16.167          0               0               0          1
                  (4, 15, 143)       18.0          0               0               1          1
                  (1, 13, 143)     18.333          0               0               1          1
                   (8, 3, 143)     20.417          0               0               1          1
-:     0     1     2     3
0:   598   250   191   190
1:   195   182   231   174
2:   185   200   189   212
3:   211   225   235   214
