inputs: 4111631/1000 samples
                      [output]   [energy]  [A*B=out] [truth of cfas] [truth of chains]      [num]
         (14541, 241, 4111631)     18.167          0               0               1          1
         (14849, 185, 4111631)      18.25          0               0               1          1
         (14953, 113, 4111631)      20.25          0               0               1          1
         (15741, 115, 4111631)     20.417          0               0               0          1
         (15013, 189, 4111631)      22.25          0               0               1          1
         (15094, 125, 4111631)      22.25          0               0               1          1
         (13755, 125, 4111631)      22.25          0               0               1          1
         (16085, 113, 4111631)      22.25          0               0               1          1
         (16117, 249, 4111631)     22.333          0               0               1          1
         (15953, 221, 4111631)     22.333          0               0               1          1
         (16047, 125, 4111631)     22.333          0               0               1          1
         (15045, 241, 4111631)     22.333          0               0               1          1
         (15965, 221, 4111631)     22.333          0               0               1          1
         (16115, 249, 4111631)     22.417          0               0               1          1
         (14033, 249, 4111631)       22.5          0               0               1          1
         (15589, 249, 4111631)       22.5          0               0               1          1
         (15221, 243, 4111631)       22.5          0               0               1          1
         (15797, 243, 4111631)       22.5          0               0               1          1
         (12517, 211, 4111631)       22.5          0               0               1          1
          (15575, 93, 4111631)     24.083          0               0               1          1
         (14865, 209, 4111631)     24.083          0               0               1          1
         (15957, 113, 4111631)     24.167          0               0               1          1
         (15237, 209, 4111631)      24.25          0               0               1          1
          (14849, 65, 4111631)      24.25          0               0               1          1
          (14849, 65, 4111631)     34.417          0               0               1          1
          (14849, 65, 4111631)     40.417          0               0               1          1
          (14849, 65, 4111631)      44.25          0               0               0          1
          (14865, 17, 4111631)      24.25          0               0               1          1
          (15045, 49, 4111631)      24.25          0               0               1          1
          (15889, 81, 4111631)      24.25          0               0               1          1
         (11221, 249, 4111631)     24.333          0               0               1          1
         (15909, 249, 4111631)     24.333          0               0               1          1
         (15003, 125, 4111631)     24.333          0               0               1          2
         (15077, 121, 4111631)     24.333          0               0               1          1
         (14589, 113, 4111631)     24.333          0               0               1          1
         (14935, 117, 4111631)     24.333          0               0               1          1
         (15989, 113, 4111631)     24.333          0               0               1          1
         (13787, 125, 4111631)     24.333          0               0               1          1
         (13221, 251, 4111631)     24.417          0               0               1          1
         (14997, 241, 4111631)     24.417          0               0               1          1
         (15093, 249, 4111631)     24.417          0               0               1          1
         (15093, 249, 4111631)     26.417          0               0               1          1
         (12933, 177, 4111631)     24.417          0               0               1          1
         (13959, 225, 4111631)     24.417          0               0               1          1
          (14797, 81, 4111631)     24.417          0               0               1          1
          (15715, 57, 4111631)     24.417          0               0               1          1
         (16069, 245, 4111631)       24.5          0               0               1          1
         (14069, 243, 4111631)     24.667          0               0               1          1
          (13315, 65, 4111631)     26.083          0               0               0          1
         (15843, 125, 4111631)     26.167          0               0               1          1
         (12949, 249, 4111631)     26.333          0               0               1          1
         (14853, 241, 4111631)     26.333          0               0               1          1
          (14309, 81, 4111631)     26.333          0               0               1          1
          (8725, 113, 4111631)     26.333          0               0               0          1
         (15333, 113, 4111631)     26.333          0               0               1          1
          (15841, 49, 4111631)     26.333          0               0               1          1
         (16383, 117, 4111631)     26.417          0               0               1          1
         (14293, 121, 4111631)     26.417          0               0               1          1
         (15085, 249, 4111631)     26.417          0               0               1          1
         (15077, 249, 4111631)     26.417          0               0               1          1
          (14337, 17, 4111631)     26.417          0               0               1          1
          (14337, 17, 4111631)     34.333          0               0               1          2
          (14337, 17, 4111631)     38.333          0               0               0          1
          (14337, 17, 4111631)     38.417          0               0               1          1
          (14337, 17, 4111631)       40.5          0               0               1          2
          (14337, 17, 4111631)     46.583          0               0               1          1
          (14337, 17, 4111631)      50.25          0               0               0          1
          (14981, 17, 4111631)     26.417          0               0               1          1
         (15077, 247, 4111631)       26.5          0               0               1          1
         (13551, 117, 4111631)       26.5          0               0               1          1
         (16357, 249, 4111631)       26.5          0               0               1          1
         (16357, 249, 4111631)       34.5          0               0               1          1
         (15573, 241, 4111631)       26.5          0               0               1          1
         (15173, 209, 4111631)       26.5          0               0               1          1
         (15715, 117, 4111631)       26.5          0               0               1          1
         (15851, 117, 4111631)     26.667          0               0               1          1
         (14469, 177, 4111631)     28.083          0               0               1          1
         (15021, 249, 4111631)     28.167          0               0               1          1
         (15365, 241, 4111631)     28.167          0               0               1          1
         (14037, 121, 4111631)     28.167          0               0               1          1
         (16013, 113, 4111631)     28.167          0               0               1          2
         (14533, 241, 4111631)     28.167          0               0               1          1
         (14869, 209, 4111631)     28.167          0               0               1          1
         (13829, 209, 4111631)     28.167          0               0               1          1
          (15363, 49, 4111631)     28.167          0               0               1          1
         (16241, 113, 4111631)      28.25          0               0               1          1
         (14977, 241, 4111631)      28.25          0               0               1          1
         (11941, 241, 4111631)      28.25          0               0               1          1
          (15955, 81, 4111631)      28.25          0               0               1          1
         (12293, 217, 4111631)      28.25          0               0               1          1
         (14337, 145, 4111631)      28.25          0               0               1          1
         (14337, 145, 4111631)     34.333          0               0               1          2
         (14211, 117, 4111631)      28.25          0               0               0          1
          (15945, 81, 4111631)      28.25          0               0               1          1
         (11333, 113, 4111631)      28.25          0               0               0          1
         (15943, 253, 4111631)     28.333          0               0               1          1
         (16025, 113, 4111631)     28.333          0               0               1          1
         (14853, 177, 4111631)     28.333          0               0               1          1
         (15361, 161, 4111631)     28.333          0               0               1          1
          (13313, 65, 4111631)     28.333          0               0               1          1
          (13313, 65, 4111631)     32.167          0               0               0          1
          (13313, 65, 4111631)     38.167          0               0               1          1
          (13313, 65, 4111631)      40.25          0               0               0          1
          (13313, 65, 4111631)     40.417          0               0               1          1
         (16359, 125, 4111631)     28.417          0               0               1          1
         (15989, 245, 4111631)     28.417          0               0               1          1
         (14917, 241, 4111631)     28.417          0               0               1          1
         (15525, 185, 4111631)     28.417          0               0               1          1
         (12997, 177, 4111631)     28.417          0               0               1          1
          (15561, 85, 4111631)     28.417          0               0               1          1
         (16021, 241, 4111631)       28.5          0               0               1          1
         (16149, 241, 4111631)       28.5          0               0               1          1
         (10949, 241, 4111631)       28.5          0               0               1          1
         (13541, 209, 4111631)       28.5          0               0               1          1
         (14657, 241, 4111631)       28.5          0               0               1          1
          (14857, 65, 4111631)       28.5          0               0               1          1
          (13891, 53, 4111631)       28.5          0               0               1          1
         (14037, 251, 4111631)     28.583          0               0               1          1
         (12981, 243, 4111631)     28.583          0               0               1          1
         (15953, 117, 4111631)     28.583          0               0               1          1
         (14519, 245, 4111631)     28.667          0               0               1          1
         (12503, 113, 4111631)     28.667          0               0               1          1
         (13313, 209, 4111631)     30.083          0               0               1          1
         (13313, 209, 4111631)     40.417          0               0               1          1
         (15361, 145, 4111631)     30.083          0               0               1          1
          (14849, 81, 4111631)     30.167          0               0               1          1
          (14849, 81, 4111631)     38.583          0               0               1          1
          (14849, 81, 4111631)       40.5          0               0               1          1
          (14849, 81, 4111631)     40.667          0               0               1          1
         (12929, 177, 4111631)     30.167          0               0               1          1
         (12929, 177, 4111631)      30.25          0               0               1          1
         (14085, 177, 4111631)      30.25          0               0               0          1
         (14085, 177, 4111631)     38.583          0               0               1          1
         (14337, 209, 4111631)      30.25          0               0               1          1
         (14337, 209, 4111631)     42.417          0               0               1          1
         (11921, 241, 4111631)      30.25          0               0               1          1
          (16075, 33, 4111631)      30.25          0               0               1          1
          (14853, 81, 4111631)      30.25          0               0               1          1
          (12801, 65, 4111631)      30.25          0               0               1          1
           (14337, 1, 4111631)      30.25          0               0               0          1
           (14337, 1, 4111631)     34.167          0               0               0          1
           (14337, 1, 4111631)     34.333          0               0               1          1
           (14337, 1, 4111631)     36.333          0               0               1          1
           (14337, 1, 4111631)     36.417          0               0               1          1
           (14337, 1, 4111631)     38.333          0               0               1          2
           (14337, 1, 4111631)     40.333          0               0               1          2
           (14337, 1, 4111631)      44.25          0               0               0          1
           (14337, 1, 4111631)      46.25          0               0               0          1
           (14337, 1, 4111631)     46.417          0               0               0          1
         (14021, 249, 4111631)     30.333          0               0               1          1
         (15017, 113, 4111631)     30.333          0               0               1          1
           (14338, 1, 4111631)     30.333          0               0               1          1
         (16313, 113, 4111631)     30.417          0               0               1          1
          (16357, 85, 4111631)     30.417          0               0               1          1
         (15957, 241, 4111631)     30.417          0               0               1          1
         (15381, 241, 4111631)     30.417          0               0               1          1
         (15097, 117, 4111631)     30.417          0               0               1          1
          (11273, 49, 4111631)     30.417          0               0               0          1
          (14984, 13, 4111631)     30.417          0               0               1          1
         (15593, 243, 4111631)       30.5          0               0               1          1
         (12949, 241, 4111631)       30.5          0               0               1          1
         (16197, 249, 4111631)       30.5          0               0               1          1
         (14501, 209, 4111631)       30.5          0               0               1          1
          (14921, 33, 4111631)       30.5          0               0               1          1
          (15361, 33, 4111631)       30.5          0               0               1          1
          (15361, 33, 4111631)       34.5          0               0               1          1
         (16373, 253, 4111631)     30.583          0               0               1          1
         (15913, 253, 4111631)     30.583          0               0               1          1
         (14181, 227, 4111631)     30.583          0               0               1          1
         (16353, 241, 4111631)     30.583          0               0               1          1
         (16353, 241, 4111631)     40.583          0               0               1          1
         (13545, 117, 4111631)     30.583          0               0               1          1
         (13157, 241, 4111631)     30.583          0               0               1          1
         (16117, 113, 4111631)     30.583          0               0               1          1
         (15249, 113, 4111631)     30.583          0               0               1          1
         (14849, 193, 4111631)     30.583          0               0               1          1
         (15837, 113, 4111631)     30.667          0               0               1          1
         (13013, 241, 4111631)     30.667          0               0               1          1
          (16349, 97, 4111631)      30.75          0               0               1          1
          (14979, 85, 4111631)      30.75          0               0               1          1
         (14581, 241, 4111631)     30.833          0               0               1          1
          (10289, 97, 4111631)     32.083          0               0               0          1
         (16297, 121, 4111631)     32.167          0               0               1          1
         (15873, 225, 4111631)     32.167          0               0               1          1
         (15873, 225, 4111631)     38.333          0               0               1          1
         (15365, 161, 4111631)     32.167          0               0               1          1
         (12819, 241, 4111631)     32.167          0               0               1          1
         (10577, 113, 4111631)     32.167          0               0               1          1
           (10369, 1, 4111631)     32.167          0               0               0          1
         (10885, 241, 4111631)      32.25          0               0               1          1
          (12801, 17, 4111631)      32.25          0               0               1          1
          (12801, 17, 4111631)      38.25          0               0               1          1
          (12801, 17, 4111631)       38.5          0               0               1          1
          (12801, 17, 4111631)       40.5          0               0               1          1
         (14945, 113, 4111631)      32.25          0               0               1          1
         (15969, 113, 4111631)      32.25          0               0               1          1
         (15981, 113, 4111631)      32.25          0               0               1          1
          (14337, 65, 4111631)      32.25          0               0               1          1
          (14337, 65, 4111631)     38.333          0               0               0          1
          (14337, 65, 4111631)       40.5          0               0               1          1
          (14337, 65, 4111631)     40.583          0               0               1          1
          (11265, 81, 4111631)      32.25          0               0               0          1
         (16249, 113, 4111631)     32.333          0               0               1          1
          (12433, 53, 4111631)     32.333          0               0               1          1
          (14851, 97, 4111631)     32.333          0               0               1          1
          (12835, 81, 4111631)     32.333          0               0               0          1
          (13825, 17, 4111631)     32.333          0               0               1          1
          (13825, 17, 4111631)     34.333          0               0               1          1
          (13825, 17, 4111631)       44.5          0               0               1          1
           (14465, 1, 4111631)     32.333          0               0               1          1
         (16357, 241, 4111631)     32.417          0               0               1          1
         (16109, 249, 4111631)     32.417          0               0               1          1
         (16101, 113, 4111631)     32.417          0               0               1          1
         (15017, 117, 4111631)     32.417          0               0               1          1
         (14849, 113, 4111631)     32.417          0               0               1          1
         (16177, 241, 4111631)     32.417          0               0               1          1
          (14345, 65, 4111631)     32.417          0               0               1          1
          (15361, 65, 4111631)     32.417          0               0               1          1
          (15361, 65, 4111631)     34.167          0               0               1          1
         (16085, 241, 4111631)       32.5          0               0               1          1
         (16373, 113, 4111631)       32.5          0               0               1          1
         (15397, 113, 4111631)       32.5          0               0               1          1
         (16013, 241, 4111631)       32.5          0               0               1          1
         (16121, 113, 4111631)       32.5          0               0               1          1
         (14917, 113, 4111631)       32.5          0               0               1          1
         (13617, 217, 4111631)       32.5          0               0               1          1
         (12293, 177, 4111631)       32.5          0               0               1          1
         (12293, 177, 4111631)     34.417          0               0               1          1
         (12293, 177, 4111631)     38.333          0               0               0          1
         (12293, 177, 4111631)       38.5          0               0               0          1
         (15069, 125, 4111631)     32.583          0               0               1          1
         (14021, 241, 4111631)     32.667          0               0               1          1
         (12249, 113, 4111631)     32.667          0               0               1          1
          (9763, 249, 4111631)     32.667          0               0               1          1
          (9707, 125, 4111631)     32.667          0               0               1          1
          (15995, 81, 4111631)      32.75          0               0               1          1
          (13889, 13, 4111631)      34.25          0               0               1          1
          (14371, 49, 4111631)      34.25          0               0               1          1
          (12289, 33, 4111631)      34.25          0               0               1          1
          (12289, 33, 4111631)     38.417          0               0               1          1
          (12289, 33, 4111631)       38.5          0               0               0          1
          (12289, 33, 4111631)     40.417          0               0               0          1
          (12289, 33, 4111631)     42.333          0               0               0          1
          (12289, 33, 4111631)     42.417          0               0               1          1
          (12289, 33, 4111631)       42.5          0               0               1          2
          (12289, 33, 4111631)     44.333          0               0               0          2
          (12289, 33, 4111631)     44.417          0               0               0          1
          (12289, 33, 4111631)       44.5          0               0               0          1
          (12289, 33, 4111631)      46.25          0               0               0          1
          (12289, 33, 4111631)     46.333          0               0               1          1
          (12289, 33, 4111631)      48.25          0               0               0          2
          (12289, 33, 4111631)     58.333          0               0               0          1
         (12817, 113, 4111631)     34.333          0               0               1          1
         (14577, 117, 4111631)     34.333          0               0               1          1
         (14361, 113, 4111631)     34.333          0               0               0          1
          (14849, 17, 4111631)     34.333          0               0               1          1
          (14849, 17, 4111631)     42.667          0               0               1          1
          (14849, 17, 4111631)     44.583          0               0               1          1
          (11793, 17, 4111631)     34.333          0               0               0          1
          (14849, 33, 4111631)     34.333          0               0               1          1
         (13761, 113, 4111631)     34.333          0               0               1          1
         (14597, 129, 4111631)     34.333          0               0               1          1
         (15109, 241, 4111631)     34.417          0               0               1          1
         (15793, 241, 4111631)     34.417          0               0               1          1
           (12801, 1, 4111631)     34.417          0               0               1          1
           (12801, 1, 4111631)      36.25          0               0               1          1
           (12801, 1, 4111631)       40.5          0               0               1          1
          (14345, 17, 4111631)     34.417          0               0               1          1
          (12289, 65, 4111631)     34.417          0               0               1          1
          (12289, 65, 4111631)     36.167          0               0               1          1
          (12289, 65, 4111631)      36.25          0               0               1          1
          (12289, 65, 4111631)     38.167          0               0               0          1
          (12289, 65, 4111631)     38.167          0               0               1          1
          (12289, 65, 4111631)      40.25          0               0               0          1
          (12289, 65, 4111631)      40.25          0               0               1          1
          (12289, 65, 4111631)     40.333          0               0               1          2
          (12289, 65, 4111631)      42.25          0               0               1          2
          (12289, 65, 4111631)     44.333          0               0               0          1
          (12289, 65, 4111631)     44.333          0               0               1          1
          (12289, 65, 4111631)      48.25          0               0               1          1
          (12289, 65, 4111631)     48.417          0               0               1          1
          (14993, 81, 4111631)     34.417          0               0               1          1
          (11811, 97, 4111631)     34.417          0               0               0          1
         (15365, 113, 4111631)     34.417          0               0               1          1
           (14976, 1, 4111631)     34.417          0               0               1          1
         (14333, 125, 4111631)       34.5          0               0               1          1
         (16037, 117, 4111631)       34.5          0               0               1          1
         (15585, 241, 4111631)       34.5          0               0               1          1
          (13769, 81, 4111631)       34.5          0               0               1          1
         (14337, 113, 4111631)       34.5          0               0               1          1
         (15937, 113, 4111631)       34.5          0               0               1          1
         (12933, 185, 4111631)       34.5          0               0               1          1
          (16113, 81, 4111631)       34.5          0               0               1          1
          (14337, 33, 4111631)       34.5          0               0               1          1
          (14337, 33, 4111631)      38.25          0               0               1          1
          (14337, 33, 4111631)     40.333          0               0               1          1
          (14337, 33, 4111631)     44.417          0               0               1          1
          (14337, 33, 4111631)     48.417          0               0               1          1
         (14851, 129, 4111631)       34.5          0               0               1          1
          (15065, 49, 4111631)       34.5          0               0               0          1
          (12297, 81, 4111631)       34.5          0               0               1          1
         (14197, 121, 4111631)     34.583          0               0               1          1
         (14793, 113, 4111631)     34.583          0               0               1          1
           (13322, 1, 4111631)     34.583          0               0               1          1
          (14977, 49, 4111631)     34.583          0               0               1          1
         (15989, 249, 4111631)     34.667          0               0               1          1
         (15321, 113, 4111631)     34.667          0               0               1          1
         (16309, 241, 4111631)     34.667          0               0               1          1
          (13313, 81, 4111631)     36.083          0               0               0          1
          (13313, 81, 4111631)     36.583          0               0               0          1
         (12801, 129, 4111631)     36.083          0               0               0          1
         (12801, 129, 4111631)     44.667          0               0               1          1
          (10273, 81, 4111631)     36.083          0               0               0          1
         (12291, 193, 4111631)     36.167          0               0               0          1
          (9229, 177, 4111631)     36.167          0               0               0          1
           (12291, 1, 4111631)     36.167          0               0               0          1
           (12291, 1, 4111631)      38.25          0               0               0          1
           (12291, 1, 4111631)     40.333          0               0               0          1
           (12544, 1, 4111631)     36.167          0               0               0          1
         (12289, 177, 4111631)      36.25          0               0               1          1
         (12289, 177, 4111631)     36.583          0               0               1          1
         (12289, 177, 4111631)     48.667          0               0               0          1
          (12291, 97, 4111631)      36.25          0               0               1          1
         (12801, 209, 4111631)      36.25          0               0               1          1
         (13313, 129, 4111631)      36.25          0               0               0          1
         (11521, 209, 4111631)      36.25          0               0               0          1
           (14464, 1, 4111631)      36.25          0               0               1          1
           (12289, 1, 4111631)      36.25          0               0               1          1
           (12289, 1, 4111631)     38.167          0               0               1          2
           (12289, 1, 4111631)      38.25          0               0               1          3
           (12289, 1, 4111631)      38.25          0               0               0          3
           (12289, 1, 4111631)     40.167          0               0               0          1
           (12289, 1, 4111631)      40.25          0               0               1          2
           (12289, 1, 4111631)      40.25          0               0               0          1
           (12289, 1, 4111631)     40.333          0               0               0          1
           (12289, 1, 4111631)     40.417          0               0               1          1
           (12289, 1, 4111631)     42.083          0               0               0          1
           (12289, 1, 4111631)     42.167          0               0               0          2
           (12289, 1, 4111631)     42.167          0               0               1          1
           (12289, 1, 4111631)      42.25          0               0               0          2
           (12289, 1, 4111631)      42.25          0               0               1          1
           (12289, 1, 4111631)     42.333          0               0               0          1
           (12289, 1, 4111631)     42.333          0               0               1          1
           (12289, 1, 4111631)     42.417          0               0               0          1
           (12289, 1, 4111631)     44.167          0               0               0          1
           (12289, 1, 4111631)      44.25          0               0               1          1
           (12289, 1, 4111631)      44.25          0               0               0          1
           (12289, 1, 4111631)     44.333          0               0               0          1
           (12289, 1, 4111631)     44.333          0               0               1          1
           (12289, 1, 4111631)     44.417          0               0               1          1
           (12289, 1, 4111631)     44.417          0               0               0          1
           (12289, 1, 4111631)       44.5          0               0               1          1
           (12289, 1, 4111631)     46.167          0               0               0          3
           (12289, 1, 4111631)     46.333          0               0               1          1
           (12289, 1, 4111631)       46.5          0               0               1          1
           (12289, 1, 4111631)      48.25          0               0               0          1
           (12289, 1, 4111631)       50.5          0               0               0          1
          (12801, 33, 4111631)      36.25          0               0               1          1
          (12801, 33, 4111631)     36.333          0               0               1          1
           (14336, 1, 4111631)      36.25          0               0               1          1
           (14336, 1, 4111631)      38.25          0               0               1          1
           (14336, 1, 4111631)      40.25          0               0               1          1
           (14336, 1, 4111631)      42.25          0               0               1          1
           (14336, 1, 4111631)     46.583          0               0               1          1
           (14336, 1, 4111631)     50.167          0               0               0          1
          (13313, 33, 4111631)      36.25          0               0               0          2
         (15077, 241, 4111631)     36.333          0               0               1          1
         (15077, 241, 4111631)     36.833          0               0               1          1
         (12309, 241, 4111631)     36.333          0               0               0          1
         (12309, 241, 4111631)     40.833          0               0               1          1
         (15941, 241, 4111631)     36.333          0               0               1          1
          (12297, 17, 4111631)     36.333          0               0               1          1
         (14341, 129, 4111631)     36.333          0               0               0          1
           (10753, 1, 4111631)     36.333          0               0               1          1
           (8723, 49, 4111631)     36.333          0               0               0          1
         (16021, 213, 4111631)     36.417          0               0               1          1
         (10981, 177, 4111631)     36.417          0               0               1          1
          (14994, 25, 4111631)     36.417          0               0               1          1
          (14849, 49, 4111631)     36.417          0               0               1          1
          (10753, 17, 4111631)     36.417          0               0               1          1
          (10753, 17, 4111631)       38.5          0               0               0          1
         (12293, 113, 4111631)     36.417          0               0               1          1
         (12293, 113, 4111631)     38.333          0               0               0          1
         (13825, 193, 4111631)     36.417          0               0               1          1
           (8257, 49, 4111631)     36.417          0               0               0          1
           (8257, 49, 4111631)      48.25          0               0               0          1
           (9221, 19, 4111631)     36.417          0               0               0          1
           (13312, 1, 4111631)     36.417          0               0               1          1
           (13312, 1, 4111631)     42.333          0               0               0          1
           (13312, 1, 4111631)     42.417          0               0               1          1
           (13312, 1, 4111631)     48.333          0               0               1          1
           (12305, 1, 4111631)     36.417          0               0               1          1
           (12305, 1, 4111631)      40.25          0               0               0          1
           (12305, 1, 4111631)     40.417          0               0               1          1
         (12289, 209, 4111631)     36.417          0               0               1          1
         (12289, 209, 4111631)     42.167          0               0               1          1
         (12289, 209, 4111631)     42.583          0               0               1          1
         (12289, 209, 4111631)     46.417          0               0               0          1
           (15360, 9, 4111631)     36.417          0               0               1          1
         (16101, 249, 4111631)       36.5          0               0               1          1
         (15157, 113, 4111631)       36.5          0               0               1          1
         (14852, 113, 4111631)       36.5          0               0               0          1
         (12949, 177, 4111631)       36.5          0               0               1          1
         (13315, 113, 4111631)       36.5          0               0               1          1
         (15489, 225, 4111631)       36.5          0               0               1          1
          (12803, 17, 4111631)       36.5          0               0               1          1
          (12421, 49, 4111631)       36.5          0               0               1          1
          (14337, 49, 4111631)       36.5          0               0               1          1
          (14337, 49, 4111631)     44.417          0               0               1          1
          (14337, 49, 4111631)     48.333          0               0               0          1
          (12289, 17, 4111631)       36.5          0               0               1          1
          (12289, 17, 4111631)      38.25          0               0               0          1
          (12289, 17, 4111631)      38.25          0               0               1          1
          (12289, 17, 4111631)     38.417          0               0               0          1
          (12289, 17, 4111631)     38.417          0               0               1          1
          (12289, 17, 4111631)       38.5          0               0               1          1
          (12289, 17, 4111631)      40.25          0               0               1          1
          (12289, 17, 4111631)      40.25          0               0               0          3
          (12289, 17, 4111631)     40.333          0               0               0          1
          (12289, 17, 4111631)     42.167          0               0               1          1
          (12289, 17, 4111631)      42.25          0               0               1          1
          (12289, 17, 4111631)     42.333          0               0               1          1
          (12289, 17, 4111631)     42.417          0               0               1          2
          (12289, 17, 4111631)      44.25          0               0               1          2
          (12289, 17, 4111631)      44.25          0               0               0          1
          (12289, 17, 4111631)     44.333          0               0               1          1
          (12289, 17, 4111631)     44.333          0               0               0          1
          (12289, 17, 4111631)     44.417          0               0               0          1
          (12289, 17, 4111631)       44.5          0               0               1          1
          (12289, 17, 4111631)     44.583          0               0               1          1
          (12289, 17, 4111631)      46.25          0               0               1          1
          (12289, 17, 4111631)     46.333          0               0               1          3
          (12289, 17, 4111631)     46.333          0               0               0          2
          (12289, 17, 4111631)     46.417          0               0               0          1
          (12289, 17, 4111631)       46.5          0               0               0          1
          (12289, 17, 4111631)     46.583          0               0               1          1
          (12289, 17, 4111631)     48.333          0               0               0          2
          (12289, 17, 4111631)     48.417          0               0               1          1
          (12289, 17, 4111631)     50.333          0               0               0          1
          (12289, 17, 4111631)     50.417          0               0               0          1
          (12289, 17, 4111631)       50.5          0               0               1          1
           (12819, 1, 4111631)       36.5          0               0               1          1
          (12289, 81, 4111631)       36.5          0               0               1          1
          (12289, 81, 4111631)      38.25          0               0               1          1
          (12289, 81, 4111631)     40.333          0               0               0          1
          (12289, 81, 4111631)     40.417          0               0               0          1
          (12289, 81, 4111631)     42.417          0               0               1          1
          (12289, 81, 4111631)       42.5          0               0               0          1
          (12289, 81, 4111631)     44.333          0               0               1          1
          (12289, 81, 4111631)     46.417          0               0               1          1
          (12289, 81, 4111631)      48.75          0               0               1          1
          (12289, 81, 4111631)       50.5          0               0               0          1
         (13541, 249, 4111631)     36.583          0               0               1          1
         (13317, 225, 4111631)     36.583          0               0               1          1
          (13797, 81, 4111631)     36.583          0               0               1          1
           (12801, 9, 4111631)     36.583          0               0               1          1
         (15089, 249, 4111631)     36.667          0               0               1          1
         (10873, 113, 4111631)     36.667          0               0               1          1
         (15105, 113, 4111631)     36.667          0               0               1          1
         (16053, 209, 4111631)     36.667          0               0               1          1
         (13377, 145, 4111631)     36.667          0               0               0          1
           (13571, 1, 4111631)      36.75          0               0               1          1
         (13347, 113, 4111631)      36.75          0               0               1          1
         (14339, 161, 4111631)     38.083          0               0               1          1
           (8193, 17, 4111631)     38.083          0               0               0          1
           (8193, 17, 4111631)     42.167          0               0               0          1
           (8193, 17, 4111631)     44.083          0               0               0          1
           (8193, 17, 4111631)     46.167          0               0               0          1
           (8193, 17, 4111631)      46.25          0               0               0          2
           (8193, 17, 4111631)     46.333          0               0               0          1
           (8193, 17, 4111631)     46.417          0               0               0          1
           (8193, 17, 4111631)     48.083          0               0               0          1
           (8193, 17, 4111631)      48.25          0               0               0          2
           (8193, 17, 4111631)     48.333          0               0               0          3
           (8193, 17, 4111631)     48.417          0               0               0          1
           (8193, 17, 4111631)     50.167          0               0               0          1
           (8193, 17, 4111631)      50.25          0               0               0          3
           (8193, 17, 4111631)     50.417          0               0               0          2
           (8193, 17, 4111631)     52.083          0               0               0          1
           (8193, 17, 4111631)     52.333          0               0               0          1
           (8193, 17, 4111631)     54.083          0               0               0          1
           (8193, 17, 4111631)      54.25          0               0               0          1
           (8193, 17, 4111631)     54.333          0               0               0          1
           (8193, 17, 4111631)       54.5          0               0               0          1
           (8193, 17, 4111631)     54.583          0               0               0          1
         (14857, 241, 4111631)     38.167          0               0               1          1
         (12289, 129, 4111631)     38.167          0               0               0          1
         (12289, 129, 4111631)     38.333          0               0               1          1
         (12289, 129, 4111631)      40.25          0               0               1          1
         (12289, 129, 4111631)     40.417          0               0               0          1
         (12289, 129, 4111631)     40.417          0               0               1          1
         (12289, 129, 4111631)     42.167          0               0               1          1
         (12289, 129, 4111631)      42.25          0               0               0          1
         (12289, 129, 4111631)     42.333          0               0               0          1
         (12289, 129, 4111631)     42.417          0               0               0          1
         (12289, 129, 4111631)     44.333          0               0               0          2
         (12289, 129, 4111631)     44.417          0               0               0          1
         (12289, 129, 4111631)     46.333          0               0               0          1
         (12289, 129, 4111631)      48.25          0               0               1          1
         (12289, 129, 4111631)     48.417          0               0               0          1
         (12289, 129, 4111631)     50.167          0               0               0          1
         (12289, 129, 4111631)     54.333          0               0               0          1
          (11265, 65, 4111631)     38.167          0               0               0          1
         (13713, 237, 4111631)      38.25          0               0               1          1
           (9397, 89, 4111631)      38.25          0               0               0          1
           (12545, 1, 4111631)      38.25          0               0               0          1
           (12545, 1, 4111631)     40.333          0               0               0          1
         (13313, 145, 4111631)      38.25          0               0               0          1
         (13313, 145, 4111631)     44.417          0               0               0          1
         (13313, 145, 4111631)       44.5          0               0               0          1
           (12290, 9, 4111631)      38.25          0               0               1          1
          (11777, 17, 4111631)      38.25          0               0               0          1
           (8193, 81, 4111631)      38.25          0               0               0          1
           (8193, 81, 4111631)      40.25          0               0               0          1
           (8193, 81, 4111631)       44.5          0               0               0          1
           (8193, 81, 4111631)     48.417          0               0               0          1
           (8193, 81, 4111631)       50.5          0               0               0          1
           (8193, 81, 4111631)     52.417          0               0               0          1
           (8193, 81, 4111631)       56.5          0               0               1          1
         (12001, 253, 4111631)     38.333          0               0               1          1
         (12805, 177, 4111631)     38.333          0               0               0          1
         (12293, 225, 4111631)     38.333          0               0               0          1
         (12289, 145, 4111631)     38.333          0               0               1          1
         (12289, 145, 4111631)      42.25          0               0               0          1
         (12289, 145, 4111631)     42.333          0               0               1          1
         (12289, 145, 4111631)     46.417          0               0               1          1
         (12289, 145, 4111631)     48.333          0               0               0          1
         (12289, 145, 4111631)      52.25          0               0               0          1
         (12289, 145, 4111631)       52.5          0               0               1          1
           (12288, 1, 4111631)     38.333          0               0               1          1
           (12288, 1, 4111631)     40.167          0               0               0          1
           (12288, 1, 4111631)      40.25          0               0               1          2
           (12288, 1, 4111631)     40.417          0               0               0          1
           (12288, 1, 4111631)      42.25          0               0               0          1
           (12288, 1, 4111631)     42.333          0               0               1          2
           (12288, 1, 4111631)     42.417          0               0               0          1
           (12288, 1, 4111631)     44.167          0               0               0          2
           (12288, 1, 4111631)     44.417          0               0               0          2
           (12288, 1, 4111631)     44.417          0               0               1          3
           (12288, 1, 4111631)     46.083          0               0               0          1
           (12288, 1, 4111631)     46.167          0               0               1          1
           (12288, 1, 4111631)      46.25          0               0               1          4
           (12288, 1, 4111631)      46.25          0               0               0          1
           (12288, 1, 4111631)     46.333          0               0               1          1
           (12288, 1, 4111631)      48.25          0               0               1          1
           (12288, 1, 4111631)       48.5          0               0               1          2
           (12288, 1, 4111631)       48.5          0               0               0          1
           (12288, 1, 4111631)     48.667          0               0               1          1
           (12288, 1, 4111631)      50.25          0               0               0          1
           (12288, 1, 4111631)     50.417          0               0               0          1
           (12288, 1, 4111631)     50.417          0               0               1          1
           (12288, 1, 4111631)     52.083          0               0               0          2
           (12288, 1, 4111631)      52.25          0               0               1          1
           (12288, 1, 4111631)     52.333          0               0               0          1
           (12288, 1, 4111631)     52.417          0               0               0          1
           (12288, 1, 4111631)     52.417          0               0               1          1
           (12288, 1, 4111631)     52.583          0               0               0          1
           (12288, 1, 4111631)     58.333          0               0               1          1
         (10241, 145, 4111631)     38.333          0               0               1          1
         (10241, 145, 4111631)     40.167          0               0               0          1
         (10241, 145, 4111631)     44.417          0               0               0          1
           (9025, 49, 4111631)     38.333          0               0               0          1
         (13539, 113, 4111631)     38.333          0               0               1          1
           (12297, 1, 4111631)     38.333          0               0               0          1
           (12297, 1, 4111631)     42.333          0               0               1          1
          (12291, 17, 4111631)     38.333          0               0               0          1
          (12291, 17, 4111631)     38.417          0               0               0          1
          (12291, 17, 4111631)       38.5          0               0               1          1
          (12291, 17, 4111631)     44.333          0               0               0          1
           (14848, 1, 4111631)     38.333          0               0               1          1
           (14848, 1, 4111631)     42.333          0               0               1          1
           (10305, 1, 4111631)     38.333          0               0               0          1
         (14949, 249, 4111631)     38.417          0               0               1          1
         (15985, 121, 4111631)     38.417          0               0               1          1
         (12801, 145, 4111631)     38.417          0               0               0          1
         (12801, 145, 4111631)     42.333          0               0               1          1
         (12801, 145, 4111631)     44.333          0               0               1          1
         (12805, 113, 4111631)     38.417          0               0               1          1
          (13313, 17, 4111631)     38.417          0               0               1          1
          (13313, 17, 4111631)     40.333          0               0               1          1
          (13313, 17, 4111631)       40.5          0               0               0          1
          (13313, 17, 4111631)     44.333          0               0               0          1
          (13313, 17, 4111631)      46.25          0               0               0          1
           (8705, 81, 4111631)     38.417          0               0               0          1
         (14337, 129, 4111631)     38.417          0               0               1          1
          (14337, 81, 4111631)     38.417          0               0               1          1
          (14337, 81, 4111631)     42.333          0               0               1          1
         (12291, 145, 4111631)     38.417          0               0               0          1
         (12291, 145, 4111631)     42.417          0               0               0          1
           (9217, 49, 4111631)     38.417          0               0               0          1
          (13697, 81, 4111631)     38.417          0               0               1          1
           (12848, 1, 4111631)     38.417          0               0               1          1
           (15872, 5, 4111631)     38.417          0               0               1          1
           (9217, 17, 4111631)     38.417          0               0               1          1
           (9217, 17, 4111631)      42.25          0               0               0          1
           (9217, 17, 4111631)      48.25          0               0               0          1
          (12801, 41, 4111631)     38.417          0               0               0          1
         (16125, 121, 4111631)       38.5          0               0               1          1
          (12289, 49, 4111631)       38.5          0               0               1          1
          (12289, 49, 4111631)     42.417          0               0               1          1
          (12289, 49, 4111631)      44.25          0               0               0          1
          (12289, 49, 4111631)     44.417          0               0               0          1
          (12289, 49, 4111631)     46.417          0               0               0          2
          (12289, 49, 4111631)       46.5          0               0               0          1
          (12289, 49, 4111631)     50.417          0               0               0          1
          (12289, 49, 4111631)     50.667          0               0               1          1
          (13093, 81, 4111631)       38.5          0               0               1          1
         (12421, 117, 4111631)       38.5          0               0               0          1
         (14213, 209, 4111631)       38.5          0               0               1          1
          (10753, 49, 4111631)       38.5          0               0               1          1
          (10753, 49, 4111631)     44.417          0               0               0          1
         (14965, 245, 4111631)     38.583          0               0               1          1
         (15749, 241, 4111631)     38.583          0               0               1          1
         (12289, 193, 4111631)     38.583          0               0               0          1
         (12289, 193, 4111631)     40.333          0               0               1          1
         (10373, 177, 4111631)     38.583          0               0               1          1
          (9219, 185, 4111631)     38.583          0               0               0          1
         (15061, 241, 4111631)      38.75          0               0               1          1
          (16379, 81, 4111631)     38.833          0               0               1          1
         (10753, 129, 4111631)     40.083          0               0               1          1
         (12800, 129, 4111631)     40.167          0               0               1          1
          (12288, 65, 4111631)     40.167          0               0               0          1
          (8197, 145, 4111631)     40.167          0               0               0          1
         (14849, 145, 4111631)      40.25          0               0               1          1
            (8193, 1, 4111631)      40.25          0               0               0          1
            (8193, 1, 4111631)     40.333          0               0               0          1
            (8193, 1, 4111631)     42.083          0               0               0          1
            (8193, 1, 4111631)       46.0          0               0               0          1
            (8193, 1, 4111631)     46.167          0               0               0          3
            (8193, 1, 4111631)      46.25          0               0               0          1
            (8193, 1, 4111631)     46.333          0               0               0          2
            (8193, 1, 4111631)     48.167          0               0               0          1
            (8193, 1, 4111631)      48.25          0               0               0          1
            (8193, 1, 4111631)     48.333          0               0               0          4
            (8193, 1, 4111631)     48.417          0               0               0          2
            (8193, 1, 4111631)     50.167          0               0               0          3
            (8193, 1, 4111631)      50.25          0               0               0          2
            (8193, 1, 4111631)     50.333          0               0               0          1
            (8193, 1, 4111631)     50.417          0               0               0          1
            (8193, 1, 4111631)       50.5          0               0               0          1
            (8193, 1, 4111631)     52.083          0               0               0          1
            (8193, 1, 4111631)      52.25          0               0               0          1
            (8193, 1, 4111631)     52.333          0               0               0          1
            (8193, 1, 4111631)     54.083          0               0               0          1
            (8193, 1, 4111631)     54.167          0               0               0          2
            (8193, 1, 4111631)      54.25          0               0               0          2
            (8193, 1, 4111631)     54.333          0               0               0          2
            (8193, 1, 4111631)     56.083          0               0               0          1
            (8193, 1, 4111631)      56.25          0               0               0          1
          (12425, 17, 4111631)      40.25          0               0               0          1
            (8705, 5, 4111631)      40.25          0               0               0          1
           (10241, 1, 4111631)      40.25          0               0               0          1
           (10241, 1, 4111631)       44.5          0               0               0          1
         (12649, 229, 4111631)     40.333          0               0               1          1
           (13314, 1, 4111631)     40.333          0               0               1          1
           (15361, 1, 4111631)     40.333          0               0               1          1
          (8197, 129, 4111631)     40.333          0               0               0          1
          (8197, 129, 4111631)     54.333          0               0               0          1
           (8261, 81, 4111631)     40.333          0               0               0          1
          (12291, 81, 4111631)     40.333          0               0               0          1
         (12305, 129, 4111631)     40.333          0               0               0          1
          (15873, 65, 4111631)     40.333          0               0               1          1
            (9345, 1, 4111631)     40.333          0               0               0          1
          (9681, 249, 4111631)     40.417          0               0               0          1
          (12801, 49, 4111631)     40.417          0               0               0          1
          (12305, 17, 4111631)     40.417          0               0               1          1
          (12305, 17, 4111631)     42.333          0               0               0          1
          (12305, 17, 4111631)     46.167          0               0               0          1
         (12293, 161, 4111631)     40.417          0               0               0          1
         (12293, 161, 4111631)       42.5          0               0               0          1
          (13313, 49, 4111631)     40.417          0               0               0          1
         (14153, 117, 4111631)     40.417          0               0               0          1
          (10257, 65, 4111631)     40.417          0               0               0          1
         (14849, 209, 4111631)       40.5          0               0               1          1
         (14497, 241, 4111631)       40.5          0               0               1          1
         (12309, 177, 4111631)       40.5          0               0               0          1
         (10757, 145, 4111631)       40.5          0               0               1          1
         (15361, 147, 4111631)     40.583          0               0               1          1
          (13825, 65, 4111631)     40.583          0               0               1          1
          (12353, 49, 4111631)     40.583          0               0               0          1
          (14317, 85, 4111631)     40.667          0               0               1          1
         (15619, 113, 4111631)     40.667          0               0               0          1
         (12293, 241, 4111631)      40.75          0               0               1          1
         (12293, 241, 4111631)     44.667          0               0               0          1
         (12293, 241, 4111631)      50.75          0               0               1          1
            (9217, 1, 4111631)     42.083          0               0               0          1
            (9217, 1, 4111631)     46.333          0               0               0          2
            (9217, 1, 4111631)      48.25          0               0               0          1
          (14337, 97, 4111631)     42.167          0               0               1          1
           (8193, 49, 4111631)     42.167          0               0               0          1
           (8193, 49, 4111631)     42.417          0               0               0          1
           (8193, 49, 4111631)     48.167          0               0               0          1
           (8193, 49, 4111631)     48.417          0               0               0          1
           (8193, 49, 4111631)     48.583          0               0               0          1
           (8193, 49, 4111631)     50.333          0               0               0          1
           (8193, 49, 4111631)     50.417          0               0               0          1
           (8193, 49, 4111631)     52.417          0               0               0          1
           (8193, 49, 4111631)       54.5          0               0               0          1
           (8193, 49, 4111631)     54.583          0               0               0          1
           (8705, 17, 4111631)      42.25          0               0               0          1
           (8705, 17, 4111631)       44.5          0               0               0          1
          (12288, 17, 4111631)      42.25          0               0               1          1
          (12288, 17, 4111631)     48.417          0               0               0          1
           (12800, 1, 4111631)      42.25          0               0               0          1
           (12800, 1, 4111631)       42.5          0               0               1          1
           (12800, 1, 4111631)      44.25          0               0               0          1
            (9221, 1, 4111631)      42.25          0               0               0          1
           (13313, 1, 4111631)      42.25          0               0               0          1
           (12304, 1, 4111631)      42.25          0               0               0          1
           (12304, 1, 4111631)     46.167          0               0               0          1
         (10241, 161, 4111631)      42.25          0               0               0          1
           (12352, 1, 4111631)      42.25          0               0               0          1
           (12352, 1, 4111631)     50.167          0               0               1          1
          (8193, 129, 4111631)      42.25          0               0               0          1
          (8193, 129, 4111631)     42.333          0               0               0          1
          (8193, 129, 4111631)     46.417          0               0               0          1
          (8193, 129, 4111631)     48.167          0               0               0          1
          (8193, 129, 4111631)     48.333          0               0               0          2
          (8193, 129, 4111631)       48.5          0               0               1          2
          (8193, 129, 4111631)     52.333          0               0               0          1
           (10243, 1, 4111631)      42.25          0               0               0          1
          (15360, 17, 4111631)     42.333          0               0               1          1
          (14336, 17, 4111631)     42.333          0               0               1          1
          (8195, 113, 4111631)     42.333          0               0               0          1
           (8771, 81, 4111631)     42.333          0               0               0          1
           (8193, 65, 4111631)     42.333          0               0               0          1
           (8193, 65, 4111631)     44.333          0               0               0          1
           (8193, 65, 4111631)      50.25          0               0               0          1
           (8193, 65, 4111631)      52.25          0               0               0          1
           (8193, 65, 4111631)     54.083          0               0               0          1
           (8193, 65, 4111631)     54.333          0               0               0          1
           (8193, 65, 4111631)     54.417          0               0               0          1
           (8193, 65, 4111631)     56.583          0               0               1          1
           (8193, 65, 4111631)      58.25          0               0               0          1
          (12353, 17, 4111631)     42.333          0               0               0          1
           (8449, 17, 4111631)     42.333          0               0               0          1
         (10241, 193, 4111631)     42.417          0               0               0          1
         (15425, 129, 4111631)     42.417          0               0               1          1
          (12291, 53, 4111631)     42.417          0               0               0          1
         (12292, 137, 4111631)     42.417          0               0               0          1
           (10752, 1, 4111631)     42.417          0               0               0          1
          (10241, 17, 4111631)     42.417          0               0               0          1
          (10241, 17, 4111631)     48.667          0               0               0          1
          (10241, 17, 4111631)     50.333          0               0               0          1
          (10241, 17, 4111631)     56.417          0               0               0          1
           (14464, 3, 4111631)     42.417          0               0               0          1
          (10753, 97, 4111631)     42.417          0               0               1          1
           (10242, 1, 4111631)     42.417          0               0               0          1
         (12288, 153, 4111631)       42.5          0               0               0          1
          (12291, 49, 4111631)       42.5          0               0               1          1
         (12289, 153, 4111631)       42.5          0               0               1          1
          (15369, 49, 4111631)       42.5          0               0               1          1
          (10241, 33, 4111631)       42.5          0               0               0          1
          (16369, 81, 4111631)     42.583          0               0               0          1
          (12305, 65, 4111631)     42.583          0               0               1          1
           (15873, 1, 4111631)     42.583          0               0               1          1
         (15489, 145, 4111631)     42.667          0               0               1          1
          (8549, 241, 4111631)     42.667          0               0               0          1
          (12865, 65, 4111631)     44.167          0               0               0          1
         (12288, 129, 4111631)     44.167          0               0               1          1
            (8835, 1, 4111631)     44.167          0               0               0          1
           (10304, 1, 4111631)     44.167          0               0               0          1
          (12289, 69, 4111631)      44.25          0               0               1          1
            (8705, 1, 4111631)      44.25          0               0               0          1
            (8705, 1, 4111631)     44.333          0               0               0          1
            (8705, 1, 4111631)     48.333          0               0               0          1
            (8705, 1, 4111631)     50.333          0               0               0          1
            (8192, 1, 4111631)      44.25          0               0               0          1
            (8192, 1, 4111631)     48.083          0               0               0          1
            (8192, 1, 4111631)     48.167          0               0               0          1
            (8192, 1, 4111631)     48.417          0               0               0          1
            (8192, 1, 4111631)     50.083          0               0               0          1
            (8192, 1, 4111631)     50.167          0               0               0          2
            (8192, 1, 4111631)      50.25          0               0               0          1
            (8192, 1, 4111631)     50.333          0               0               0          1
            (8192, 1, 4111631)     50.417          0               0               0          1
            (8192, 1, 4111631)     52.083          0               0               0          2
            (8192, 1, 4111631)     52.167          0               0               0          3
            (8192, 1, 4111631)      52.25          0               0               0          4
            (8192, 1, 4111631)     54.167          0               0               0          1
            (8192, 1, 4111631)      54.25          0               0               0          1
            (8192, 1, 4111631)     54.333          0               0               0          1
            (8192, 1, 4111631)     56.167          0               0               0          2
            (8192, 1, 4111631)      56.25          0               0               0          3
            (8192, 1, 4111631)      56.25          0               0               1          1
            (8192, 1, 4111631)     56.333          0               0               0          1
            (8192, 1, 4111631)       58.0          0               0               0          1
            (8192, 1, 4111631)     58.583          0               0               0          1
            (8192, 1, 4111631)     60.083          0               0               0          1
            (8192, 1, 4111631)      60.25          0               0               0          1
            (8192, 1, 4111631)     60.417          0               0               0          1
            (8192, 1, 4111631)     68.333          0               0               0          1
           (8193, 33, 4111631)      44.25          0               0               0          1
           (8193, 33, 4111631)     44.417          0               0               0          1
           (8193, 33, 4111631)     46.333          0               0               0          1
           (8193, 33, 4111631)     48.167          0               0               0          1
           (8193, 33, 4111631)      48.25          0               0               0          1
           (8193, 33, 4111631)     50.333          0               0               0          1
           (8193, 33, 4111631)      52.25          0               0               0          1
           (8193, 33, 4111631)     54.167          0               0               0          1
           (8193, 33, 4111631)     58.417          0               0               0          1
         (10241, 209, 4111631)     44.333          0               0               0          1
          (8193, 115, 4111631)     44.333          0               0               0          1
            (8257, 1, 4111631)     44.333          0               0               0          1
         (10241, 133, 4111631)     44.333          0               0               0          1
            (8193, 3, 4111631)     44.333          0               0               1          1
          (12289, 97, 4111631)     44.333          0               0               0          1
          (12289, 97, 4111631)     46.167          0               0               0          1
          (12289, 97, 4111631)     54.333          0               0               0          1
            (8320, 5, 4111631)     44.333          0               0               0          1
         (12291, 129, 4111631)     44.417          0               0               0          1
          (8197, 177, 4111631)     44.417          0               0               0          1
          (8197, 177, 4111631)     48.417          0               0               0          1
          (8197, 177, 4111631)     50.417          0               0               0          1
         (10241, 129, 4111631)     44.417          0               0               1          1
           (15360, 1, 4111631)     44.417          0               0               1          1
          (8195, 129, 4111631)     44.417          0               0               0          1
          (8195, 129, 4111631)     48.417          0               0               0          1
          (8193, 209, 4111631)       44.5          0               0               0          1
          (8193, 209, 4111631)       52.5          0               0               0          1
          (8193, 209, 4111631)     58.583          0               0               1          1
         (10241, 225, 4111631)       44.5          0               0               0          1
         (12305, 177, 4111631)       44.5          0               0               1          1
          (8705, 113, 4111631)       44.5          0               0               0          1
           (8195, 49, 4111631)       44.5          0               0               1          1
           (8195, 49, 4111631)     48.333          0               0               0          1
          (10753, 19, 4111631)       44.5          0               0               0          1
          (12288, 33, 4111631)       44.5          0               0               0          1
          (12291, 65, 4111631)       44.5          0               0               0          1
          (14337, 99, 4111631)     44.583          0               0               1          1
         (14055, 117, 4111631)     44.667          0               0               1          1
          (8213, 241, 4111631)     44.667          0               0               0          1
         (12309, 209, 4111631)     44.833          0               0               0          1
          (13377, 65, 4111631)     46.083          0               0               1          1
          (14336, 65, 4111631)     46.167          0               0               0          1
          (14336, 65, 4111631)      46.25          0               0               1          1
          (14336, 65, 4111631)     50.417          0               0               1          1
            (8195, 1, 4111631)     46.167          0               0               0          1
          (8193, 193, 4111631)      46.25          0               0               0          1
          (8193, 193, 4111631)     46.333          0               0               0          1
          (8193, 193, 4111631)       50.5          0               0               0          1
          (8193, 193, 4111631)     54.417          0               0               0          1
          (8193, 193, 4111631)     60.333          0               0               0          1
         (12293, 145, 4111631)      46.25          0               0               0          1
          (12417, 17, 4111631)      46.25          0               0               0          1
           (10368, 1, 4111631)      46.25          0               0               0          1
           (8197, 65, 4111631)      46.25          0               0               0          1
           (10240, 1, 4111631)      46.25          0               0               0          1
           (10240, 1, 4111631)     46.333          0               0               0          1
           (10240, 1, 4111631)      48.25          0               0               0          1
           (8201, 49, 4111631)     46.333          0               0               1          1
          (12288, 97, 4111631)     46.333          0               0               0          1
          (8257, 241, 4111631)     46.417          0               0               0          1
           (13315, 1, 4111631)     46.417          0               0               1          1
           (14848, 3, 4111631)     46.417          0               0               1          1
           (8449, 81, 4111631)     46.417          0               0               0          1
          (14401, 17, 4111631)       46.5          0               0               1          1
         (12929, 145, 4111631)       46.5          0               0               0          1
           (10754, 1, 4111631)       46.5          0               0               0          1
           (9217, 65, 4111631)       46.5          0               0               1          1
           (16129, 1, 4111631)     46.583          0               0               1          1
            (8704, 1, 4111631)     46.583          0               0               0          1
            (8704, 1, 4111631)     52.333          0               0               0          1
          (8213, 177, 4111631)      46.75          0               0               1          1
           (9217, 33, 4111631)      48.25          0               0               0          1
           (9217, 33, 4111631)     48.417          0               0               0          1
           (8197, 17, 4111631)      48.25          0               0               0          1
          (8225, 209, 4111631)     48.333          0               0               0          1
          (9217, 129, 4111631)     48.333          0               0               0          1
         (13317, 177, 4111631)     48.417          0               0               0          1
          (12421, 17, 4111631)     48.417          0               0               0          1
          (8321, 177, 4111631)     48.417          0               0               0          1
          (8195, 209, 4111631)     48.417          0               0               0          1
           (12288, 9, 4111631)     48.417          0               0               1          1
         (12353, 241, 4111631)       48.5          0               0               0          1
          (8193, 177, 4111631)       48.5          0               0               0          1
          (8193, 177, 4111631)     50.417          0               0               0          1
          (8193, 177, 4111631)     58.583          0               0               0          1
           (8705, 33, 4111631)       48.5          0               0               0          1
         (12289, 113, 4111631)     48.583          0               0               0          1
            (8194, 1, 4111631)     50.167          0               0               0          1
            (8194, 1, 4111631)      50.25          0               0               0          1
            (8194, 1, 4111631)     50.333          0               0               0          1
          (8193, 145, 4111631)      50.25          0               0               0          2
          (8193, 145, 4111631)     54.167          0               0               0          1
          (8193, 145, 4111631)     54.333          0               0               0          1
          (8193, 145, 4111631)     56.583          0               0               0          1
          (8193, 145, 4111631)     58.333          0               0               0          2
          (8197, 161, 4111631)     50.333          0               0               0          1
          (8705, 129, 4111631)     50.333          0               0               0          1
            (9216, 1, 4111631)     50.333          0               0               0          1
          (8705, 145, 4111631)     50.417          0               0               0          1
          (8705, 145, 4111631)     52.417          0               0               0          1
          (8705, 145, 4111631)       54.5          0               0               0          1
          (8193, 241, 4111631)     50.417          0               0               0          1
          (15873, 17, 4111631)       50.5          0               0               1          1
          (8195, 161, 4111631)       50.5          0               0               0          1
         (12289, 161, 4111631)     50.583          0               0               1          1
         (12289, 161, 4111631)     52.333          0               0               0          1
           (8193, 97, 4111631)     50.583          0               0               0          1
           (8193, 97, 4111631)      54.25          0               0               0          1
           (8193, 97, 4111631)     56.417          0               0               0          1
          (8705, 241, 4111631)      50.75          0               0               0          1
         (12385, 129, 4111631)      52.25          0               0               0          1
           (10496, 1, 4111631)      52.25          0               0               0          1
           (8192, 65, 4111631)     52.333          0               0               0          1
           (8192, 65, 4111631)     54.083          0               0               0          1
           (12288, 5, 4111631)     52.333          0               0               0          1
           (12288, 5, 4111631)     54.417          0               0               0          1
            (8320, 1, 4111631)       52.5          0               0               0          1
          (12289, 80, 4111631)     52.583          0               0               1          1
          (8709, 177, 4111631)     52.583          0               0               0          1
              (9, 17, 4111631)     54.333          0               0               0          1
          (8194, 161, 4111631)       54.5          0               0               0          1
           (8192, 17, 4111631)     54.583          0               0               1          1
           (8192, 17, 4111631)     58.417          0               0               0          1
          (8192, 193, 4111631)     56.333          0               0               0          1
          (8449, 161, 4111631)     56.333          0               0               0          1
          (8193, 225, 4111631)     56.667          0               0               0          1
          (8193, 225, 4111631)       58.5          0               0               0          1
          (8192, 129, 4111631)     68.583          0               0               0          1
