inputs: [1027343]/1000 samples
product                 energy   A*B=out      cfhs    chains  num 
(4069, 245, 1027343)     12.167          0     0     1     1
(3813, 247, 1027343)     12.333          0     0     1     1
(2631, 241, 1027343)     14.083          0     0     1     1
(3109, 225, 1027343)     14.083          0     0     1     1
(3109, 225, 1027343)     20.167          0     0     1     1
(3109, 225, 1027343)     22.333          0     0     1     1
(3239, 225, 1027343)     14.083          0     0     1     1
(3285, 113, 1027343)     14.167          0     0     1     1
(2725, 249, 1027343)      14.25          0     0     1     1
(2725, 249, 1027343)     22.333          0     0     1     1
(2981, 245, 1027343)       16.0          0     0     1     1
(3237, 225, 1027343)       16.0          0     0     1     1
(3237, 225, 1027343)     18.083          0     0     1     2
(3237, 225, 1027343)       20.0          0     0     1     1
(3237, 225, 1027343)     22.083          0     0     1     1
(3237, 225, 1027343)      22.25          0     0     1     1
(3237, 225, 1027343)      26.25          0     0     1     1
(3237, 249, 1027343)     16.083          0     0     1     1
(3489, 245, 1027343)     16.083          0     0     1     1
(3253, 225, 1027343)     16.083          0     0     1     1
(3145, 113, 1027343)     16.083          0     0     1     1
(3245, 241, 1027343)     16.167          0     0     1     1
(2597, 243, 1027343)     16.167          0     0     1     1
(3111, 249, 1027343)      16.25          0     0     1     1
(3573, 243, 1027343)     16.333          0     0     1     1
(4003, 225, 1027343)       18.0          0     0     1     1
(3685, 249, 1027343)     18.083          0     0     1     1
(3237, 241, 1027343)     18.167          0     0     1     1
(3237, 241, 1027343)      18.25          0     0     1     1
(3237, 241, 1027343)     20.167          0     0     1     1
(3237, 241, 1027343)      20.25          0     0     1     1
(3237, 241, 1027343)     22.167          0     0     1     1
(3237, 241, 1027343)     24.167          0     0     1     2
(3237, 241, 1027343)      26.25          0     0     1     2
(3237, 241, 1027343)     26.417          0     0     1     1
(3237, 241, 1027343)     28.083          0     0     1     1
(3237, 241, 1027343)     28.417          0     0     1     1
(3829, 241, 1027343)      18.25          0     0     1     1
(3733, 241, 1027343)      18.25          0     0     1     1
(3733, 241, 1027343)       26.5          0     0     1     1
(3253, 241, 1027343)      18.25          0     0     1     1
(3253, 241, 1027343)      26.25          0     0     1     1
(3253, 241, 1027343)     26.333          0     0     1     1
(3141, 245, 1027343)      18.25          0     0     1     1
(4021, 113, 1027343)      18.25          0     0     1     1
(4021, 113, 1027343)       24.5          0     0     1     1
(3813, 245, 1027343)     18.333          0     0     1     1
(4053, 241, 1027343)     18.417          0     0     1     1
(4053, 241, 1027343)       28.5          0     0     1     1
(3717, 241, 1027343)       20.0          0     0     1     1
(3205, 241, 1027343)     20.083          0     0     1     1
(3205, 241, 1027343)     20.167          0     0     1     1
(3205, 241, 1027343)      22.25          0     0     1     2
(3205, 241, 1027343)     24.333          0     0     1     1
(3269, 241, 1027343)     20.083          0     0     1     1
(3269, 241, 1027343)     20.333          0     0     1     3
(3143, 225, 1027343)     20.083          0     0     1     1
(3173, 241, 1027343)     20.083          0     0     1     1
(3173, 241, 1027343)     22.167          0     0     1     1
(3173, 241, 1027343)      22.25          0     0     1     1
(3173, 241, 1027343)     24.167          0     0     1     1
(3173, 241, 1027343)      24.25          0     0     1     1
(3173, 241, 1027343)     24.333          0     0     1     1
(3173, 241, 1027343)      28.25          0     0     1     1
(3109, 245, 1027343)     20.167          0     0     1     1
(3141, 241, 1027343)     20.167          0     0     1     1
(3141, 241, 1027343)     22.333          0     0     1     1
(3141, 241, 1027343)     24.333          0     0     1     1
(3141, 241, 1027343)     28.167          0     0     1     1
(3141, 241, 1027343)      28.25          0     0     1     1
(3285, 241, 1027343)     20.167          0     0     1     1
(3303, 241, 1027343)     20.167          0     0     1     1
(3269, 177, 1027343)     20.167          0     0     1     1
(2725, 209, 1027343)     20.167          0     0     0     1
(3109, 117, 1027343)     20.167          0     0     1     1
(3209, 209, 1027343)     20.167          0     0     1     1
(3713, 97, 1027343)      20.167          0     0     1     1
(3269, 161, 1027343)      20.25          0     0     1     1
(3149, 241, 1027343)      20.25          0     0     1     1
(3749, 225, 1027343)      20.25          0     0     1     1
(3749, 225, 1027343)     22.083          0     0     0     1
(3073, 177, 1027343)      20.25          0     0     1     1
(3073, 177, 1027343)     24.167          0     0     1     1
(3073, 177, 1027343)     28.333          0     0     1     1
(3073, 177, 1027343)     32.417          0     0     1     1
(3073, 177, 1027343)     34.167          0     0     0     1
(3073, 177, 1027343)      34.25          0     0     1     1
(3073, 177, 1027343)       38.5          0     0     1     1
(3073, 177, 1027343)     44.333          0     0     1     1
(3237, 209, 1027343)      20.25          0     0     1     2
(3109, 161, 1027343)      20.25          0     0     1     1
(3109, 161, 1027343)      22.25          0     0     1     1
(3109, 161, 1027343)     30.083          0     0     1     1
(2725, 241, 1027343)      20.25          0     0     1     1
(2725, 241, 1027343)     22.083          0     0     1     1
(2725, 241, 1027343)     22.333          0     0     1     3
(2725, 241, 1027343)     22.417          0     0     1     1
(2725, 241, 1027343)     28.167          0     0     1     2
(2725, 241, 1027343)     34.417          0     0     1     1
(3173, 97, 1027343)       20.25          0     0     1     1
(3589, 145, 1027343)      20.25          0     0     1     1
(3269, 113, 1027343)      20.25          0     0     1     1
(3269, 113, 1027343)     24.417          0     0     1     1
(3109, 243, 1027343)     20.333          0     0     1     1
(3769, 145, 1027343)     20.333          0     0     1     1
(3769, 81, 1027343)      20.333          0     0     1     1
(4053, 113, 1027343)     20.333          0     0     1     1
(3941, 249, 1027343)     20.417          0     0     1     1
(2917, 245, 1027343)     20.417          0     0     1     1
(3813, 249, 1027343)     20.417          0     0     1     1
(3813, 249, 1027343)      26.25          0     0     1     1
(3239, 113, 1027343)     20.417          0     0     1     1
(3765, 241, 1027343)       20.5          0     0     1     1
(3765, 241, 1027343)     24.333          0     0     1     1
(3765, 241, 1027343)       26.5          0     0     1     1
(2725, 121, 1027343)       20.5          0     0     1     1
(3109, 241, 1027343)       22.0          0     0     1     1
(3109, 241, 1027343)     24.083          0     0     1     1
(3109, 241, 1027343)      26.25          0     0     1     2
(3077, 241, 1027343)     22.083          0     0     1     1
(3077, 241, 1027343)     24.083          0     0     1     1
(3077, 241, 1027343)     26.083          0     0     1     1
(3077, 241, 1027343)     26.333          0     0     1     1
(3077, 241, 1027343)       28.0          0     0     1     1
(3077, 241, 1027343)     28.083          0     0     1     1
(3077, 241, 1027343)     28.333          0     0     1     1
(3077, 241, 1027343)      30.25          0     0     1     1
(3077, 241, 1027343)     30.417          0     0     1     1
(3077, 241, 1027343)     32.417          0     0     1     1
(3077, 241, 1027343)     34.333          0     0     1     1
(3105, 225, 1027343)     22.083          0     0     1     1
(3105, 225, 1027343)      28.25          0     0     1     1
(3397, 241, 1027343)     22.083          0     0     1     1
(3205, 177, 1027343)     22.083          0     0     1     1
(3205, 177, 1027343)     26.333          0     0     1     1
(3205, 177, 1027343)       28.5          0     0     1     1
(3205, 177, 1027343)     32.417          0     0     0     1
(3301, 241, 1027343)     22.083          0     0     1     1
(3301, 241, 1027343)      24.25          0     0     1     1
(3301, 241, 1027343)     26.083          0     0     1     1
(2247, 225, 1027343)     22.083          0     0     0     1
(2371, 97, 1027343)      22.083          0     0     0     1
(3749, 245, 1027343)     22.167          0     0     1     1
(2885, 241, 1027343)     22.167          0     0     1     1
(3101, 241, 1027343)     22.167          0     0     1     1
(3333, 241, 1027343)     22.167          0     0     1     1
(3333, 241, 1027343)     28.167          0     0     1     1
(2501, 241, 1027343)     22.167          0     0     1     1
(2501, 241, 1027343)     24.083          0     0     0     1
(3629, 241, 1027343)     22.167          0     0     1     1
(2741, 241, 1027343)     22.167          0     0     1     1
(2741, 241, 1027343)     24.333          0     0     1     1
(2757, 241, 1027343)     22.167          0     0     1     1
(2757, 241, 1027343)      30.25          0     0     1     1
(2733, 241, 1027343)     22.167          0     0     1     1
(2069, 241, 1027343)     22.167          0     0     0     1
(3107, 225, 1027343)     22.167          0     0     0     1
(2317, 241, 1027343)     22.167          0     0     1     1
(3223, 241, 1027343)     22.167          0     0     1     1
(3489, 241, 1027343)     22.167          0     0     1     1
(2085, 209, 1027343)     22.167          0     0     0     1
(3845, 97, 1027343)      22.167          0     0     1     1
(3215, 97, 1027343)      22.167          0     0     1     1
(3221, 225, 1027343)     22.167          0     0     1     1
(3077, 161, 1027343)     22.167          0     0     1     1
(3077, 161, 1027343)     24.167          0     0     1     1
(3077, 161, 1027343)      24.25          0     0     1     2
(3077, 161, 1027343)     26.083          0     0     0     1
(3077, 161, 1027343)      26.25          0     0     1     1
(3077, 161, 1027343)      28.25          0     0     1     1
(3077, 161, 1027343)      28.25          0     0     0     1
(3077, 161, 1027343)     28.333          0     0     1     1
(3077, 161, 1027343)      30.25          0     0     0     1
(3077, 161, 1027343)     30.333          0     0     1     1
(3077, 161, 1027343)     30.417          0     0     1     1
(3077, 161, 1027343)      32.25          0     0     0     1
(3077, 161, 1027343)     32.333          0     0     1     2
(2085, 225, 1027343)     22.167          0     0     0     1
(2853, 161, 1027343)     22.167          0     0     1     1
(4077, 245, 1027343)      22.25          0     0     1     1
(3221, 241, 1027343)      22.25          0     0     1     1
(3237, 227, 1027343)      22.25          0     0     1     1
(3701, 241, 1027343)      22.25          0     0     1     1
(3237, 161, 1027343)      22.25          0     0     1     1
(2343, 241, 1027343)      22.25          0     0     0     1
(3365, 177, 1027343)      22.25          0     0     1     1
(3179, 81, 1027343)       22.25          0     0     1     1
(3233, 81, 1027343)       22.25          0     0     1     1
(4021, 249, 1027343)     22.333          0     0     1     1
(3253, 243, 1027343)     22.333          0     0     1     1
(3125, 227, 1027343)     22.333          0     0     1     1
(3073, 97, 1027343)      22.333          0     0     1     1
(3073, 97, 1027343)      32.167          0     0     1     1
(3073, 97, 1027343)       32.25          0     0     1     1
(3073, 97, 1027343)       34.25          0     0     1     1
(3201, 33, 1027343)      22.333          0     0     1     1
(3201, 33, 1027343)      26.417          0     0     1     1
(3201, 33, 1027343)      30.417          0     0     1     1
(3201, 33, 1027343)      32.333          0     0     1     1
(3109, 177, 1027343)     22.417          0     0     1     1
(3109, 177, 1027343)     28.417          0     0     1     1
(3109, 177, 1027343)       30.0          0     0     1     1
(3461, 177, 1027343)     22.417          0     0     1     1
(3461, 177, 1027343)     26.417          0     0     1     1
(3221, 113, 1027343)     22.417          0     0     1     1
(2765, 241, 1027343)       22.5          0     0     1     1
(4037, 211, 1027343)     22.583          0     0     1     1
(2213, 249, 1027343)       24.0          0     0     1     1
(3589, 241, 1027343)       24.0          0     0     1     1
(3589, 241, 1027343)     30.417          0     0     0     1
(2053, 161, 1027343)       24.0          0     0     0     1
(2053, 161, 1027343)     32.083          0     0     0     1
(2053, 161, 1027343)     32.167          0     0     0     1
(2053, 161, 1027343)     32.333          0     0     0     1
(2053, 161, 1027343)      34.25          0     0     0     1
(2053, 161, 1027343)     36.167          0     0     0     1
(2053, 161, 1027343)     40.333          0     0     0     1
(2053, 161, 1027343)     42.333          0     0     0     1
(2787, 241, 1027343)       24.0          0     0     1     1
(2629, 241, 1027343)     24.083          0     0     1     1
(3233, 241, 1027343)     24.083          0     0     1     1
(3233, 241, 1027343)      28.25          0     0     1     1
(3233, 241, 1027343)     32.167          0     0     1     1
(3141, 225, 1027343)     24.083          0     0     1     1
(3141, 225, 1027343)     24.167          0     0     1     1
(3265, 241, 1027343)     24.083          0     0     1     1
(3271, 241, 1027343)     24.083          0     0     1     1
(3233, 225, 1027343)     24.083          0     0     1     1
(3461, 241, 1027343)     24.083          0     0     1     1
(3461, 241, 1027343)     26.417          0     0     1     1
(2181, 245, 1027343)     24.083          0     0     0     1
(3233, 209, 1027343)     24.083          0     0     1     1
(3173, 113, 1027343)     24.083          0     0     1     1
(3173, 113, 1027343)     26.417          0     0     1     1
(3753, 241, 1027343)     24.167          0     0     1     1
(2181, 241, 1027343)     24.167          0     0     0     1
(2181, 241, 1027343)     28.167          0     0     1     1
(2181, 241, 1027343)     32.083          0     0     1     1
(2181, 241, 1027343)       32.5          0     0     0     1
(2181, 241, 1027343)       38.5          0     0     0     1
(3109, 251, 1027343)     24.167          0     0     1     1
(3619, 241, 1027343)     24.167          0     0     1     1
(3237, 177, 1027343)     24.167          0     0     1     1
(3237, 177, 1027343)     24.417          0     0     1     1
(3237, 177, 1027343)     26.083          0     0     1     1
(3237, 177, 1027343)      28.25          0     0     1     1
(3237, 177, 1027343)     30.333          0     0     1     1
(3237, 177, 1027343)      32.25          0     0     1     1
(2693, 241, 1027343)     24.167          0     0     1     1
(3141, 113, 1027343)     24.167          0     0     1     1
(3589, 225, 1027343)     24.167          0     0     1     1
(3363, 97, 1027343)      24.167          0     0     1     1
(3109, 209, 1027343)     24.167          0     0     1     1
(2565, 225, 1027343)     24.167          0     0     1     1
(2565, 225, 1027343)      32.25          0     0     1     1
(2597, 241, 1027343)     24.167          0     0     1     1
(2085, 179, 1027343)     24.167          0     0     0     1
(2053, 177, 1027343)     24.167          0     0     0     1
(2053, 177, 1027343)      32.25          0     0     0     1
(2053, 177, 1027343)      34.25          0     0     0     1
(2053, 177, 1027343)      36.25          0     0     0     1
(2053, 177, 1027343)     36.417          0     0     0     2
(2053, 177, 1027343)     38.417          0     0     0     2
(2053, 177, 1027343)      44.25          0     0     0     1
(2053, 177, 1027343)       44.5          0     0     0     1
(3201, 241, 1027343)      24.25          0     0     1     1
(3201, 241, 1027343)     26.083          0     0     1     1
(3201, 241, 1027343)      36.25          0     0     1     1
(3591, 97, 1027343)       24.25          0     0     1     1
(3271, 121, 1027343)      24.25          0     0     1     1
(2189, 177, 1027343)      24.25          0     0     0     1
(2605, 241, 1027343)      24.25          0     0     1     1
(3365, 225, 1027343)      24.25          0     0     1     1
(3233, 193, 1027343)      24.25          0     0     1     1
(2773, 177, 1027343)      24.25          0     0     1     1
(2085, 241, 1027343)     24.333          0     0     0     1
(2085, 241, 1027343)     26.083          0     0     0     1
(2213, 227, 1027343)     24.333          0     0     0     1
(2757, 253, 1027343)     24.417          0     0     1     1
(3189, 241, 1027343)     24.417          0     0     1     1
(3189, 241, 1027343)     26.167          0     0     1     1
(3621, 243, 1027343)     24.417          0     0     1     1
(3781, 241, 1027343)     24.417          0     0     1     1
(3781, 241, 1027343)     28.583          0     0     1     1
(3749, 241, 1027343)     24.417          0     0     1     1
(3719, 217, 1027343)     24.417          0     0     1     1
(3461, 161, 1027343)     24.417          0     0     1     1
(3201, 49, 1027343)      24.417          0     0     1     1
(3201, 49, 1027343)       26.25          0     0     1     1
(3201, 49, 1027343)      32.417          0     0     1     1
(3877, 241, 1027343)       24.5          0     0     1     1
(3205, 161, 1027343)       24.5          0     0     1     1
(3313, 209, 1027343)       24.5          0     0     1     1
(3265, 81, 1027343)        24.5          0     0     1     1
(3265, 81, 1027343)        28.5          0     0     1     1
(2885, 113, 1027343)     24.583          0     0     1     1
(2565, 241, 1027343)       26.0          0     0     1     1
(2565, 241, 1027343)     26.333          0     0     1     1
(2565, 241, 1027343)     32.167          0     0     1     1
(2565, 241, 1027343)      32.25          0     0     1     1
(3105, 241, 1027343)       26.0          0     0     0     1
(3105, 241, 1027343)      28.25          0     0     1     1
(3105, 241, 1027343)      32.25          0     0     1     1
(3201, 193, 1027343)       26.0          0     0     1     1
(3201, 193, 1027343)     26.083          0     0     1     1
(3201, 193, 1027343)      26.25          0     0     1     1
(2309, 241, 1027343)     26.083          0     0     1     1
(2309, 241, 1027343)     28.333          0     0     1     1
(3109, 193, 1027343)     26.083          0     0     1     1
(3137, 241, 1027343)     26.083          0     0     1     1
(2917, 241, 1027343)     26.083          0     0     1     1
(2179, 65, 1027343)      26.083          0     0     0     1
(2181, 161, 1027343)     26.083          0     0     0     1
(2213, 247, 1027343)     26.167          0     0     1     1
(3205, 209, 1027343)     26.167          0     0     1     1
(3021, 121, 1027343)     26.167          0     0     1     1
(2789, 245, 1027343)     26.167          0     0     1     1
(2789, 245, 1027343)      30.25          0     0     1     1
(2693, 225, 1027343)     26.167          0     0     1     1
(2721, 241, 1027343)     26.167          0     0     1     1
(2721, 241, 1027343)      30.25          0     0     1     1
(2721, 241, 1027343)     32.083          0     0     1     1
(2721, 241, 1027343)     36.333          0     0     1     1
(3331, 97, 1027343)      26.167          0     0     1     1
(2659, 113, 1027343)     26.167          0     0     1     1
(3201, 81, 1027343)      26.167          0     0     1     1
(3201, 81, 1027343)       32.25          0     0     0     1
(3241, 241, 1027343)      26.25          0     0     1     1
(3201, 225, 1027343)      26.25          0     0     0     1
(3201, 225, 1027343)      28.25          0     0     1     1
(3201, 161, 1027343)      26.25          0     0     1     1
(3201, 161, 1027343)      30.25          0     0     1     1
(2721, 225, 1027343)      26.25          0     0     1     1
(2721, 225, 1027343)     26.333          0     0     1     1
(3109, 113, 1027343)      26.25          0     0     1     1
(3329, 177, 1027343)      26.25          0     0     1     1
(2761, 241, 1027343)      26.25          0     0     1     1
(3235, 117, 1027343)      26.25          0     0     1     1
(3265, 65, 1027343)       26.25          0     0     1     1
(3265, 65, 1027343)      26.333          0     0     1     1
(3265, 65, 1027343)      30.333          0     0     0     1
(2757, 177, 1027343)      26.25          0     0     1     1
(3525, 113, 1027343)      26.25          0     0     1     1
(2053, 81, 1027343)       26.25          0     0     0     1
(2049, 181, 1027343)      26.25          0     0     0     1
(2049, 181, 1027343)     42.333          0     0     0     1
(3361, 145, 1027343)      26.25          0     0     1     1
(2565, 161, 1027343)      26.25          0     0     1     1
(2565, 161, 1027343)     30.333          0     0     0     1
(2565, 161, 1027343)     32.167          0     0     1     1
(2853, 209, 1027343)      26.25          0     0     0     1
(3109, 97, 1027343)      26.333          0     0     1     1
(3093, 161, 1027343)     26.333          0     0     1     1
(2085, 161, 1027343)     26.333          0     0     0     1
(2085, 161, 1027343)      28.25          0     0     0     1
(3745, 225, 1027343)     26.417          0     0     1     1
(3265, 49, 1027343)      26.417          0     0     1     1
(3265, 49, 1027343)       36.25          0     0     0     1
(3105, 177, 1027343)     26.417          0     0     1     1
(3365, 241, 1027343)       26.5          0     0     1     1
(3397, 161, 1027343)       26.5          0     0     1     1
(3605, 177, 1027343)       26.5          0     0     1     1
(3689, 113, 1027343)       26.5          0     0     1     1
(2713, 85, 1027343)        26.5          0     0     1     1
(3815, 113, 1027343)       26.5          0     0     1     1
(3559, 249, 1027343)     26.583          0     0     1     1
(3073, 33, 1027343)      28.083          0     0     0     1
(3073, 33, 1027343)      30.333          0     0     1     1
(3073, 33, 1027343)      30.417          0     0     1     1
(3073, 33, 1027343)      32.083          0     0     0     1
(3073, 33, 1027343)      32.333          0     0     0     1
(3073, 33, 1027343)      34.333          0     0     1     2
(3073, 33, 1027343)      34.333          0     0     0     1
(3073, 33, 1027343)        42.5          0     0     1     1
(3073, 33, 1027343)      42.583          0     0     0     1
(3073, 33, 1027343)      44.417          0     0     1     1
(2197, 177, 1027343)     28.083          0     0     1     1
(2197, 177, 1027343)      28.25          0     0     0     1
(2305, 33, 1027343)      28.083          0     0     0     1
(2305, 33, 1027343)       36.25          0     0     0     1
(2241, 161, 1027343)     28.083          0     0     0     1
(3685, 113, 1027343)     28.083          0     0     1     1
(3585, 225, 1027343)     28.167          0     0     1     1
(3585, 225, 1027343)       34.5          0     0     1     1
(3591, 241, 1027343)     28.167          0     0     1     1
(3745, 241, 1027343)     28.167          0     0     1     1
(3329, 193, 1027343)     28.167          0     0     1     1
(3141, 49, 1027343)      28.167          0     0     1     1
(2081, 225, 1027343)     28.167          0     0     0     1
(3587, 97, 1027343)      28.167          0     0     1     1
(3585, 209, 1027343)     28.167          0     0     1     1
(3207, 177, 1027343)     28.167          0     0     0     1
(2241, 209, 1027343)     28.167          0     0     0     1
(2241, 209, 1027343)     36.417          0     0     0     1
(3073, 65, 1027343)      28.167          0     0     0     1
(3073, 65, 1027343)       32.25          0     0     1     2
(3073, 65, 1027343)      32.333          0     0     1     1
(3073, 65, 1027343)       34.25          0     0     1     1
(3073, 65, 1027343)       36.25          0     0     0     1
(3073, 65, 1027343)      36.333          0     0     1     1
(3073, 65, 1027343)      36.417          0     0     1     1
(3073, 49, 1027343)      28.167          0     0     0     1
(3073, 49, 1027343)       28.25          0     0     0     1
(3073, 49, 1027343)      28.333          0     0     1     1
(3073, 49, 1027343)        28.5          0     0     1     1
(3073, 49, 1027343)       30.25          0     0     0     1
(3073, 49, 1027343)      34.333          0     0     0     1
(3073, 49, 1027343)      36.333          0     0     0     1
(3073, 49, 1027343)      38.583          0     0     1     1
(3073, 49, 1027343)      40.417          0     0     0     1
(3073, 49, 1027343)      40.583          0     0     0     1
(3585, 65, 1027343)      28.167          0     0     1     1
(3585, 65, 1027343)      30.417          0     0     1     1
(3585, 65, 1027343)      34.417          0     0     1     1
(2049, 49, 1027343)      28.167          0     0     0     1
(2049, 49, 1027343)       36.25          0     0     0     1
(2049, 49, 1027343)      36.333          0     0     0     1
(2049, 49, 1027343)      36.417          0     0     0     1
(2049, 49, 1027343)      42.333          0     0     0     1
(2049, 49, 1027343)      42.417          0     0     0     1
(2049, 49, 1027343)        42.5          0     0     0     1
(2049, 49, 1027343)      44.417          0     0     0     1
(2049, 49, 1027343)        44.5          0     0     0     1
(2049, 49, 1027343)       48.25          0     0     0     1
(2049, 49, 1027343)      48.417          0     0     0     1
(3075, 241, 1027343)      28.25          0     0     1     1
(3169, 225, 1027343)      28.25          0     0     1     1
(3077, 113, 1027343)      28.25          0     0     1     1
(3077, 113, 1027343)     32.333          0     0     0     1
(2613, 249, 1027343)      28.25          0     0     1     1
(3201, 113, 1027343)      28.25          0     0     1     1
(3077, 177, 1027343)      28.25          0     0     1     1
(3077, 177, 1027343)      32.25          0     0     1     1
(3077, 177, 1027343)     32.417          0     0     1     1
(3873, 241, 1027343)      28.25          0     0     1     1
(2945, 241, 1027343)      28.25          0     0     1     1
(3073, 145, 1027343)      28.25          0     0     1     1
(3073, 145, 1027343)     28.333          0     0     1     1
(3073, 145, 1027343)     30.167          0     0     1     1
(3073, 145, 1027343)     32.167          0     0     0     1
(3073, 145, 1027343)     32.333          0     0     1     1
(3073, 145, 1027343)      34.25          0     0     1     1
(3073, 145, 1027343)     34.417          0     0     1     2
(3073, 145, 1027343)      36.25          0     0     0     1
(3073, 145, 1027343)     38.167          0     0     1     1
(3073, 145, 1027343)     38.333          0     0     1     1
(3073, 145, 1027343)     40.667          0     0     1     1
(3073, 145, 1027343)     46.667          0     0     1     1
(2133, 241, 1027343)      28.25          0     0     0     1
(3137, 97, 1027343)       28.25          0     0     1     1
(3081, 33, 1027343)       28.25          0     0     1     1
(3605, 81, 1027343)       28.25          0     0     1     1
(3717, 33, 1027343)       28.25          0     0     1     1
(2149, 161, 1027343)      28.25          0     0     0     1
(3093, 209, 1027343)     28.333          0     0     1     1
(3077, 211, 1027343)     28.333          0     0     1     1
(3749, 177, 1027343)     28.333          0     0     1     1
(3201, 245, 1027343)     28.333          0     0     1     1
(3201, 245, 1027343)      36.25          0     0     1     1
(3074, 1, 1027343)       28.333          0     0     0     1
(2273, 65, 1027343)      28.333          0     0     0     1
(2117, 179, 1027343)     28.333          0     0     0     1
(4069, 121, 1027343)     28.417          0     0     1     1
(4069, 121, 1027343)     28.667          0     0     1     1
(3073, 1, 1027343)       28.417          0     0     1     1
(3073, 1, 1027343)       30.167          0     0     1     1
(3073, 1, 1027343)       32.167          0     0     0     1
(3073, 1, 1027343)       32.333          0     0     1     1
(3073, 1, 1027343)        34.25          0     0     1     1
(3073, 1, 1027343)       34.417          0     0     1     2
(3073, 1, 1027343)       36.333          0     0     0     1
(3073, 1, 1027343)       36.417          0     0     1     3
(3073, 1, 1027343)       38.333          0     0     1     1
(3073, 1, 1027343)       38.417          0     0     1     1
(3073, 1, 1027343)       40.333          0     0     0     1
(3073, 1, 1027343)       42.167          0     0     0     1
(3073, 1, 1027343)       42.333          0     0     0     1
(3073, 1, 1027343)       42.417          0     0     0     1
(3205, 249, 1027343)     28.417          0     0     1     1
(3653, 243, 1027343)     28.417          0     0     1     1
(3717, 177, 1027343)     28.417          0     0     1     1
(3649, 145, 1027343)     28.417          0     0     1     1
(3137, 17, 1027343)      28.417          0     0     0     1
(3137, 69, 1027343)      28.417          0     0     1     1
(3651, 97, 1027343)        28.5          0     0     1     1
(3147, 17, 1027343)        28.5          0     0     1     1
(3765, 177, 1027343)     28.583          0     0     1     1
(3077, 225, 1027343)     30.083          0     0     1     1
(3077, 225, 1027343)     32.167          0     0     1     1
(2161, 241, 1027343)     30.083          0     0     0     1
(2211, 241, 1027343)     30.167          0     0     1     1
(2211, 241, 1027343)      32.25          0     0     0     1
(2213, 241, 1027343)     30.167          0     0     1     1
(2561, 97, 1027343)      30.167          0     0     1     1
(2561, 97, 1027343)      38.667          0     0     1     1
(2115, 49, 1027343)      30.167          0     0     0     1
(2609, 113, 1027343)     30.167          0     0     1     1
(2183, 241, 1027343)      30.25          0     0     0     1
(3201, 209, 1027343)      30.25          0     0     1     1
(3201, 209, 1027343)     34.333          0     0     0     1
(3329, 1, 1027343)        30.25          0     0     1     1
(3329, 1, 1027343)        38.25          0     0     1     1
(3265, 225, 1027343)      30.25          0     0     1     1
(3201, 97, 1027343)       30.25          0     0     1     1
(3201, 97, 1027343)      30.417          0     0     1     1
(3113, 145, 1027343)      30.25          0     0     1     1
(2625, 97, 1027343)       30.25          0     0     0     1
(2213, 177, 1027343)      30.25          0     0     0     1
(2085, 177, 1027343)      30.25          0     0     0     1
(2085, 177, 1027343)     34.333          0     0     0     1
(2085, 177, 1027343)     36.333          0     0     0     1
(2434, 5, 1027343)        30.25          0     0     0     1
(2057, 149, 1027343)      30.25          0     0     0     1
(2917, 209, 1027343)     30.333          0     0     1     1
(2573, 1, 1027343)       30.333          0     0     0     1
(3717, 209, 1027343)     30.333          0     0     1     1
(3333, 113, 1027343)     30.333          0     0     1     1
(2057, 177, 1027343)     30.333          0     0     0     1
(3589, 161, 1027343)     30.333          0     0     0     1
(3201, 1, 1027343)       30.333          0     0     1     1
(3201, 177, 1027343)     30.333          0     0     1     2
(3625, 177, 1027343)     30.333          0     0     1     1
(2581, 177, 1027343)     30.333          0     0     0     1
(3137, 65, 1027343)      30.333          0     0     1     1
(2821, 161, 1027343)     30.333          0     0     1     1
(2129, 177, 1027343)     30.333          0     0     0     1
(2129, 177, 1027343)     34.417          0     0     0     1
(2181, 177, 1027343)     30.333          0     0     0     1
(2181, 177, 1027343)      38.25          0     0     1     1
(2533, 241, 1027343)     30.417          0     0     1     1
(2373, 241, 1027343)     30.417          0     0     1     1
(3265, 129, 1027343)     30.417          0     0     1     1
(3205, 185, 1027343)     30.417          0     0     1     1
(2485, 241, 1027343)     30.417          0     0     1     1
(3077, 81, 1027343)      30.417          0     0     1     1
(3077, 81, 1027343)      34.333          0     0     1     1
(3201, 145, 1027343)     30.417          0     0     1     1
(2749, 245, 1027343)       30.5          0     0     1     1
(3237, 217, 1027343)       30.5          0     0     1     1
(3461, 97, 1027343)        30.5          0     0     1     1
(3265, 177, 1027343)       30.5          0     0     1     1
(4085, 241, 1027343)     30.583          0     0     1     1
(3437, 113, 1027343)     30.583          0     0     1     1
(3797, 241, 1027343)     30.667          0     0     1     1
(3073, 225, 1027343)       32.0          0     0     1     1
(3073, 225, 1027343)      32.25          0     0     1     1
(3073, 225, 1027343)     40.333          0     0     1     1
(3075, 33, 1027343)      32.083          0     0     0     1
(2597, 49, 1027343)      32.167          0     0     0     1
(3329, 129, 1027343)     32.167          0     0     1     1
(2197, 193, 1027343)     32.167          0     0     0     1
(2051, 17, 1027343)      32.167          0     0     0     1
(2051, 17, 1027343)       36.25          0     0     0     1
(3136, 5, 1027343)       32.167          0     0     0     1
(3105, 129, 1027343)      32.25          0     0     1     1
(3105, 129, 1027343)     34.333          0     0     1     1
(2049, 97, 1027343)       32.25          0     0     0     1
(2053, 49, 1027343)       32.25          0     0     0     1
(2053, 49, 1027343)      50.667          0     0     0     1
(3077, 97, 1027343)       32.25          0     0     1     1
(3201, 17, 1027343)       32.25          0     0     1     1
(3201, 17, 1027343)        40.5          0     0     1     1
(2183, 225, 1027343)      32.25          0     0     0     1
(2721, 193, 1027343)      32.25          0     0     1     1
(2597, 177, 1027343)      32.25          0     0     1     1
(2307, 69, 1027343)       32.25          0     0     0     1
(2051, 97, 1027343)       32.25          0     0     0     1
(2051, 97, 1027343)       36.25          0     0     0     1
(2051, 97, 1027343)      38.667          0     0     0     1
(2051, 97, 1027343)        40.5          0     0     0     1
(2051, 97, 1027343)      44.417          0     0     0     1
(2057, 131, 1027343)      32.25          0     0     0     1
(2065, 49, 1027343)       32.25          0     0     0     1
(2115, 225, 1027343)     32.333          0     0     0     1
(2593, 97, 1027343)      32.333          0     0     1     1
(3077, 129, 1027343)     32.333          0     0     1     1
(3077, 129, 1027343)      36.25          0     0     0     2
(2177, 241, 1027343)     32.333          0     0     0     1
(2177, 241, 1027343)     42.417          0     0     0     1
(2309, 177, 1027343)     32.333          0     0     0     1
(3137, 113, 1027343)     32.333          0     0     1     1
(3137, 113, 1027343)     32.417          0     0     1     1
(2181, 97, 1027343)      32.333          0     0     0     1
(3073, 81, 1027343)      32.333          0     0     1     1
(3073, 81, 1027343)       34.25          0     0     1     1
(3073, 81, 1027343)        36.5          0     0     0     1
(3073, 81, 1027343)       38.25          0     0     0     1
(3073, 81, 1027343)      46.417          0     0     0     1
(2051, 129, 1027343)     32.333          0     0     0     1
(2051, 129, 1027343)      44.25          0     0     0     1
(2051, 129, 1027343)     46.333          0     0     0     1
(3017, 85, 1027343)      32.333          0     0     1     1
(3745, 145, 1027343)     32.333          0     0     1     1
(2869, 241, 1027343)     32.417          0     0     1     1
(3105, 161, 1027343)     32.417          0     0     1     1
(3584, 177, 1027343)     32.417          0     0     1     1
(2053, 241, 1027343)     32.417          0     0     0     1
(2053, 241, 1027343)     38.167          0     0     0     1
(2053, 241, 1027343)     40.083          0     0     0     1
(3585, 17, 1027343)      32.417          0     0     1     1
(3585, 17, 1027343)        34.5          0     0     0     1
(3076, 1, 1027343)       32.417          0     0     1     1
(3076, 1, 1027343)        36.25          0     0     0     1
(3081, 49, 1027343)      32.417          0     0     0     1
(3081, 49, 1027343)      36.333          0     0     0     1
(3081, 49, 1027343)      42.583          0     0     1     1
(2529, 193, 1027343)     32.417          0     0     0     1
(2049, 113, 1027343)     32.417          0     0     0     1
(2049, 113, 1027343)      34.25          0     0     0     1
(2049, 113, 1027343)     34.333          0     0     0     1
(2049, 113, 1027343)     34.417          0     0     0     1
(2049, 113, 1027343)     44.333          0     0     0     1
(3137, 131, 1027343)       32.5          0     0     1     1
(2569, 177, 1027343)       32.5          0     0     1     1
(3429, 225, 1027343)     32.583          0     0     1     1
(4005, 241, 1027343)      32.75          0     0     1     1
(2177, 193, 1027343)       34.0          0     0     0     1
(2177, 193, 1027343)      34.25          0     0     0     1
(2053, 145, 1027343)       34.0          0     0     0     1
(2053, 145, 1027343)       36.0          0     0     1     1
(2053, 145, 1027343)     36.333          0     0     0     2
(3075, 113, 1027343)     34.083          0     0     1     1
(2053, 33, 1027343)      34.083          0     0     0     1
(2053, 33, 1027343)      38.417          0     0     0     1
(2049, 81, 1027343)      34.083          0     0     0     1
(2049, 81, 1027343)      36.333          0     0     0     1
(2049, 81, 1027343)       52.25          0     0     0     1
(2561, 129, 1027343)     34.083          0     0     0     1
(2561, 129, 1027343)      36.25          0     0     1     1
(2049, 17, 1027343)      34.083          0     0     0     1
(2049, 17, 1027343)      36.167          0     0     0     1
(2049, 17, 1027343)      38.083          0     0     0     1
(2049, 17, 1027343)       38.25          0     0     0     1
(2049, 17, 1027343)      42.167          0     0     0     1
(2049, 17, 1027343)       42.25          0     0     0     1
(2049, 17, 1027343)      42.417          0     0     0     1
(2049, 17, 1027343)      44.167          0     0     0     1
(2049, 17, 1027343)      44.333          0     0     0     2
(2049, 17, 1027343)      44.417          0     0     0     1
(2049, 17, 1027343)      46.333          0     0     0     2
(2049, 17, 1027343)      46.417          0     0     0     1
(2049, 17, 1027343)        46.5          0     0     0     1
(2049, 17, 1027343)      46.583          0     0     0     2
(2049, 17, 1027343)      48.333          0     0     0     1
(2049, 17, 1027343)      50.417          0     0     1     1
(2049, 17, 1027343)      50.417          0     0     0     1
(3073, 129, 1027343)     34.167          0     0     1     1
(3073, 129, 1027343)      34.25          0     0     1     1
(3073, 129, 1027343)      36.25          0     0     0     1
(3073, 129, 1027343)     38.083          0     0     0     1
(3073, 129, 1027343)     38.333          0     0     0     1
(3073, 129, 1027343)      40.25          0     0     1     2
(3073, 129, 1027343)     42.417          0     0     0     1
(3073, 129, 1027343)     42.583          0     0     1     1
(3073, 129, 1027343)      42.75          0     0     1     1
(3072, 97, 1027343)      34.167          0     0     1     1
(2113, 241, 1027343)     34.167          0     0     0     1
(2059, 145, 1027343)     34.167          0     0     0     1
(3205, 129, 1027343)     34.167          0     0     1     1
(2049, 65, 1027343)      34.167          0     0     0     1
(2049, 65, 1027343)       34.25          0     0     0     1
(2049, 65, 1027343)      34.333          0     0     0     1
(2049, 65, 1027343)      36.167          0     0     0     1
(2049, 65, 1027343)       38.25          0     0     0     1
(2049, 65, 1027343)      40.083          0     0     0     1
(2049, 65, 1027343)       40.25          0     0     0     1
(2049, 65, 1027343)        42.0          0     0     0     1
(2049, 65, 1027343)      42.167          0     0     0     2
(2049, 65, 1027343)      42.333          0     0     0     2
(2049, 65, 1027343)       44.25          0     0     0     1
(2049, 65, 1027343)      46.583          0     0     0     1
(2049, 65, 1027343)      50.417          0     0     0     1
(2049, 65, 1027343)        50.5          0     0     0     1
(2048, 17, 1027343)      34.167          0     0     0     1
(2593, 49, 1027343)      34.167          0     0     0     1
(2049, 33, 1027343)      34.167          0     0     0     1
(2049, 33, 1027343)       34.25          0     0     0     2
(2049, 33, 1027343)       36.25          0     0     0     1
(2049, 33, 1027343)      38.167          0     0     0     2
(2049, 33, 1027343)      40.083          0     0     0     1
(2049, 33, 1027343)       40.25          0     0     0     2
(2049, 33, 1027343)        40.5          0     0     0     1
(2049, 33, 1027343)      42.167          0     0     0     2
(2049, 33, 1027343)      42.333          0     0     0     1
(2049, 33, 1027343)      42.417          0     0     0     2
(2049, 33, 1027343)      44.167          0     0     0     1
(2049, 33, 1027343)       44.25          0     0     0     2
(2049, 33, 1027343)      44.417          0     0     0     1
(2049, 33, 1027343)        44.5          0     0     0     1
(2049, 33, 1027343)       46.25          0     0     0     1
(2049, 33, 1027343)      46.333          0     0     0     1
(2049, 33, 1027343)      46.583          0     0     0     1
(2049, 33, 1027343)      48.167          0     0     0     1
(2049, 33, 1027343)      48.583          0     0     0     1
(2049, 33, 1027343)      50.333          0     0     0     1
(2049, 33, 1027343)      52.333          0     0     0     1
(2753, 241, 1027343)      34.25          0     0     1     1
(3079, 225, 1027343)      34.25          0     0     1     1
(2081, 129, 1027343)      34.25          0     0     0     1
(2081, 129, 1027343)     40.333          0     0     0     1
(3105, 193, 1027343)      34.25          0     0     1     1
(2817, 129, 1027343)      34.25          0     0     1     1
(3139, 129, 1027343)      34.25          0     0     1     1
(3073, 193, 1027343)      34.25          0     0     1     1
(3169, 193, 1027343)      34.25          0     0     1     1
(3089, 193, 1027343)      34.25          0     0     1     1
(3585, 161, 1027343)      34.25          0     0     1     1
(3079, 1, 1027343)        34.25          0     0     0     1
(3589, 177, 1027343)      34.25          0     0     1     1
(3589, 177, 1027343)     40.333          0     0     1     1
(2057, 65, 1027343)       34.25          0     0     0     1
(3073, 17, 1027343)       34.25          0     0     0     1
(3073, 17, 1027343)        36.5          0     0     1     1
(3073, 17, 1027343)      38.417          0     0     1     1
(3073, 17, 1027343)      42.333          0     0     0     1
(3331, 65, 1027343)       34.25          0     0     1     1
(2181, 49, 1027343)       34.25          0     0     0     1
(2053, 1, 1027343)        34.25          0     0     0     1
(2053, 1, 1027343)       36.333          0     0     0     1
(2053, 1, 1027343)       40.333          0     0     0     1
(2053, 1, 1027343)       44.417          0     0     0     1
(2049, 51, 1027343)       34.25          0     0     0     1
(2049, 51, 1027343)      40.333          0     0     0     1
(2049, 51, 1027343)      44.417          0     0     0     1
(2801, 245, 1027343)     34.333          0     0     0     1
(3137, 129, 1027343)     34.333          0     0     1     1
(3201, 129, 1027343)     34.333          0     0     1     1
(2817, 65, 1027343)      34.333          0     0     1     1
(3077, 1, 1027343)       34.333          0     0     1     1
(2819, 17, 1027343)      34.333          0     0     0     1
(2569, 33, 1027343)      34.333          0     0     0     1
(2369, 1, 1027343)       34.333          0     0     0     1
(2197, 81, 1027343)      34.333          0     0     0     1
(2369, 129, 1027343)     34.333          0     0     0     1
(2053, 65, 1027343)      34.333          0     0     0     1
(2053, 65, 1027343)      46.333          0     0     1     1
(2177, 49, 1027343)      34.333          0     0     0     1
(2097, 81, 1027343)      34.333          0     0     0     1
(3585, 129, 1027343)     34.417          0     0     1     1
(2081, 177, 1027343)     34.417          0     0     0     1
(2081, 177, 1027343)     38.167          0     0     0     1
(3233, 177, 1027343)     34.417          0     0     1     1
(2177, 209, 1027343)     34.417          0     0     0     1
(3713, 65, 1027343)      34.417          0     0     1     1
(2561, 147, 1027343)     34.417          0     0     0     1
(2053, 129, 1027343)     34.417          0     0     0     1
(2053, 129, 1027343)     38.083          0     0     0     1
(2053, 129, 1027343)     40.417          0     0     0     1
(2049, 177, 1027343)     34.417          0     0     0     1
(2049, 177, 1027343)     36.167          0     0     0     1
(2049, 177, 1027343)     36.333          0     0     0     1
(2049, 177, 1027343)     38.083          0     0     0     1
(2049, 177, 1027343)     40.333          0     0     1     1
(2049, 177, 1027343)     40.417          0     0     0     1
(2049, 177, 1027343)     48.583          0     0     0     2
(2081, 17, 1027343)      34.417          0     0     0     1
(2081, 17, 1027343)      42.417          0     0     0     1
(2245, 241, 1027343)       34.5          0     0     0     1
(2061, 241, 1027343)       34.5          0     0     0     1
(2649, 121, 1027343)       34.5          0     0     1     1
(3145, 81, 1027343)        34.5          0     0     1     1
(2849, 181, 1027343)     34.583          0     0     1     1
(2403, 241, 1027343)      34.75          0     0     0     1
(2049, 225, 1027343)       36.0          0     0     0     1
(2049, 225, 1027343)     40.167          0     0     0     1
(3073, 161, 1027343)       36.0          0     0     1     1
(3073, 161, 1027343)     38.583          0     0     1     1
(3073, 161, 1027343)     40.417          0     0     0     1
(3073, 161, 1027343)     42.167          0     0     1     1
(2051, 65, 1027343)      36.083          0     0     0     1
(2053, 17, 1027343)      36.083          0     0     0     1
(2053, 17, 1027343)      50.583          0     0     0     1
(2049, 105, 1027343)     36.083          0     0     0     1
(2051, 193, 1027343)     36.167          0     0     0     1
(2177, 145, 1027343)     36.167          0     0     0     1
(2177, 145, 1027343)     44.417          0     0     0     1
(2561, 145, 1027343)      36.25          0     0     0     1
(2181, 225, 1027343)      36.25          0     0     0     1
(2561, 65, 1027343)       36.25          0     0     0     1
(2561, 65, 1027343)      40.417          0     0     1     1
(3073, 209, 1027343)     36.333          0     0     1     1
(3073, 209, 1027343)     40.417          0     0     1     1
(2689, 1, 1027343)       36.333          0     0     0     1
(2689, 1, 1027343)       40.333          0     0     0     1
(3075, 209, 1027343)     36.333          0     0     1     1
(2689, 147, 1027343)     36.333          0     0     0     1
(2053, 185, 1027343)     36.333          0     0     0     1
(2625, 225, 1027343)     36.417          0     0     1     1
(2369, 97, 1027343)      36.417          0     0     0     1
(2181, 209, 1027343)     36.417          0     0     0     1
(2053, 179, 1027343)     36.417          0     0     0     1
(2817, 225, 1027343)       36.5          0     0     0     1
(3585, 33, 1027343)        36.5          0     0     1     1
(2057, 147, 1027343)       36.5          0     0     0     1
(3077, 49, 1027343)      36.583          0     0     1     1
(2837, 177, 1027343)     36.667          0     0     1     1
(2305, 65, 1027343)      38.167          0     0     0     1
(2305, 65, 1027343)       40.25          0     0     0     1
(2305, 65, 1027343)      40.417          0     0     0     1
(2305, 65, 1027343)      46.583          0     0     0     1
(2049, 193, 1027343)     38.167          0     0     0     1
(2049, 193, 1027343)     40.333          0     0     0     1
(2049, 193, 1027343)     42.167          0     0     0     1
(2049, 193, 1027343)     42.333          0     0     0     1
(2049, 193, 1027343)     44.167          0     0     0     1
(2049, 193, 1027343)      44.25          0     0     0     1
(2049, 193, 1027343)     48.583          0     0     0     1
(2049, 193, 1027343)       50.5          0     0     0     1
(2067, 65, 1027343)      38.167          0     0     0     1
(2048, 33, 1027343)      38.167          0     0     0     1
(2048, 33, 1027343)       38.25          0     0     0     1
(2048, 33, 1027343)      44.083          0     0     0     1
(2048, 33, 1027343)        56.5          0     0     0     1
(3072, 129, 1027343)      38.25          0     0     0     1
(2565, 209, 1027343)      38.25          0     0     1     1
(2561, 1, 1027343)        38.25          0     0     0     1
(2561, 1, 1027343)       38.417          0     0     0     1
(2561, 1, 1027343)       40.333          0     0     0     1
(2561, 1, 1027343)       44.083          0     0     0     1
(2083, 33, 1027343)       38.25          0     0     0     1
(3712, 9, 1027343)       38.333          0     0     1     1
(2337, 177, 1027343)     38.333          0     0     0     1
(2049, 163, 1027343)     38.333          0     0     0     1
(2305, 17, 1027343)      38.333          0     0     0     1
(2305, 17, 1027343)        48.5          0     0     0     1
(2561, 17, 1027343)      38.333          0     0     0     1
(2049, 145, 1027343)     38.333          0     0     0     1
(2049, 145, 1027343)     38.417          0     0     0     1
(2049, 145, 1027343)     42.333          0     0     1     1
(2049, 145, 1027343)     42.417          0     0     0     2
(2049, 145, 1027343)     46.333          0     0     0     1
(2049, 145, 1027343)       46.5          0     0     0     1
(2049, 145, 1027343)      48.25          0     0     0     1
(2049, 145, 1027343)     48.333          0     0     0     1
(2241, 33, 1027343)      38.333          0     0     0     1
(2241, 33, 1027343)        40.5          0     0     0     1
(3329, 209, 1027343)     38.417          0     0     1     1
(2245, 81, 1027343)      38.417          0     0     0     1
(2561, 225, 1027343)     38.417          0     0     1     1
(2048, 65, 1027343)      38.417          0     0     0     1
(2048, 65, 1027343)        52.5          0     0     0     1
(2307, 1, 1027343)         38.5          0     0     0     1
(2561, 177, 1027343)     38.583          0     0     0     1
(3080, 33, 1027343)      40.083          0     0     0     1
(2049, 129, 1027343)     40.083          0     0     0     1
(2049, 129, 1027343)     40.167          0     0     0     1
(2049, 129, 1027343)      40.25          0     0     0     1
(2049, 129, 1027343)      42.25          0     0     0     1
(2049, 129, 1027343)     42.333          0     0     0     1
(2049, 129, 1027343)     42.417          0     0     0     3
(2049, 129, 1027343)     44.417          0     0     0     1
(2049, 129, 1027343)     46.333          0     0     0     1
(2049, 129, 1027343)     46.583          0     0     0     1
(2049, 129, 1027343)     50.583          0     0     0     1
(2049, 129, 1027343)      52.25          0     0     0     1
(3137, 1, 1027343)       40.167          0     0     0     1
(3585, 1, 1027343)        40.25          0     0     0     1
(2049, 209, 1027343)      40.25          0     0     0     1
(2177, 225, 1027343)      40.25          0     0     0     1
(2049, 161, 1027343)      40.25          0     0     0     1
(2049, 161, 1027343)      42.25          0     0     0     1
(2049, 161, 1027343)     42.333          0     0     0     1
(2049, 161, 1027343)     42.583          0     0     0     1
(2049, 161, 1027343)     44.167          0     0     0     1
(2049, 161, 1027343)     44.333          0     0     0     2
(2049, 161, 1027343)     44.417          0     0     0     1
(2049, 161, 1027343)       44.5          0     0     1     1
(2049, 161, 1027343)     48.417          0     0     0     1
(2049, 161, 1027343)       48.5          0     0     0     1
(2049, 161, 1027343)     52.333          0     0     0     1
(2049, 161, 1027343)     52.417          0     0     0     1
(2113, 145, 1027343)      40.25          0     0     0     1
(2113, 145, 1027343)     42.667          0     0     0     1
(2049, 1, 1027343)        40.25          0     0     0     1
(2049, 1, 1027343)       40.417          0     0     0     1
(2049, 1, 1027343)       42.083          0     0     0     1
(2049, 1, 1027343)        42.25          0     0     0     1
(2049, 1, 1027343)       42.333          0     0     0     2
(2049, 1, 1027343)       42.333          0     0     1     1
(2049, 1, 1027343)       42.417          0     0     0     1
(2049, 1, 1027343)       44.167          0     0     0     1
(2049, 1, 1027343)        44.25          0     0     0     3
(2049, 1, 1027343)       44.417          0     0     0     1
(2049, 1, 1027343)         44.5          0     0     0     1
(2049, 1, 1027343)        46.25          0     0     0     2
(2049, 1, 1027343)       46.333          0     0     0     1
(2049, 1, 1027343)       46.417          0     0     0     1
(2049, 1, 1027343)       48.167          0     0     0     2
(2049, 1, 1027343)        48.25          0     0     0     1
(2049, 1, 1027343)       48.333          0     0     0     1
(2049, 1, 1027343)         48.5          0     0     0     1
(2049, 1, 1027343)       50.333          0     0     0     1
(2049, 1, 1027343)       50.583          0     0     0     1
(2049, 1, 1027343)       56.417          0     0     0     1
(3200, 129, 1027343)     40.333          0     0     1     1
(2565, 17, 1027343)      40.333          0     0     0     1
(2305, 1, 1027343)       40.417          0     0     0     1
(2305, 1, 1027343)       42.417          0     0     0     1
(2305, 1, 1027343)        44.25          0     0     0     1
(2177, 17, 1027343)      40.417          0     0     0     1
(3073, 241, 1027343)     40.583          0     0     1     1
(2117, 129, 1027343)     40.583          0     0     0     1
(2176, 129, 1027343)     42.083          0     0     0     1
(3072, 65, 1027343)       42.25          0     0     1     1
(3072, 1, 1027343)        42.25          0     0     1     1
(3072, 1, 1027343)        42.25          0     0     0     1
(3072, 1, 1027343)       46.417          0     0     1     1
(2688, 1, 1027343)        42.25          0     0     0     1
(2304, 1, 1027343)        42.25          0     0     0     1
(2177, 129, 1027343)      42.25          0     0     0     1
(2689, 17, 1027343)       42.25          0     0     0     1
(2569, 145, 1027343)     42.333          0     0     0     1
(2177, 65, 1027343)      42.333          0     0     0     1
(2181, 17, 1027343)      42.417          0     0     0     1
(2561, 193, 1027343)     42.417          0     0     0     1
(2085, 129, 1027343)     42.417          0     0     0     1
(2113, 1, 1027343)       42.417          0     0     0     1
(2625, 49, 1027343)        42.5          0     0     0     1
(2055, 241, 1027343)     42.583          0     0     0     1
(3137, 161, 1027343)     42.583          0     0     0     1
(2177, 81, 1027343)       42.75          0     0     0     1
(2048, 1, 1027343)       44.167          0     0     0     3
(2048, 1, 1027343)        44.25          0     0     0     1
(2048, 1, 1027343)       46.167          0     0     0     1
(2048, 1, 1027343)       46.417          0     0     0     1
(2048, 1, 1027343)         48.0          0     0     0     1
(2048, 1, 1027343)       48.167          0     0     0     1
(2048, 1, 1027343)       48.333          0     0     0     1
(2048, 1, 1027343)       48.417          0     0     0     1
(2048, 1, 1027343)       50.333          0     0     0     1
(2048, 1, 1027343)       50.417          0     0     0     1
(2048, 1, 1027343)       52.167          0     0     0     1
(2048, 1, 1027343)        52.25          0     0     0     1
(2048, 1, 1027343)       52.417          0     0     0     1
(2048, 9, 1027343)       44.167          0     0     0     1
(2181, 1, 1027343)       44.333          0     0     0     1
(2048, 129, 1027343)     44.333          0     0     0     1
(2177, 33, 1027343)      44.333          0     0     0     1
(2113, 49, 1027343)      44.417          0     0     0     1
(3072, 17, 1027343)      44.417          0     0     0     1
(2177, 177, 1027343)       44.5          0     0     0     1
(2113, 161, 1027343)       44.5          0     0     0     1
(2305, 129, 1027343)     46.333          0     0     0     1
(2561, 161, 1027343)     46.417          0     0     0     1
(2560, 1, 1027343)       48.083          0     0     0     1
(2113, 17, 1027343)       48.25          0     0     0     1
(2052, 1, 1027343)        48.25          0     0     0     1
(2112, 1, 1027343)       48.333          0     0     0     1
(2049, 3, 1027343)       48.333          0     0     0     1
(2113, 129, 1027343)     48.417          0     0     0     1
(2305, 177, 1027343)     50.667          0     0     0     1
(2048, 133, 1027343)     56.417          0     0     0     1
