inputs: [1027343]/1000 samples
product                 energy   A*B=out      cfhs    chains  num 
(3621, 243, 1027343)        8.0          0     0     1     1
(4021, 247, 1027343)     10.083          0     0     1     1
(3157, 241, 1027343)     10.167          0     0     1     1
(3157, 241, 1027343)     30.583          0     0     1     1
(3237, 227, 1027343)      10.25          0     0     1     1
(3237, 227, 1027343)     20.167          0     0     1     1
(3685, 241, 1027343)       12.0          0     0     1     1
(3685, 241, 1027343)     22.417          0     0     1     1
(3757, 255, 1027343)     12.167          0     0     1     1
(3765, 249, 1027343)     12.167          0     0     1     1
(3765, 249, 1027343)      12.25          0     0     1     1
(3765, 249, 1027343)     22.417          0     0     1     1
(3237, 249, 1027343)      12.25          0     0     1     1
(3237, 249, 1027343)     26.167          0     0     1     1
(3015, 249, 1027343)     12.333          0     0     1     1
(4021, 243, 1027343)     12.333          0     0     1     1
(4021, 243, 1027343)     22.417          0     0     0     1
(3141, 241, 1027343)     14.083          0     0     1     1
(3141, 241, 1027343)     26.167          0     0     1     2
(3749, 227, 1027343)     14.083          0     0     1     1
(3237, 163, 1027343)     14.167          0     0     1     1
(4069, 251, 1027343)     14.417          0     0     1     1
(3653, 241, 1027343)     16.083          0     0     1     1
(3653, 241, 1027343)       20.0          0     0     1     1
(3173, 241, 1027343)     16.083          0     0     1     1
(3173, 241, 1027343)      22.25          0     0     1     1
(3173, 241, 1027343)      24.25          0     0     1     1
(3173, 241, 1027343)       26.0          0     0     1     1
(3173, 241, 1027343)      30.25          0     0     1     1
(3239, 241, 1027343)     16.083          0     0     1     2
(3239, 241, 1027343)     18.167          0     0     1     1
(3239, 241, 1027343)       20.0          0     0     1     1
(3239, 241, 1027343)     20.083          0     0     1     2
(3239, 241, 1027343)     20.333          0     0     1     1
(3239, 241, 1027343)     22.167          0     0     1     1
(3239, 241, 1027343)     22.333          0     0     1     1
(3239, 241, 1027343)     22.667          0     0     1     1
(3239, 241, 1027343)     26.167          0     0     1     1
(3239, 241, 1027343)     28.167          0     0     1     1
(3751, 225, 1027343)     16.083          0     0     1     1
(3751, 225, 1027343)     16.167          0     0     1     1
(3751, 225, 1027343)      22.25          0     0     1     1
(3747, 241, 1027343)     16.083          0     0     1     1
(3747, 241, 1027343)     18.167          0     0     1     1
(3747, 241, 1027343)      22.25          0     0     1     1
(3585, 195, 1027343)     16.083          0     0     1     1
(3173, 243, 1027343)     16.167          0     0     1     1
(3173, 243, 1027343)     20.167          0     0     1     1
(4069, 247, 1027343)     16.167          0     0     1     1
(3125, 241, 1027343)     16.167          0     0     1     1
(3125, 241, 1027343)      26.25          0     0     1     1
(3077, 243, 1027343)     16.167          0     0     1     1
(3629, 245, 1027343)     16.167          0     0     1     1
(3927, 249, 1027343)     16.167          0     0     0     1
(3237, 243, 1027343)      16.25          0     0     1     1
(3783, 245, 1027343)      16.25          0     0     1     1
(3757, 241, 1027343)      16.25          0     0     1     1
(3757, 241, 1027343)     20.333          0     0     1     1
(3757, 241, 1027343)     26.583          0     0     1     1
(3749, 211, 1027343)      16.25          0     0     1     1
(2211, 227, 1027343)      16.25          0     0     0     1
(3621, 179, 1027343)      16.25          0     0     1     1
(3701, 243, 1027343)     16.333          0     0     1     1
(3781, 247, 1027343)     16.333          0     0     1     1
(3717, 179, 1027343)     16.417          0     0     1     1
(3655, 85, 1027343)      16.417          0     0     1     1
(3717, 241, 1027343)       18.0          0     0     1     1
(3717, 241, 1027343)       20.0          0     0     1     1
(3717, 241, 1027343)      22.25          0     0     1     1
(3717, 241, 1027343)     24.167          0     0     1     1
(3717, 241, 1027343)      26.25          0     0     1     1
(3717, 241, 1027343)      28.25          0     0     1     2
(3717, 241, 1027343)     28.417          0     0     1     1
(3637, 241, 1027343)       18.0          0     0     1     1
(3765, 241, 1027343)       18.0          0     0     1     1
(3765, 241, 1027343)     18.167          0     0     1     1
(3765, 241, 1027343)     18.333          0     0     1     1
(3765, 241, 1027343)     20.167          0     0     1     1
(3765, 241, 1027343)      20.25          0     0     1     1
(3765, 241, 1027343)       20.5          0     0     1     1
(3765, 241, 1027343)     22.167          0     0     1     1
(3237, 253, 1027343)     18.083          0     0     1     1
(3301, 241, 1027343)     18.083          0     0     1     1
(3301, 241, 1027343)     22.333          0     0     1     1
(3301, 241, 1027343)     26.083          0     0     1     1
(3759, 253, 1027343)     18.083          0     0     1     1
(3109, 241, 1027343)     18.083          0     0     1     1
(3109, 241, 1027343)     18.167          0     0     1     1
(3109, 241, 1027343)     20.167          0     0     1     2
(3109, 241, 1027343)     22.083          0     0     1     1
(3109, 241, 1027343)      22.25          0     0     1     1
(3109, 241, 1027343)     22.333          0     0     1     1
(3109, 241, 1027343)       24.0          0     0     1     1
(3109, 241, 1027343)     24.167          0     0     1     1
(3109, 241, 1027343)      26.25          0     0     1     1
(3109, 241, 1027343)     28.083          0     0     1     1
(3109, 241, 1027343)      28.25          0     0     1     1
(3109, 241, 1027343)     28.333          0     0     1     1
(3109, 225, 1027343)     18.083          0     0     1     1
(3109, 225, 1027343)      30.25          0     0     1     1
(3463, 225, 1027343)     18.083          0     0     1     1
(3749, 243, 1027343)     18.083          0     0     1     1
(3749, 243, 1027343)      18.25          0     0     1     1
(3749, 243, 1027343)      20.25          0     0     1     1
(3749, 243, 1027343)     22.167          0     0     1     1
(3749, 243, 1027343)      22.25          0     0     1     1
(2695, 229, 1027343)     18.083          0     0     1     1
(3205, 241, 1027343)     18.167          0     0     1     1
(3205, 241, 1027343)     20.083          0     0     1     1
(3205, 241, 1027343)     22.167          0     0     1     1
(3205, 241, 1027343)      22.25          0     0     1     1
(3205, 241, 1027343)     24.083          0     0     1     1
(3205, 241, 1027343)      24.25          0     0     1     3
(3205, 241, 1027343)     24.333          0     0     1     1
(3205, 241, 1027343)     24.417          0     0     1     1
(3205, 241, 1027343)      26.25          0     0     1     2
(3205, 241, 1027343)       26.5          0     0     1     1
(3205, 241, 1027343)     28.083          0     0     1     1
(3205, 241, 1027343)     28.167          0     0     0     1
(3205, 241, 1027343)      28.25          0     0     1     1
(3205, 241, 1027343)       28.5          0     0     1     1
(3205, 241, 1027343)      30.25          0     0     1     1
(3205, 241, 1027343)     30.333          0     0     1     1
(3205, 241, 1027343)     34.667          0     0     1     1
(3141, 215, 1027343)     18.167          0     0     1     1
(3829, 249, 1027343)     18.167          0     0     1     1
(3253, 249, 1027343)     18.167          0     0     1     1
(3253, 249, 1027343)     20.333          0     0     1     1
(3253, 249, 1027343)      24.25          0     0     1     1
(3781, 243, 1027343)     18.167          0     0     0     1
(3221, 243, 1027343)     18.167          0     0     1     1
(3239, 225, 1027343)     18.167          0     0     1     1
(3239, 225, 1027343)     20.083          0     0     1     1
(3349, 241, 1027343)     18.167          0     0     1     1
(3845, 227, 1027343)     18.167          0     0     1     1
(3335, 225, 1027343)     18.167          0     0     1     1
(3335, 225, 1027343)     22.167          0     0     1     1
(3335, 225, 1027343)     24.167          0     0     1     1
(3237, 225, 1027343)     18.167          0     0     1     1
(3237, 225, 1027343)      20.25          0     0     1     1
(3237, 225, 1027343)     22.167          0     0     1     1
(3237, 225, 1027343)     24.333          0     0     1     1
(3107, 225, 1027343)     18.167          0     0     1     1
(3107, 225, 1027343)     26.167          0     0     1     1
(3157, 113, 1027343)     18.167          0     0     1     1
(3235, 113, 1027343)     18.167          0     0     1     1
(2781, 241, 1027343)     18.167          0     0     1     1
(3749, 225, 1027343)     18.167          0     0     1     1
(3751, 241, 1027343)     18.167          0     0     1     1
(3751, 241, 1027343)      22.25          0     0     1     1
(3271, 253, 1027343)      18.25          0     0     1     1
(3751, 253, 1027343)      18.25          0     0     1     1
(3301, 247, 1027343)      18.25          0     0     1     1
(3237, 241, 1027343)      18.25          0     0     1     1
(3237, 241, 1027343)     18.333          0     0     1     1
(3237, 241, 1027343)       20.0          0     0     1     1
(3237, 241, 1027343)     20.167          0     0     1     1
(3237, 241, 1027343)     22.083          0     0     1     2
(3237, 241, 1027343)     22.167          0     0     1     1
(3237, 241, 1027343)      22.25          0     0     1     3
(3237, 241, 1027343)     24.083          0     0     1     1
(3237, 241, 1027343)     24.167          0     0     1     1
(3237, 241, 1027343)     24.333          0     0     1     2
(3237, 241, 1027343)     26.167          0     0     1     1
(3237, 241, 1027343)      26.25          0     0     1     2
(3237, 241, 1027343)     26.333          0     0     1     2
(3237, 241, 1027343)     26.417          0     0     1     1
(3237, 241, 1027343)       26.5          0     0     1     1
(3237, 241, 1027343)      32.25          0     0     1     1
(3237, 241, 1027343)       32.5          0     0     1     1
(3317, 243, 1027343)      18.25          0     0     1     1
(2727, 245, 1027343)      18.25          0     0     1     1
(2341, 251, 1027343)      18.25          0     0     1     1
(3749, 241, 1027343)      18.25          0     0     1     2
(3749, 241, 1027343)     22.083          0     0     1     1
(3749, 241, 1027343)     22.167          0     0     1     1
(3749, 241, 1027343)     24.083          0     0     1     1
(3749, 241, 1027343)     26.083          0     0     1     1
(2725, 243, 1027343)      18.25          0     0     1     1
(2727, 241, 1027343)      18.25          0     0     1     1
(2727, 241, 1027343)     26.167          0     0     1     1
(2213, 163, 1027343)      18.25          0     0     0     1
(3237, 161, 1027343)      18.25          0     0     1     1
(2263, 241, 1027343)      18.25          0     0     1     1
(3757, 251, 1027343)     18.333          0     0     1     1
(4053, 247, 1027343)     18.333          0     0     1     1
(3747, 249, 1027343)     18.333          0     0     1     1
(3207, 229, 1027343)     18.333          0     0     1     1
(3733, 241, 1027343)     18.333          0     0     1     1
(3239, 249, 1027343)     18.417          0     0     1     1
(3239, 249, 1027343)      24.25          0     0     0     1
(3205, 243, 1027343)     18.417          0     0     1     1
(3205, 243, 1027343)     20.333          0     0     1     1
(3675, 125, 1027343)       18.5          0     0     1     1
(3589, 241, 1027343)       20.0          0     0     1     1
(3589, 241, 1027343)     22.083          0     0     1     1
(3589, 241, 1027343)       24.0          0     0     1     1
(3589, 241, 1027343)     24.167          0     0     1     1
(3589, 241, 1027343)      26.25          0     0     1     1
(3077, 241, 1027343)     20.083          0     0     1     1
(3077, 241, 1027343)     22.083          0     0     1     2
(3077, 241, 1027343)     24.083          0     0     1     2
(3077, 241, 1027343)     26.083          0     0     1     1
(3077, 241, 1027343)     26.167          0     0     1     1
(3077, 241, 1027343)     26.333          0     0     1     1
(3077, 241, 1027343)     30.333          0     0     1     1
(3077, 241, 1027343)      32.25          0     0     0     1
(3077, 241, 1027343)      32.25          0     0     1     1
(3077, 241, 1027343)     32.417          0     0     1     1
(3077, 241, 1027343)       34.5          0     0     1     1
(3749, 245, 1027343)     20.083          0     0     1     1
(3093, 241, 1027343)     20.083          0     0     1     1
(3093, 241, 1027343)     22.167          0     0     1     1
(3093, 241, 1027343)     24.333          0     0     1     1
(3973, 241, 1027343)     20.083          0     0     1     1
(3341, 241, 1027343)     20.083          0     0     1     1
(4005, 243, 1027343)     20.083          0     0     1     1
(2625, 241, 1027343)     20.083          0     0     1     1
(3207, 225, 1027343)     20.083          0     0     1     1
(3207, 225, 1027343)     20.167          0     0     1     1
(3207, 225, 1027343)      20.25          0     0     1     1
(3207, 225, 1027343)     22.167          0     0     1     1
(3207, 225, 1027343)      22.25          0     0     1     1
(3207, 225, 1027343)     24.083          0     0     1     2
(3207, 225, 1027343)     24.417          0     0     1     1
(3207, 225, 1027343)      28.25          0     0     1     1
(3733, 243, 1027343)     20.083          0     0     1     1
(3639, 253, 1027343)     20.083          0     0     1     1
(3639, 253, 1027343)     22.167          0     0     1     1
(3221, 225, 1027343)     20.167          0     0     1     1
(3175, 241, 1027343)     20.167          0     0     1     1
(3269, 225, 1027343)     20.167          0     0     1     1
(3269, 225, 1027343)     22.083          0     0     1     1
(3797, 241, 1027343)     20.167          0     0     1     1
(2723, 241, 1027343)     20.167          0     0     1     1
(3205, 225, 1027343)     20.167          0     0     1     1
(3205, 225, 1027343)     22.083          0     0     1     2
(3205, 225, 1027343)     22.167          0     0     1     1
(3205, 225, 1027343)      22.25          0     0     1     1
(3205, 225, 1027343)     24.167          0     0     1     1
(3205, 225, 1027343)     28.167          0     0     1     1
(3233, 243, 1027343)     20.167          0     0     1     1
(2181, 243, 1027343)     20.167          0     0     0     1
(2181, 243, 1027343)      28.25          0     0     1     1
(3687, 249, 1027343)     20.167          0     0     1     1
(3301, 209, 1027343)     20.167          0     0     1     1
(3251, 241, 1027343)     20.167          0     0     1     1
(3233, 225, 1027343)     20.167          0     0     1     1
(3233, 225, 1027343)       22.0          0     0     1     1
(3233, 225, 1027343)     24.083          0     0     1     1
(3233, 225, 1027343)     26.167          0     0     1     1
(3141, 177, 1027343)     20.167          0     0     1     1
(3269, 177, 1027343)     20.167          0     0     1     1
(3719, 177, 1027343)     20.167          0     0     1     1
(2597, 241, 1027343)     20.167          0     0     1     1
(2597, 241, 1027343)     22.167          0     0     1     1
(2597, 241, 1027343)      22.25          0     0     1     1
(2597, 241, 1027343)     28.167          0     0     1     1
(2597, 241, 1027343)      28.25          0     0     1     1
(3217, 211, 1027343)     20.167          0     0     1     1
(3123, 241, 1027343)     20.167          0     0     0     1
(3139, 225, 1027343)     20.167          0     0     1     1
(2695, 225, 1027343)     20.167          0     0     1     1
(2695, 225, 1027343)     24.167          0     0     1     1
(2695, 225, 1027343)      28.25          0     0     1     1
(2729, 195, 1027343)     20.167          0     0     1     1
(3253, 241, 1027343)      20.25          0     0     1     1
(3253, 241, 1027343)     22.167          0     0     1     3
(3253, 241, 1027343)     22.583          0     0     1     1
(3253, 241, 1027343)     24.333          0     0     1     1
(3861, 241, 1027343)      20.25          0     0     1     1
(3251, 245, 1027343)      20.25          0     0     1     1
(1205, 243, 1027343)      20.25          0     0     0     1
(2581, 243, 1027343)      20.25          0     0     1     1
(3109, 209, 1027343)      20.25          0     0     1     1
(3109, 209, 1027343)     22.083          0     0     1     1
(2951, 225, 1027343)      20.25          0     0     1     1
(3205, 115, 1027343)      20.25          0     0     1     1
(3203, 193, 1027343)      20.25          0     0     1     1
(3203, 193, 1027343)     24.333          0     0     1     1
(3203, 193, 1027343)      26.25          0     0     1     1
(3815, 249, 1027343)     20.333          0     0     1     1
(3813, 247, 1027343)     20.333          0     0     0     1
(3749, 249, 1027343)     20.333          0     0     1     1
(3749, 249, 1027343)     24.417          0     0     1     1
(2981, 241, 1027343)     20.333          0     0     1     1
(2981, 241, 1027343)     26.333          0     0     1     1
(4019, 247, 1027343)     20.333          0     0     1     1
(3789, 241, 1027343)     20.333          0     0     1     1
(3191, 245, 1027343)     20.333          0     0     1     1
(2965, 241, 1027343)     20.333          0     0     1     1
(2277, 243, 1027343)     20.333          0     0     1     1
(3267, 97, 1027343)      20.333          0     0     1     1
(2855, 225, 1027343)     20.333          0     0     1     1
(2759, 225, 1027343)     20.333          0     0     1     1
(3301, 251, 1027343)     20.417          0     0     1     1
(3757, 245, 1027343)     20.417          0     0     1     1
(3773, 241, 1027343)     20.417          0     0     1     1
(3749, 247, 1027343)     20.417          0     0     1     1
(3327, 253, 1027343)       20.5          0     0     1     1
(3397, 241, 1027343)       20.5          0     0     1     1
(3237, 123, 1027343)     20.583          0     0     1     1
(3813, 245, 1027343)     20.583          0     0     1     1
(3813, 245, 1027343)      26.25          0     0     1     1
(3829, 255, 1027343)     22.083          0     0     1     1
(3207, 241, 1027343)     22.083          0     0     1     2
(3207, 241, 1027343)      24.25          0     0     1     1
(3605, 241, 1027343)     22.083          0     0     1     1
(3605, 241, 1027343)     22.417          0     0     1     1
(3719, 225, 1027343)     22.083          0     0     1     1
(3717, 225, 1027343)     22.083          0     0     1     1
(2725, 245, 1027343)     22.083          0     0     1     1
(2725, 245, 1027343)     24.333          0     0     1     1
(3201, 225, 1027343)     22.083          0     0     1     1
(2561, 177, 1027343)     22.083          0     0     1     1
(2561, 177, 1027343)      30.25          0     0     0     1
(2691, 227, 1027343)     22.083          0     0     1     1
(2181, 227, 1027343)     22.083          0     0     0     1
(3525, 241, 1027343)     22.167          0     0     1     1
(3221, 241, 1027343)     22.167          0     0     1     1
(3765, 243, 1027343)     22.167          0     0     1     1
(2823, 241, 1027343)     22.167          0     0     1     1
(3205, 177, 1027343)     22.167          0     0     1     1
(3205, 177, 1027343)     24.333          0     0     1     2
(3205, 177, 1027343)     26.417          0     0     1     1
(2373, 195, 1027343)     22.167          0     0     0     1
(3349, 209, 1027343)     22.167          0     0     1     1
(2213, 179, 1027343)     22.167          0     0     1     1
(2213, 179, 1027343)     28.167          0     0     0     1
(3749, 185, 1027343)     22.167          0     0     1     1
(3749, 185, 1027343)     28.333          0     0     1     1
(2693, 181, 1027343)     22.167          0     0     1     1
(3205, 227, 1027343)      22.25          0     0     1     1
(2469, 243, 1027343)      22.25          0     0     0     1
(3713, 225, 1027343)      22.25          0     0     1     1
(3713, 225, 1027343)     24.083          0     0     1     1
(3105, 225, 1027343)      22.25          0     0     1     1
(3111, 177, 1027343)      22.25          0     0     1     1
(3265, 225, 1027343)      22.25          0     0     1     1
(3237, 209, 1027343)      22.25          0     0     1     1
(3237, 209, 1027343)     26.083          0     0     1     1
(2725, 241, 1027343)      22.25          0     0     1     2
(2725, 241, 1027343)     22.333          0     0     1     1
(2725, 241, 1027343)     22.417          0     0     1     1
(2725, 241, 1027343)      24.25          0     0     1     1
(2725, 241, 1027343)     26.083          0     0     1     1
(2725, 241, 1027343)     26.417          0     0     1     1
(2725, 241, 1027343)       28.0          0     0     1     1
(3109, 161, 1027343)      22.25          0     0     1     1
(3815, 253, 1027343)      22.25          0     0     1     1
(2791, 241, 1027343)      22.25          0     0     0     1
(3749, 181, 1027343)      22.25          0     0     1     1
(3077, 177, 1027343)      22.25          0     0     1     1
(3077, 177, 1027343)     26.333          0     0     1     1
(3077, 177, 1027343)     28.167          0     0     1     1
(3077, 177, 1027343)      28.25          0     0     1     1
(3077, 177, 1027343)     30.583          0     0     1     2
(3077, 177, 1027343)      32.25          0     0     1     1
(3077, 177, 1027343)     32.417          0     0     1     1
(3077, 177, 1027343)      34.25          0     0     0     1
(3077, 177, 1027343)     34.333          0     0     0     1
(2721, 131, 1027343)      22.25          0     0     0     1
(2709, 209, 1027343)      22.25          0     0     1     1
(3239, 113, 1027343)      22.25          0     0     1     2
(2213, 243, 1027343)      22.25          0     0     0     1
(3267, 65, 1027343)       22.25          0     0     1     1
(2117, 179, 1027343)      22.25          0     0     0     1
(2117, 179, 1027343)     28.417          0     0     0     1
(2221, 179, 1027343)      22.25          0     0     0     1
(3301, 249, 1027343)     22.333          0     0     1     1
(3301, 249, 1027343)      24.25          0     0     0     1
(3111, 225, 1027343)     22.333          0     0     1     1
(3111, 225, 1027343)     28.333          0     0     1     1
(3365, 225, 1027343)     22.333          0     0     1     1
(3365, 225, 1027343)      26.25          0     0     1     1
(3213, 241, 1027343)     22.333          0     0     1     1
(3957, 243, 1027343)     22.333          0     0     1     1
(2725, 209, 1027343)     22.333          0     0     1     1
(3285, 241, 1027343)     22.417          0     0     1     1
(3285, 241, 1027343)       22.5          0     0     1     1
(2949, 179, 1027343)     22.417          0     0     1     1
(3717, 243, 1027343)     22.417          0     0     1     1
(3813, 241, 1027343)     22.417          0     0     1     1
(3813, 241, 1027343)     24.167          0     0     1     1
(2469, 225, 1027343)     22.417          0     0     1     1
(3693, 243, 1027343)       22.5          0     0     1     1
(3767, 241, 1027343)       22.5          0     0     1     1
(3767, 249, 1027343)     22.583          0     0     1     1
(3301, 115, 1027343)     22.583          0     0     1     1
(3105, 241, 1027343)       24.0          0     0     1     1
(3105, 241, 1027343)     24.083          0     0     1     1
(3105, 241, 1027343)     28.083          0     0     1     1
(3105, 241, 1027343)     30.167          0     0     1     2
(3105, 241, 1027343)     30.333          0     0     1     1
(3105, 241, 1027343)     32.083          0     0     1     1
(2053, 99, 1027343)        24.0          0     0     0     1
(3079, 241, 1027343)     24.083          0     0     0     1
(3079, 241, 1027343)     28.083          0     0     1     1
(2661, 249, 1027343)     24.083          0     0     1     1
(3111, 241, 1027343)     24.083          0     0     1     1
(3111, 241, 1027343)     30.333          0     0     0     1
(3075, 225, 1027343)     24.083          0     0     1     1
(2119, 225, 1027343)     24.083          0     0     0     1
(2053, 163, 1027343)     24.083          0     0     1     1
(3719, 241, 1027343)     24.167          0     0     1     1
(2757, 241, 1027343)     24.167          0     0     1     1
(2757, 241, 1027343)      24.25          0     0     1     1
(2757, 241, 1027343)     26.333          0     0     1     1
(2757, 241, 1027343)     26.417          0     0     1     1
(2789, 245, 1027343)     24.167          0     0     1     1
(2741, 245, 1027343)     24.167          0     0     1     1
(3207, 177, 1027343)     24.167          0     0     1     1
(3201, 241, 1027343)     24.167          0     0     1     1
(3201, 241, 1027343)      24.25          0     0     1     1
(3201, 241, 1027343)      28.25          0     0     1     1
(3201, 241, 1027343)     36.583          0     0     1     1
(3271, 225, 1027343)     24.167          0     0     1     1
(3237, 49, 1027343)      24.167          0     0     1     1
(3109, 177, 1027343)     24.167          0     0     1     1
(3109, 177, 1027343)      24.25          0     0     1     2
(3109, 177, 1027343)     24.333          0     0     1     1
(3109, 177, 1027343)     28.167          0     0     1     2
(3109, 177, 1027343)     30.167          0     0     1     1
(3109, 177, 1027343)      34.25          0     0     1     1
(3457, 193, 1027343)     24.167          0     0     1     1
(3333, 161, 1027343)     24.167          0     0     1     1
(3319, 249, 1027343)      24.25          0     0     1     1
(2741, 241, 1027343)      24.25          0     0     1     1
(2741, 241, 1027343)     28.417          0     0     1     1
(2741, 241, 1027343)     28.667          0     0     1     1
(3205, 209, 1027343)      24.25          0     0     1     1
(3969, 241, 1027343)      24.25          0     0     1     1
(3765, 245, 1027343)      24.25          0     0     1     1
(3781, 241, 1027343)      24.25          0     0     1     1
(3365, 241, 1027343)      24.25          0     0     1     1
(3365, 241, 1027343)     28.333          0     0     1     1
(3089, 209, 1027343)      24.25          0     0     1     1
(3761, 241, 1027343)      24.25          0     0     1     1
(3749, 177, 1027343)      24.25          0     0     1     1
(3749, 177, 1027343)     28.083          0     0     0     1
(3749, 177, 1027343)     28.417          0     0     1     1
(2467, 97, 1027343)       24.25          0     0     1     1
(3621, 177, 1027343)      24.25          0     0     1     1
(3621, 177, 1027343)     26.167          0     0     1     1
(2181, 179, 1027343)      24.25          0     0     0     1
(3255, 249, 1027343)     24.333          0     0     1     1
(3079, 225, 1027343)     24.333          0     0     1     1
(3079, 225, 1027343)     28.167          0     0     1     1
(3079, 225, 1027343)       32.5          0     0     1     1
(3075, 193, 1027343)     24.333          0     0     1     1
(3075, 193, 1027343)     30.083          0     0     1     1
(3075, 193, 1027343)      30.25          0     0     1     1
(3397, 113, 1027343)     24.333          0     0     1     1
(3203, 241, 1027343)     24.333          0     0     1     1
(3461, 113, 1027343)     24.333          0     0     1     1
(3237, 177, 1027343)     24.333          0     0     1     1
(3237, 177, 1027343)     26.333          0     0     1     1
(2423, 241, 1027343)     24.333          0     0     0     1
(3109, 243, 1027343)     24.417          0     0     1     1
(2869, 241, 1027343)     24.417          0     0     1     1
(2215, 241, 1027343)     24.417          0     0     0     1
(3237, 185, 1027343)     24.417          0     0     1     1
(3309, 241, 1027343)     24.417          0     0     1     1
(2693, 179, 1027343)     24.417          0     0     1     1
(3557, 245, 1027343)     24.417          0     0     1     1
(3829, 245, 1027343)       24.5          0     0     1     1
(3621, 241, 1027343)       26.0          0     0     1     1
(3745, 241, 1027343)       26.0          0     0     1     1
(3745, 241, 1027343)     36.417          0     0     1     1
(3203, 225, 1027343)       26.0          0     0     0     1
(3203, 225, 1027343)     26.083          0     0     1     1
(3203, 225, 1027343)     26.167          0     0     1     1
(3233, 241, 1027343)     26.083          0     0     1     2
(3233, 241, 1027343)      26.25          0     0     1     1
(3233, 241, 1027343)       28.5          0     0     1     1
(3233, 241, 1027343)       30.0          0     0     1     1
(3233, 241, 1027343)     32.333          0     0     1     1
(2593, 193, 1027343)     26.083          0     0     0     1
(3233, 193, 1027343)     26.083          0     0     1     1
(2087, 225, 1027343)     26.083          0     0     0     1
(2087, 225, 1027343)     32.167          0     0     0     1
(3205, 161, 1027343)     26.083          0     0     1     1
(3205, 161, 1027343)     32.333          0     0     1     1
(3585, 193, 1027343)     26.083          0     0     1     1
(3271, 241, 1027343)     26.167          0     0     1     1
(3143, 241, 1027343)     26.167          0     0     1     1
(3331, 241, 1027343)     26.167          0     0     1     1
(3073, 177, 1027343)     26.167          0     0     1     1
(3073, 177, 1027343)     28.167          0     0     1     1
(3073, 177, 1027343)     30.417          0     0     1     1
(3073, 177, 1027343)     32.167          0     0     1     1
(3073, 177, 1027343)     32.167          0     0     0     1
(3073, 177, 1027343)       36.5          0     0     1     1
(3073, 177, 1027343)      38.25          0     0     0     1
(2087, 241, 1027343)     26.167          0     0     0     1
(2177, 241, 1027343)     26.167          0     0     0     1
(3591, 193, 1027343)     26.167          0     0     1     1
(3459, 225, 1027343)     26.167          0     0     1     1
(2567, 241, 1027343)     26.167          0     0     1     1
(3235, 241, 1027343)     26.167          0     0     1     1
(3201, 227, 1027343)     26.167          0     0     1     1
(2689, 241, 1027343)     26.167          0     0     1     1
(3367, 113, 1027343)     26.167          0     0     1     1
(2183, 161, 1027343)     26.167          0     0     0     1
(2177, 161, 1027343)     26.167          0     0     0     1
(2177, 161, 1027343)     34.167          0     0     0     1
(2177, 161, 1027343)      36.25          0     0     0     1
(2597, 227, 1027343)      26.25          0     0     0     1
(3201, 243, 1027343)      26.25          0     0     1     1
(3585, 209, 1027343)      26.25          0     0     1     1
(3585, 209, 1027343)      30.25          0     0     1     1
(3585, 209, 1027343)       36.5          0     0     1     1
(3235, 225, 1027343)      26.25          0     0     1     1
(3235, 225, 1027343)     28.417          0     0     0     1
(3171, 197, 1027343)      26.25          0     0     0     1
(3117, 241, 1027343)      26.25          0     0     1     1
(3089, 113, 1027343)      26.25          0     0     1     1
(3797, 119, 1027343)      26.25          0     0     1     1
(3585, 129, 1027343)      26.25          0     0     1     1
(3269, 241, 1027343)      26.25          0     0     1     1
(3269, 241, 1027343)     26.333          0     0     1     1
(3269, 241, 1027343)     28.333          0     0     0     1
(3169, 227, 1027343)      26.25          0     0     0     1
(3589, 161, 1027343)      26.25          0     0     1     1
(2213, 177, 1027343)      26.25          0     0     0     1
(2213, 177, 1027343)     38.333          0     0     0     1
(3109, 145, 1027343)      26.25          0     0     1     1
(3107, 177, 1027343)      26.25          0     0     1     1
(3075, 209, 1027343)      26.25          0     0     1     1
(3075, 209, 1027343)      36.25          0     0     1     1
(2195, 51, 1027343)       26.25          0     0     0     1
(3235, 245, 1027343)     26.333          0     0     1     1
(2733, 241, 1027343)     26.333          0     0     1     1
(2645, 241, 1027343)     26.333          0     0     1     1
(3597, 113, 1027343)     26.333          0     0     1     1
(3587, 129, 1027343)     26.333          0     0     1     1
(2181, 225, 1027343)     26.333          0     0     0     1
(2791, 253, 1027343)     26.333          0     0     1     1
(3329, 177, 1027343)     26.333          0     0     1     1
(3073, 49, 1027343)      26.333          0     0     1     1
(3073, 49, 1027343)      34.417          0     0     0     1
(3077, 161, 1027343)     26.333          0     0     1     1
(3077, 161, 1027343)     28.167          0     0     1     1
(3077, 161, 1027343)      32.25          0     0     1     1
(2181, 195, 1027343)     26.333          0     0     0     1
(3345, 49, 1027343)      26.333          0     0     1     1
(2693, 131, 1027343)     26.333          0     0     0     1
(3613, 113, 1027343)     26.417          0     0     1     1
(3877, 241, 1027343)     26.417          0     0     1     1
(3877, 241, 1027343)     28.333          0     0     1     1
(3877, 241, 1027343)     28.583          0     0     1     1
(3215, 241, 1027343)     26.417          0     0     1     1
(3139, 97, 1027343)      26.417          0     0     1     1
(3237, 251, 1027343)       26.5          0     0     1     1
(3943, 249, 1027343)       26.5          0     0     1     1
(3562, 121, 1027343)       26.5          0     0     1     1
(2789, 241, 1027343)       28.0          0     0     1     1
(3073, 201, 1027343)       28.0          0     0     1     1
(2181, 241, 1027343)     28.083          0     0     0     1
(2181, 241, 1027343)     28.167          0     0     0     1
(2181, 241, 1027343)     30.083          0     0     0     1
(2181, 241, 1027343)      30.25          0     0     1     1
(2853, 241, 1027343)     28.083          0     0     1     1
(2053, 195, 1027343)     28.083          0     0     0     1
(3081, 225, 1027343)     28.083          0     0     0     1
(3077, 225, 1027343)     28.167          0     0     1     1
(3077, 225, 1027343)      28.25          0     0     1     1
(3457, 241, 1027343)     28.167          0     0     1     1
(2117, 209, 1027343)     28.167          0     0     0     1
(3249, 241, 1027343)     28.167          0     0     1     1
(3617, 241, 1027343)     28.167          0     0     1     1
(3617, 241, 1027343)      30.25          0     0     1     1
(3617, 241, 1027343)     34.583          0     0     1     1
(2183, 193, 1027343)     28.167          0     0     0     1
(2245, 177, 1027343)     28.167          0     0     1     1
(3333, 209, 1027343)     28.167          0     0     1     1
(3585, 145, 1027343)     28.167          0     0     1     1
(3585, 145, 1027343)     38.333          0     0     1     1
(2707, 225, 1027343)     28.167          0     0     1     1
(3617, 145, 1027343)     28.167          0     0     1     1
(2773, 241, 1027343)      28.25          0     0     1     1
(3621, 249, 1027343)      28.25          0     0     1     1
(3621, 249, 1027343)     32.167          0     0     1     1
(2565, 241, 1027343)      28.25          0     0     1     1
(2565, 241, 1027343)     30.417          0     0     1     1
(3589, 225, 1027343)      28.25          0     0     1     1
(3845, 241, 1027343)      28.25          0     0     1     1
(3207, 209, 1027343)      28.25          0     0     1     1
(3213, 97, 1027343)       28.25          0     0     1     1
(3393, 241, 1027343)      28.25          0     0     1     1
(3329, 161, 1027343)      28.25          0     0     1     1
(2181, 177, 1027343)      28.25          0     0     0     1
(2181, 177, 1027343)     32.167          0     0     0     1
(2181, 177, 1027343)     34.333          0     0     0     1
(2181, 177, 1027343)     34.583          0     0     0     1
(3273, 97, 1027343)       28.25          0     0     1     1
(3203, 67, 1027343)       28.25          0     0     1     1
(2119, 193, 1027343)      28.25          0     0     0     1
(2569, 67, 1027343)       28.25          0     0     0     1
(2625, 195, 1027343)      28.25          0     0     1     1
(2469, 241, 1027343)     28.333          0     0     1     1
(3461, 33, 1027343)      28.333          0     0     1     1
(3329, 211, 1027343)     28.333          0     0     1     1
(2757, 97, 1027343)      28.333          0     0     1     1
(3749, 161, 1027343)     28.333          0     0     1     1
(2433, 225, 1027343)     28.333          0     0     1     1
(3237, 113, 1027343)     28.333          0     0     1     1
(2189, 241, 1027343)     28.417          0     0     0     1
(2609, 249, 1027343)     28.417          0     0     1     1
(2917, 241, 1027343)     28.417          0     0     1     1
(2917, 241, 1027343)     28.583          0     0     1     1
(3365, 209, 1027343)     28.417          0     0     1     1
(3365, 209, 1027343)       28.5          0     0     1     1
(2213, 241, 1027343)     28.417          0     0     1     1
(2213, 241, 1027343)     32.167          0     0     0     1
(3141, 113, 1027343)     28.417          0     0     1     1
(3845, 113, 1027343)     28.417          0     0     1     1
(3077, 179, 1027343)     28.417          0     0     1     1
(2439, 225, 1027343)     28.417          0     0     1     1
(3489, 225, 1027343)     28.417          0     0     0     1
(3073, 33, 1027343)        28.5          0     0     1     1
(3073, 33, 1027343)      38.333          0     0     0     1
(3073, 33, 1027343)      40.417          0     0     1     1
(2701, 241, 1027343)       28.5          0     0     1     1
(3753, 249, 1027343)     28.583          0     0     1     1
(3015, 115, 1027343)     28.583          0     0     1     1
(3817, 243, 1027343)     28.583          0     0     1     1
(2693, 227, 1027343)     28.583          0     0     0     1
(3141, 161, 1027343)     28.583          0     0     1     1
(3201, 193, 1027343)     30.083          0     0     1     1
(3201, 193, 1027343)     30.167          0     0     1     1
(3201, 193, 1027343)     30.333          0     0     1     1
(3201, 193, 1027343)     32.167          0     0     0     1
(2049, 177, 1027343)     30.083          0     0     0     1
(2049, 177, 1027343)     34.167          0     0     0     1
(2049, 177, 1027343)     44.333          0     0     0     1
(2049, 177, 1027343)     44.417          0     0     0     1
(2049, 177, 1027343)     50.417          0     0     0     1
(2055, 33, 1027343)      30.083          0     0     0     1
(2113, 193, 1027343)     30.083          0     0     0     1
(2113, 193, 1027343)      44.25          0     0     0     1
(3073, 209, 1027343)     30.167          0     0     1     1
(3073, 209, 1027343)     32.083          0     0     0     1
(3073, 209, 1027343)     32.167          0     0     1     1
(3073, 209, 1027343)      32.25          0     0     1     2
(3073, 209, 1027343)     36.333          0     0     1     1
(3073, 209, 1027343)     38.583          0     0     1     2
(3073, 209, 1027343)       46.5          0     0     1     1
(3139, 241, 1027343)     30.167          0     0     1     1
(3201, 113, 1027343)     30.167          0     0     1     1
(3105, 193, 1027343)     30.167          0     0     1     1
(3105, 193, 1027343)     32.167          0     0     1     1
(2565, 243, 1027343)     30.167          0     0     0     1
(3077, 129, 1027343)     30.167          0     0     1     1
(3077, 129, 1027343)     40.167          0     0     1     1
(2055, 241, 1027343)     30.167          0     0     0     1
(2055, 241, 1027343)      34.25          0     0     0     1
(2689, 225, 1027343)     30.167          0     0     1     1
(3329, 145, 1027343)     30.167          0     0     1     1
(2629, 179, 1027343)     30.167          0     0     0     1
(2947, 81, 1027343)      30.167          0     0     0     1
(2373, 131, 1027343)     30.167          0     0     0     1
(2053, 161, 1027343)     30.167          0     0     0     1
(2053, 161, 1027343)     36.083          0     0     0     1
(2053, 161, 1027343)     40.417          0     0     0     1
(2053, 161, 1027343)       42.5          0     0     0     1
(3093, 177, 1027343)      30.25          0     0     1     1
(3331, 81, 1027343)       30.25          0     0     1     1
(2053, 241, 1027343)      30.25          0     0     0     1
(2053, 241, 1027343)     32.167          0     0     0     2
(2053, 241, 1027343)      36.25          0     0     0     1
(2053, 241, 1027343)      38.25          0     0     0     1
(3333, 145, 1027343)      30.25          0     0     1     1
(2085, 243, 1027343)      30.25          0     0     0     1
(3073, 193, 1027343)      30.25          0     0     1     1
(3073, 193, 1027343)     32.167          0     0     0     1
(3073, 193, 1027343)     32.333          0     0     1     1
(3073, 193, 1027343)     34.167          0     0     1     1
(3073, 193, 1027343)     36.333          0     0     0     1
(3073, 193, 1027343)     40.167          0     0     1     1
(2119, 209, 1027343)      30.25          0     0     0     1
(2753, 225, 1027343)      30.25          0     0     1     1
(2085, 161, 1027343)      30.25          0     0     0     1
(2085, 161, 1027343)     32.333          0     0     0     1
(3201, 49, 1027343)       30.25          0     0     1     1
(2689, 209, 1027343)      30.25          0     0     1     1
(2581, 241, 1027343)     30.333          0     0     1     1
(2085, 241, 1027343)     30.333          0     0     0     1
(3585, 49, 1027343)      30.333          0     0     1     1
(3585, 49, 1027343)      42.667          0     0     1     1
(3329, 227, 1027343)     30.333          0     0     1     1
(2181, 129, 1027343)     30.333          0     0     0     1
(2833, 209, 1027343)     30.333          0     0     1     1
(2049, 49, 1027343)      30.333          0     0     0     1
(2049, 49, 1027343)      32.167          0     0     0     1
(2049, 49, 1027343)      36.333          0     0     0     1
(2049, 49, 1027343)        40.5          0     0     0     1
(2049, 49, 1027343)      44.333          0     0     0     1
(2049, 49, 1027343)      46.333          0     0     0     1
(2049, 49, 1027343)      46.417          0     0     0     1
(2049, 49, 1027343)      50.333          0     0     0     1
(2049, 49, 1027343)        50.5          0     0     0     1
(2989, 241, 1027343)     30.417          0     0     1     1
(2311, 241, 1027343)     30.417          0     0     0     1
(3075, 65, 1027343)      30.417          0     0     1     1
(3814, 243, 1027343)     30.417          0     0     1     1
(3075, 97, 1027343)      30.417          0     0     1     1
(3075, 97, 1027343)      36.333          0     0     0     1
(3073, 161, 1027343)     30.417          0     0     1     1
(2785, 225, 1027343)     30.417          0     0     1     1
(3333, 177, 1027343)     30.417          0     0     1     1
(3105, 209, 1027343)     30.417          0     0     1     1
(3105, 209, 1027343)     32.167          0     0     0     1
(3201, 177, 1027343)     30.417          0     0     1     2
(3201, 177, 1027343)     36.333          0     0     1     1
(2307, 97, 1027343)      30.417          0     0     0     1
(3235, 181, 1027343)     30.417          0     0     1     1
(3137, 243, 1027343)       30.5          0     0     1     1
(3533, 241, 1027343)       30.5          0     0     1     1
(3349, 177, 1027343)     30.583          0     0     1     1
(3073, 241, 1027343)     32.083          0     0     1     1
(3077, 97, 1027343)      32.083          0     0     1     1
(2661, 209, 1027343)     32.083          0     0     1     1
(2087, 193, 1027343)     32.083          0     0     0     1
(2593, 145, 1027343)     32.083          0     0     1     1
(3077, 113, 1027343)     32.167          0     0     1     1
(3077, 113, 1027343)     32.583          0     0     1     1
(2177, 193, 1027343)     32.167          0     0     0     1
(2177, 193, 1027343)     36.333          0     0     0     1
(2181, 161, 1027343)     32.167          0     0     0     1
(2181, 161, 1027343)     40.333          0     0     0     1
(2243, 81, 1027343)      32.167          0     0     0     1
(2051, 97, 1027343)      32.167          0     0     0     1
(2051, 97, 1027343)      36.333          0     0     0     1
(2305, 129, 1027343)     32.167          0     0     0     1
(3141, 129, 1027343)      32.25          0     0     1     1
(3077, 145, 1027343)      32.25          0     0     1     1
(3589, 145, 1027343)      32.25          0     0     1     1
(3077, 65, 1027343)       32.25          0     0     0     1
(2081, 227, 1027343)      32.25          0     0     0     1
(3073, 81, 1027343)       32.25          0     0     1     1
(3073, 81, 1027343)      36.417          0     0     1     1
(3073, 81, 1027343)      40.333          0     0     0     1
(2689, 145, 1027343)     32.333          0     0     1     1
(2689, 145, 1027343)     40.417          0     0     1     1
(3203, 115, 1027343)     32.333          0     0     1     1
(4013, 241, 1027343)     32.333          0     0     1     1
(3591, 177, 1027343)     32.333          0     0     1     1
(3075, 161, 1027343)     32.333          0     0     1     1
(3073, 65, 1027343)      32.333          0     0     1     1
(3073, 65, 1027343)      34.083          0     0     0     1
(3073, 65, 1027343)      36.583          0     0     1     1
(2629, 19, 1027343)      32.333          0     0     0     1
(3115, 113, 1027343)     32.417          0     0     1     1
(2117, 147, 1027343)     32.417          0     0     0     1
(2049, 193, 1027343)     32.417          0     0     0     1
(2049, 193, 1027343)      36.25          0     0     0     1
(2049, 193, 1027343)     44.333          0     0     0     1
(3589, 177, 1027343)     32.417          0     0     0     1
(2051, 81, 1027343)      32.417          0     0     0     1
(2185, 67, 1027343)      32.417          0     0     0     1
(2467, 241, 1027343)       32.5          0     0     1     1
(2113, 35, 1027343)        32.5          0     0     0     1
(3749, 113, 1027343)     32.583          0     0     1     1
(2179, 193, 1027343)       34.0          0     0     0     1
(3617, 193, 1027343)     34.083          0     0     0     1
(3073, 129, 1027343)     34.083          0     0     0     1
(3073, 129, 1027343)      34.25          0     0     1     1
(3073, 129, 1027343)      36.25          0     0     0     1
(3073, 129, 1027343)     38.167          0     0     1     1
(3073, 129, 1027343)     38.333          0     0     1     1
(3073, 129, 1027343)     42.167          0     0     1     1
(2081, 177, 1027343)     34.083          0     0     0     1
(2049, 209, 1027343)     34.083          0     0     0     1
(2049, 209, 1027343)     36.167          0     0     0     1
(2049, 209, 1027343)       46.5          0     0     0     1
(2049, 209, 1027343)       48.5          0     0     0     2
(2049, 209, 1027343)     50.333          0     0     1     1
(2085, 225, 1027343)     34.167          0     0     0     1
(3073, 1, 1027343)       34.167          0     0     0     1
(3073, 1, 1027343)         36.5          0     0     1     1
(3073, 1, 1027343)       38.333          0     0     1     1
(2593, 213, 1027343)     34.167          0     0     0     1
(2049, 225, 1027343)     34.167          0     0     0     1
(2049, 225, 1027343)     42.417          0     0     0     1
(2209, 241, 1027343)     34.167          0     0     1     1
(3137, 129, 1027343)     34.167          0     0     0     1
(3137, 129, 1027343)     36.417          0     0     1     1
(3137, 129, 1027343)       38.5          0     0     1     1
(2049, 161, 1027343)     34.167          0     0     0     1
(2049, 161, 1027343)     44.167          0     0     0     1
(2049, 161, 1027343)     44.417          0     0     0     1
(2053, 113, 1027343)     34.167          0     0     0     1
(2069, 161, 1027343)     34.167          0     0     0     1
(2561, 33, 1027343)      34.167          0     0     0     1
(2051, 19, 1027343)      34.167          0     0     0     1
(2051, 17, 1027343)      34.167          0     0     0     1
(2305, 81, 1027343)      34.167          0     0     0     1
(2053, 129, 1027343)     34.167          0     0     0     1
(2053, 129, 1027343)      38.25          0     0     0     1
(2053, 129, 1027343)      42.25          0     0     0     1
(2183, 241, 1027343)      34.25          0     0     1     1
(3077, 209, 1027343)      34.25          0     0     1     1
(2561, 145, 1027343)      34.25          0     0     1     1
(2561, 145, 1027343)     46.417          0     0     0     1
(2625, 193, 1027343)      34.25          0     0     1     1
(2051, 145, 1027343)      34.25          0     0     0     1
(2051, 145, 1027343)     40.333          0     0     0     1
(3585, 241, 1027343)     34.333          0     0     1     1
(2177, 225, 1027343)     34.333          0     0     0     1
(2177, 225, 1027343)     36.333          0     0     0     1
(2055, 243, 1027343)     34.333          0     0     0     1
(3201, 209, 1027343)     34.333          0     0     1     1
(2565, 145, 1027343)     34.333          0     0     0     1
(2050, 17, 1027343)      34.333          0     0     0     1
(2373, 161, 1027343)     34.333          0     0     0     1
(2307, 57, 1027343)      34.333          0     0     0     1
(2085, 177, 1027343)     34.333          0     0     0     1
(2181, 193, 1027343)     34.417          0     0     0     1
(3089, 241, 1027343)     34.417          0     0     1     1
(2115, 209, 1027343)     34.417          0     0     0     1
(3777, 225, 1027343)       34.5          0     0     1     1
(2307, 21, 1027343)        34.5          0     0     0     1
(3461, 241, 1027343)     34.583          0     0     1     1
(3941, 241, 1027343)     34.667          0     0     1     1
(2049, 17, 1027343)      36.167          0     0     0     1
(2049, 17, 1027343)      38.167          0     0     0     1
(2049, 17, 1027343)      38.333          0     0     0     1
(2049, 17, 1027343)      40.167          0     0     0     1
(2049, 17, 1027343)      40.333          0     0     0     1
(2049, 17, 1027343)      40.417          0     0     0     1
(2049, 17, 1027343)      42.167          0     0     0     2
(2049, 17, 1027343)      44.333          0     0     0     2
(2049, 17, 1027343)      44.583          0     0     0     2
(2049, 17, 1027343)       48.25          0     0     0     1
(2049, 17, 1027343)      50.583          0     0     0     1
(2049, 145, 1027343)     36.167          0     0     0     1
(2049, 145, 1027343)     38.167          0     0     0     1
(2049, 145, 1027343)      42.25          0     0     1     1
(2049, 145, 1027343)     42.333          0     0     0     1
(2049, 145, 1027343)       44.5          0     0     0     1
(2049, 145, 1027343)     46.333          0     0     0     1
(2053, 65, 1027343)      36.167          0     0     0     1
(2053, 65, 1027343)      36.333          0     0     0     1
(2053, 65, 1027343)      38.083          0     0     0     1
(2051, 129, 1027343)     36.167          0     0     0     1
(2051, 129, 1027343)     36.333          0     0     0     1
(2051, 129, 1027343)     46.333          0     0     0     1
(2113, 227, 1027343)      36.25          0     0     1     1
(2053, 209, 1027343)      36.25          0     0     0     1
(3073, 145, 1027343)      36.25          0     0     1     1
(3073, 145, 1027343)     36.417          0     0     1     1
(3073, 145, 1027343)     38.167          0     0     0     1
(3073, 145, 1027343)     42.333          0     0     1     2
(3073, 225, 1027343)      36.25          0     0     1     1
(2561, 81, 1027343)       36.25          0     0     0     1
(2113, 49, 1027343)       36.25          0     0     0     1
(2081, 129, 1027343)     36.333          0     0     0     1
(2305, 177, 1027343)     36.333          0     0     0     1
(2305, 177, 1027343)     48.583          0     0     0     1
(2113, 33, 1027343)      36.333          0     0     0     1
(2083, 129, 1027343)     36.333          0     0     0     1
(2117, 177, 1027343)     36.333          0     0     0     1
(2115, 225, 1027343)     36.417          0     0     0     1
(3201, 145, 1027343)     36.417          0     0     1     1
(3361, 241, 1027343)     36.417          0     0     1     1
(3361, 241, 1027343)       36.5          0     0     1     1
(2067, 113, 1027343)     36.417          0     0     0     1
(3081, 1, 1027343)       36.417          0     0     1     1
(2181, 145, 1027343)       36.5          0     0     0     1
(2309, 161, 1027343)       36.5          0     0     0     1
(2177, 83, 1027343)        36.5          0     0     0     1
(2081, 193, 1027343)       38.0          0     0     0     1
(2179, 129, 1027343)     38.083          0     0     0     1
(2304, 193, 1027343)     38.083          0     0     0     1
(2049, 129, 1027343)     38.083          0     0     0     1
(2049, 129, 1027343)     38.167          0     0     0     1
(2049, 129, 1027343)      38.25          0     0     0     1
(2049, 129, 1027343)     40.167          0     0     0     2
(2049, 129, 1027343)     42.083          0     0     0     1
(2049, 129, 1027343)     42.333          0     0     0     1
(2049, 129, 1027343)       44.0          0     0     0     1
(2049, 129, 1027343)     44.333          0     0     0     1
(2049, 129, 1027343)     46.417          0     0     0     1
(2049, 129, 1027343)      50.25          0     0     0     1
(2049, 129, 1027343)     54.417          0     0     0     1
(2049, 1, 1027343)       38.083          0     0     0     1
(2049, 1, 1027343)        38.25          0     0     0     1
(2049, 1, 1027343)        40.25          0     0     0     1
(2049, 1, 1027343)       42.333          0     0     0     1
(2049, 1, 1027343)       42.417          0     0     0     1
(2049, 1, 1027343)       44.333          0     0     0     1
(2049, 1, 1027343)       46.083          0     0     0     1
(2049, 1, 1027343)        46.25          0     0     0     1
(2049, 1, 1027343)       46.417          0     0     0     1
(2049, 1, 1027343)         48.5          0     0     0     1
(2309, 195, 1027343)     38.167          0     0     0     1
(3077, 193, 1027343)      38.25          0     0     1     1
(3072, 129, 1027343)      38.25          0     0     1     1
(3072, 129, 1027343)      40.25          0     0     1     1
(2049, 81, 1027343)       38.25          0     0     0     1
(2049, 81, 1027343)      42.167          0     0     0     1
(2049, 81, 1027343)       44.25          0     0     0     1
(2053, 81, 1027343)       38.25          0     0     0     1
(2177, 65, 1027343)       38.25          0     0     0     1
(2306, 3, 1027343)        38.25          0     0     0     1
(2113, 177, 1027343)      38.25          0     0     0     1
(2113, 241, 1027343)     38.333          0     0     0     1
(2053, 225, 1027343)     38.333          0     0     0     1
(2053, 177, 1027343)     38.333          0     0     0     1
(2053, 177, 1027343)     40.333          0     0     0     1
(2051, 49, 1027343)      38.333          0     0     0     1
(2065, 209, 1027343)     38.333          0     0     0     1
(2049, 3, 1027343)       38.333          0     0     0     1
(2049, 241, 1027343)     38.417          0     0     0     1
(2049, 241, 1027343)       38.5          0     0     0     1
(3105, 145, 1027343)     38.417          0     0     1     1
(2115, 113, 1027343)     38.417          0     0     0     1
(2049, 65, 1027343)      38.417          0     0     0     1
(2049, 65, 1027343)      46.333          0     0     0     1
(2049, 65, 1027343)        46.5          0     0     0     1
(2049, 65, 1027343)      48.417          0     0     0     1
(2181, 249, 1027343)       38.5          0     0     1     1
(2113, 17, 1027343)      38.583          0     0     0     1
(2113, 17, 1027343)        46.5          0     0     0     1
(3585, 177, 1027343)      38.75          0     0     1     1
(2051, 193, 1027343)     40.167          0     0     0     1
(2051, 83, 1027343)       40.25          0     0     0     1
(2049, 33, 1027343)       40.25          0     0     0     1
(2049, 33, 1027343)       42.25          0     0     0     1
(2049, 33, 1027343)       44.25          0     0     0     1
(2049, 33, 1027343)        44.5          0     0     0     1
(2049, 33, 1027343)      48.333          0     0     0     1
(2053, 145, 1027343)     40.333          0     0     0     2
(2307, 113, 1027343)     40.333          0     0     0     1
(2369, 33, 1027343)      40.333          0     0     0     1
(2081, 17, 1027343)      40.417          0     0     0     1
(2593, 1, 1027343)       40.417          0     0     0     1
(2309, 17, 1027343)        40.5          0     0     0     1
(2309, 241, 1027343)     40.583          0     0     0     1
(2051, 225, 1027343)     42.333          0     0     0     1
(2561, 17, 1027343)      42.417          0     0     0     1
(2053, 33, 1027343)      42.417          0     0     0     1
(2051, 1, 1027343)         42.5          0     0     0     1
(2051, 1, 1027343)       44.417          0     0     0     1
(2051, 1, 1027343)         44.5          0     0     0     1
(2051, 1, 1027343)       46.417          0     0     0     1
(2309, 177, 1027343)     42.583          0     0     0     1
(2561, 147, 1027343)     44.167          0     0     0     1
(2048, 17, 1027343)       44.25          0     0     0     1
(2049, 113, 1027343)      44.25          0     0     0     1
(2305, 17, 1027343)       44.25          0     0     0     1
(2065, 1, 1027343)       44.417          0     0     0     1
(2049, 211, 1027343)     44.417          0     0     0     1
(2305, 65, 1027343)      44.417          0     0     0     1
(2081, 81, 1027343)       46.25          0     0     0     1
(2048, 129, 1027343)     50.167          0     0     0     1
(2052, 1, 1027343)       50.417          0     0     0     1
(2061, 145, 1027343)     52.583          0     0     0     1
