inputs: [1027343]/1000 samples
product                 energy   A*B=out      cfhs    chains  num 
(4085, 243, 1027343)      8.167          0     0     1     1
(3253, 249, 1027343)       8.25          0     0     1     1
(3253, 249, 1027343)     12.083          0     0     1     1
(3253, 249, 1027343)     12.167          0     0     1     1
(3253, 249, 1027343)     14.083          0     0     1     3
(3253, 249, 1027343)     14.167          0     0     1     5
(3253, 249, 1027343)     16.083          0     0     1     2
(3253, 249, 1027343)     16.167          0     0     1     4
(3253, 249, 1027343)      16.25          0     0     1     2
(3253, 249, 1027343)     18.083          0     0     1     1
(3253, 249, 1027343)     18.167          0     0     1     1
(3253, 249, 1027343)      18.25          0     0     1     2
(3253, 249, 1027343)     18.333          0     0     1     1
(3253, 249, 1027343)       18.5          0     0     1     1
(3253, 249, 1027343)     20.167          0     0     1     3
(3253, 249, 1027343)     20.333          0     0     1     1
(3253, 249, 1027343)     20.417          0     0     1     1
(3253, 249, 1027343)     22.167          0     0     1     2
(3253, 249, 1027343)     26.083          0     0     0     1
(3509, 249, 1027343)       10.0          0     0     1     1
(3509, 249, 1027343)     10.083          0     0     1     5
(3509, 249, 1027343)      12.25          0     0     1     1
(3509, 249, 1027343)      14.25          0     0     1     2
(3509, 249, 1027343)     14.417          0     0     1     1
(3509, 249, 1027343)      16.25          0     0     1     1
(3509, 249, 1027343)     18.083          0     0     1     1
(3509, 249, 1027343)     18.167          0     0     1     1
(3509, 249, 1027343)      20.25          0     0     1     1
(3509, 249, 1027343)     20.333          0     0     1     1
(3301, 251, 1027343)     10.083          0     0     1     1
(3301, 251, 1027343)     20.333          0     0     1     1
(3301, 251, 1027343)     20.417          0     0     1     1
(3685, 243, 1027343)     10.083          0     0     1     1
(3685, 243, 1027343)     12.083          0     0     1     1
(3685, 243, 1027343)     14.083          0     0     1     1
(3685, 243, 1027343)     16.083          0     0     1     1
(3685, 243, 1027343)     16.333          0     0     1     1
(3685, 243, 1027343)     18.083          0     0     1     1
(3685, 243, 1027343)     20.333          0     0     1     1
(3237, 225, 1027343)     10.083          0     0     1     1
(3237, 225, 1027343)     14.167          0     0     1     1
(3237, 225, 1027343)     16.167          0     0     1     1
(3237, 225, 1027343)     16.417          0     0     1     1
(3237, 225, 1027343)     22.167          0     0     0     1
(3237, 225, 1027343)      22.25          0     0     1     1
(3237, 225, 1027343)      26.25          0     0     1     1
(3237, 225, 1027343)     26.333          0     0     1     2
(3237, 225, 1027343)     26.417          0     0     1     1
(3237, 225, 1027343)     28.333          0     0     1     1
(3685, 241, 1027343)       12.0          0     0     1     6
(3685, 241, 1027343)     12.083          0     0     1     2
(3685, 241, 1027343)     12.167          0     0     1     1
(3685, 241, 1027343)       14.0          0     0     1     1
(3685, 241, 1027343)     14.083          0     0     1     2
(3685, 241, 1027343)     14.167          0     0     1     1
(3685, 241, 1027343)       16.0          0     0     1     2
(3685, 241, 1027343)     16.167          0     0     1     3
(3685, 241, 1027343)       18.0          0     0     1     1
(3685, 241, 1027343)     18.083          0     0     1     1
(3685, 241, 1027343)     18.167          0     0     1     1
(3685, 241, 1027343)     20.083          0     0     1     1
(3685, 241, 1027343)     20.167          0     0     1     1
(3685, 241, 1027343)      20.25          0     0     1     1
(3685, 241, 1027343)     22.167          0     0     1     1
(3685, 241, 1027343)      24.25          0     0     1     1
(3685, 241, 1027343)      26.25          0     0     1     1
(4021, 249, 1027343)     12.083          0     0     1     1
(4021, 249, 1027343)     14.083          0     0     1     1
(4021, 249, 1027343)     14.167          0     0     1     1
(4021, 249, 1027343)     18.083          0     0     1     1
(4021, 249, 1027343)      18.25          0     0     1     1
(4021, 249, 1027343)     18.417          0     0     1     1
(4021, 249, 1027343)      20.25          0     0     1     1
(4021, 249, 1027343)     22.333          0     0     1     2
(4021, 249, 1027343)     22.417          0     0     1     1
(4021, 249, 1027343)     26.333          0     0     0     1
(4021, 249, 1027343)     26.417          0     0     1     1
(4021, 243, 1027343)     12.083          0     0     1     1
(4021, 243, 1027343)      12.25          0     0     1     1
(4021, 243, 1027343)     14.167          0     0     1     1
(4021, 243, 1027343)     14.333          0     0     1     1
(4021, 243, 1027343)     16.167          0     0     0     1
(3765, 243, 1027343)     12.083          0     0     1     1
(3765, 243, 1027343)     14.167          0     0     1     1
(3765, 243, 1027343)     16.333          0     0     1     2
(3765, 243, 1027343)      18.25          0     0     1     1
(3765, 243, 1027343)     18.333          0     0     1     2
(3685, 227, 1027343)     12.083          0     0     1     1
(3685, 227, 1027343)      12.25          0     0     1     1
(3685, 227, 1027343)      14.25          0     0     1     1
(3893, 121, 1027343)     12.083          0     0     1     1
(3893, 121, 1027343)     14.167          0     0     1     1
(3893, 121, 1027343)     22.167          0     0     1     1
(4085, 241, 1027343)     12.167          0     0     1     1
(4085, 241, 1027343)       26.5          0     0     1     1
(3749, 253, 1027343)     12.167          0     0     1     1
(3749, 253, 1027343)     14.167          0     0     1     1
(3749, 253, 1027343)     16.333          0     0     1     1
(3749, 253, 1027343)     18.167          0     0     1     1
(3749, 253, 1027343)     20.417          0     0     1     1
(3749, 249, 1027343)     12.167          0     0     1     2
(3749, 249, 1027343)     12.417          0     0     1     1
(3749, 249, 1027343)     14.167          0     0     1     2
(3749, 249, 1027343)     14.333          0     0     1     1
(3749, 249, 1027343)     16.083          0     0     1     1
(3749, 249, 1027343)     16.167          0     0     1     2
(3749, 249, 1027343)      16.25          0     0     1     2
(3749, 249, 1027343)     18.167          0     0     1     1
(3749, 249, 1027343)      18.25          0     0     1     2
(3749, 249, 1027343)     18.333          0     0     1     2
(3749, 249, 1027343)     20.167          0     0     1     1
(3749, 249, 1027343)     26.333          0     0     1     1
(3765, 249, 1027343)     12.167          0     0     1     1
(3765, 249, 1027343)     14.167          0     0     1     1
(3765, 249, 1027343)      14.25          0     0     1     2
(3765, 249, 1027343)     16.167          0     0     1     1
(3765, 249, 1027343)      16.25          0     0     1     2
(3765, 249, 1027343)     16.333          0     0     1     1
(3765, 249, 1027343)     18.333          0     0     1     1
(3765, 249, 1027343)     20.167          0     0     1     1
(3765, 249, 1027343)     20.417          0     0     1     2
(3765, 249, 1027343)     24.333          0     0     1     1
(3237, 249, 1027343)      12.25          0     0     1     1
(3237, 249, 1027343)     14.083          0     0     1     2
(3237, 249, 1027343)      14.25          0     0     1     1
(3237, 249, 1027343)       16.0          0     0     1     2
(3237, 249, 1027343)     16.083          0     0     1     1
(3237, 249, 1027343)     16.167          0     0     1     2
(3237, 249, 1027343)      16.25          0     0     1     1
(3237, 249, 1027343)     16.333          0     0     1     1
(3237, 249, 1027343)     18.167          0     0     1     4
(3237, 249, 1027343)      18.25          0     0     1     2
(3237, 249, 1027343)     18.333          0     0     1     3
(3237, 249, 1027343)     20.083          0     0     1     1
(3237, 249, 1027343)     20.167          0     0     1     2
(3237, 249, 1027343)     20.417          0     0     1     2
(3237, 249, 1027343)     22.167          0     0     1     4
(3237, 249, 1027343)      22.25          0     0     1     1
(3237, 249, 1027343)     22.333          0     0     1     1
(3237, 249, 1027343)      24.25          0     0     1     2
(3237, 249, 1027343)     24.333          0     0     1     2
(3237, 249, 1027343)       24.5          0     0     1     1
(3237, 249, 1027343)       26.5          0     0     1     1
(3237, 249, 1027343)      28.25          0     0     1     1
(3237, 249, 1027343)       28.5          0     0     1     1
(3237, 249, 1027343)     30.333          0     0     1     1
(3381, 243, 1027343)      12.25          0     0     1     1
(3381, 243, 1027343)      18.25          0     0     1     1
(3509, 243, 1027343)      12.25          0     0     1     1
(3749, 243, 1027343)     12.333          0     0     1     1
(3749, 243, 1027343)     14.333          0     0     1     1
(3749, 243, 1027343)     16.333          0     0     1     1
(3749, 243, 1027343)     18.333          0     0     1     1
(3749, 243, 1027343)     22.167          0     0     1     1
(3749, 243, 1027343)     22.417          0     0     1     1
(3749, 243, 1027343)       22.5          0     0     1     2
(3749, 243, 1027343)     32.917          0     0     1     1
(3717, 241, 1027343)       14.0          0     0     1     3
(3717, 241, 1027343)       16.0          0     0     1     1
(3717, 241, 1027343)       18.0          0     0     1     5
(3717, 241, 1027343)     18.083          0     0     1     4
(3717, 241, 1027343)     18.167          0     0     1     2
(3717, 241, 1027343)     22.083          0     0     1     1
(3717, 241, 1027343)      22.25          0     0     1     2
(3717, 241, 1027343)      24.25          0     0     1     1
(3717, 241, 1027343)     24.333          0     0     1     1
(3717, 241, 1027343)      28.25          0     0     1     1
(3717, 241, 1027343)     30.333          0     0     1     1
(3749, 245, 1027343)     14.083          0     0     1     1
(3749, 245, 1027343)     20.167          0     0     1     1
(3941, 249, 1027343)     14.083          0     0     1     3
(3941, 249, 1027343)     16.083          0     0     1     2
(3941, 249, 1027343)     16.167          0     0     1     3
(3941, 249, 1027343)     20.333          0     0     1     1
(3941, 249, 1027343)     22.333          0     0     1     1
(3749, 235, 1027343)     14.083          0     0     1     1
(3733, 241, 1027343)     14.083          0     0     1     1
(3733, 241, 1027343)     18.167          0     0     1     1
(3733, 241, 1027343)      18.25          0     0     1     1
(3733, 241, 1027343)     20.083          0     0     1     1
(3733, 241, 1027343)     20.167          0     0     1     1
(3733, 241, 1027343)       22.0          0     0     1     1
(3733, 241, 1027343)       24.0          0     0     0     1
(3733, 241, 1027343)     26.333          0     0     1     1
(1701, 253, 1027343)     14.083          0     0     0     1
(3509, 241, 1027343)     14.083          0     0     1     1
(3509, 241, 1027343)     14.167          0     0     1     1
(3509, 241, 1027343)      14.25          0     0     1     2
(3509, 241, 1027343)     20.333          0     0     1     1
(4071, 113, 1027343)     14.083          0     0     1     1
(3685, 209, 1027343)     14.083          0     0     1     2
(3877, 241, 1027343)     14.167          0     0     1     1
(3877, 241, 1027343)       20.0          0     0     1     1
(3877, 241, 1027343)     20.083          0     0     1     1
(3877, 241, 1027343)       24.5          0     0     1     1
(3877, 241, 1027343)     26.417          0     0     1     1
(3877, 241, 1027343)      28.25          0     0     1     1
(3877, 241, 1027343)       28.5          0     0     1     1
(3877, 241, 1027343)     30.583          0     0     1     1
(3877, 241, 1027343)     32.333          0     0     1     1
(3173, 245, 1027343)     14.167          0     0     1     1
(3173, 245, 1027343)     16.167          0     0     1     1
(3749, 251, 1027343)     14.167          0     0     1     1
(3749, 251, 1027343)     18.333          0     0     1     1
(3749, 251, 1027343)      20.25          0     0     1     1
(3869, 241, 1027343)     14.167          0     0     1     1
(3749, 247, 1027343)     14.167          0     0     1     1
(3271, 225, 1027343)     14.167          0     0     1     2
(3271, 225, 1027343)     16.167          0     0     1     1
(3271, 225, 1027343)     18.167          0     0     1     1
(3271, 225, 1027343)     20.083          0     0     1     1
(3813, 227, 1027343)     14.167          0     0     1     1
(3205, 243, 1027343)      14.25          0     0     1     1
(3733, 243, 1027343)      14.25          0     0     1     1
(3253, 243, 1027343)     14.333          0     0     1     1
(3253, 243, 1027343)     18.333          0     0     1     1
(3109, 245, 1027343)       16.0          0     0     1     1
(3109, 245, 1027343)     16.167          0     0     1     1
(3109, 245, 1027343)     18.167          0     0     1     1
(2869, 249, 1027343)     16.083          0     0     1     1
(2869, 249, 1027343)     18.167          0     0     1     2
(2869, 249, 1027343)       20.0          0     0     1     1
(2869, 249, 1027343)     20.333          0     0     1     1
(2869, 249, 1027343)     28.167          0     0     1     1
(3111, 241, 1027343)     16.083          0     0     1     1
(3111, 241, 1027343)     20.083          0     0     1     1
(3111, 241, 1027343)      20.25          0     0     1     1
(3111, 241, 1027343)      22.25          0     0     1     2
(3111, 241, 1027343)     24.167          0     0     1     2
(3111, 241, 1027343)      28.25          0     0     1     1
(3111, 241, 1027343)     30.083          0     0     0     1
(3111, 241, 1027343)     30.333          0     0     1     1
(3765, 241, 1027343)     16.083          0     0     1     1
(3765, 241, 1027343)     16.167          0     0     1     1
(3765, 241, 1027343)     18.333          0     0     1     1
(3765, 241, 1027343)     20.083          0     0     1     1
(3765, 241, 1027343)     20.167          0     0     1     1
(3765, 241, 1027343)      20.25          0     0     1     2
(3765, 241, 1027343)     20.333          0     0     1     2
(3765, 241, 1027343)     20.417          0     0     1     4
(3765, 241, 1027343)     20.583          0     0     1     1
(3765, 241, 1027343)      22.25          0     0     1     4
(3765, 241, 1027343)     22.333          0     0     1     3
(3765, 241, 1027343)     22.417          0     0     1     1
(3765, 241, 1027343)     24.167          0     0     1     1
(3765, 241, 1027343)      24.25          0     0     1     1
(3765, 241, 1027343)     24.333          0     0     1     3
(3765, 241, 1027343)      28.25          0     0     1     1
(3765, 241, 1027343)       28.5          0     0     1     1
(3765, 241, 1027343)       30.5          0     0     1     1
(3285, 209, 1027343)     16.083          0     0     1     2
(3285, 209, 1027343)     18.083          0     0     1     1
(3285, 209, 1027343)     18.167          0     0     1     2
(3237, 161, 1027343)     16.083          0     0     1     1
(3237, 161, 1027343)     16.167          0     0     1     1
(3237, 161, 1027343)      24.25          0     0     1     1
(3237, 161, 1027343)     28.417          0     0     1     1
(3749, 241, 1027343)     16.167          0     0     1     1
(3749, 241, 1027343)     16.333          0     0     1     1
(3749, 241, 1027343)     22.333          0     0     1     1
(3749, 241, 1027343)     22.417          0     0     1     2
(3749, 241, 1027343)     24.417          0     0     1     2
(3749, 241, 1027343)       24.5          0     0     1     1
(3749, 241, 1027343)     26.417          0     0     1     1
(3749, 241, 1027343)     28.333          0     0     1     1
(3749, 241, 1027343)      30.25          0     0     1     1
(3749, 241, 1027343)     32.417          0     0     0     1
(3365, 249, 1027343)     16.167          0     0     1     1
(3365, 249, 1027343)      22.25          0     0     1     1
(3365, 249, 1027343)      26.25          0     0     1     1
(3237, 241, 1027343)     16.167          0     0     1     1
(3237, 241, 1027343)     18.167          0     0     1     1
(3237, 241, 1027343)     20.167          0     0     1     2
(3237, 241, 1027343)     22.167          0     0     1     3
(3237, 241, 1027343)      22.25          0     0     1     3
(3237, 241, 1027343)     22.333          0     0     1     1
(3237, 241, 1027343)     22.417          0     0     1     1
(3237, 241, 1027343)     24.083          0     0     1     2
(3237, 241, 1027343)     24.167          0     0     1     3
(3237, 241, 1027343)      24.25          0     0     1     3
(3237, 241, 1027343)     24.333          0     0     1     1
(3237, 241, 1027343)     24.417          0     0     1     1
(3237, 241, 1027343)     26.083          0     0     1     1
(3237, 241, 1027343)     26.167          0     0     1     2
(3237, 241, 1027343)      26.25          0     0     1     2
(3237, 241, 1027343)     26.333          0     0     1     2
(3237, 241, 1027343)     26.417          0     0     1     1
(3237, 241, 1027343)     28.167          0     0     1     1
(3237, 241, 1027343)     28.333          0     0     1     1
(3237, 241, 1027343)     30.333          0     0     1     1
(3237, 241, 1027343)     32.333          0     0     1     1
(4021, 241, 1027343)     16.167          0     0     1     1
(4021, 241, 1027343)     18.167          0     0     1     1
(4021, 241, 1027343)      20.25          0     0     1     2
(4021, 241, 1027343)      22.25          0     0     1     1
(4021, 241, 1027343)     22.333          0     0     1     1
(4021, 241, 1027343)     24.417          0     0     0     1
(4021, 241, 1027343)     24.417          0     0     1     2
(3237, 243, 1027343)     16.167          0     0     1     1
(3237, 243, 1027343)      18.25          0     0     1     1
(3237, 243, 1027343)     20.167          0     0     1     1
(3237, 243, 1027343)     26.167          0     0     1     1
(3125, 241, 1027343)     16.167          0     0     1     2
(3125, 241, 1027343)      16.25          0     0     1     1
(3125, 241, 1027343)     16.333          0     0     1     2
(3125, 241, 1027343)     18.167          0     0     1     1
(3125, 241, 1027343)     20.167          0     0     1     1
(3125, 241, 1027343)      20.25          0     0     1     1
(3125, 241, 1027343)      22.25          0     0     1     1
(3125, 241, 1027343)     22.417          0     0     1     1
(3125, 241, 1027343)      24.25          0     0     1     2
(3125, 241, 1027343)      26.25          0     0     1     1
(3861, 241, 1027343)     16.167          0     0     1     2
(3861, 241, 1027343)      16.25          0     0     1     1
(3861, 241, 1027343)     20.167          0     0     1     1
(3861, 241, 1027343)      20.25          0     0     1     1
(3861, 241, 1027343)      24.25          0     0     1     1
(3861, 241, 1027343)     24.333          0     0     1     1
(3861, 241, 1027343)     26.167          0     0     1     2
(3253, 241, 1027343)     16.167          0     0     1     1
(3253, 241, 1027343)      16.25          0     0     1     1
(3253, 241, 1027343)     16.333          0     0     1     2
(3253, 241, 1027343)      22.25          0     0     1     1
(3253, 241, 1027343)     22.333          0     0     1     1
(3253, 241, 1027343)     22.417          0     0     1     2
(3253, 241, 1027343)     24.167          0     0     1     1
(3253, 241, 1027343)     24.333          0     0     1     1
(3253, 241, 1027343)     24.583          0     0     1     1
(3253, 241, 1027343)       26.5          0     0     1     1
(3253, 241, 1027343)     28.167          0     0     1     1
(3253, 241, 1027343)     28.333          0     0     1     1
(3253, 241, 1027343)     28.417          0     0     1     1
(3637, 241, 1027343)     16.167          0     0     1     1
(3637, 241, 1027343)     20.083          0     0     1     1
(3637, 241, 1027343)      22.25          0     0     1     1
(3637, 241, 1027343)     24.167          0     0     1     1
(3637, 241, 1027343)     26.417          0     0     1     1
(3637, 241, 1027343)     30.583          0     0     1     1
(3269, 243, 1027343)     16.167          0     0     1     1
(3269, 243, 1027343)      22.25          0     0     1     1
(3509, 251, 1027343)     16.167          0     0     1     1
(3701, 241, 1027343)     16.167          0     0     1     1
(3365, 241, 1027343)     16.167          0     0     1     1
(3365, 241, 1027343)      18.25          0     0     1     3
(3365, 241, 1027343)      28.25          0     0     1     3
(3365, 241, 1027343)     30.333          0     0     1     1
(3365, 241, 1027343)     32.417          0     0     1     1
(3239, 225, 1027343)     16.167          0     0     1     1
(3239, 225, 1027343)     18.083          0     0     1     1
(3239, 225, 1027343)      18.25          0     0     1     1
(3239, 225, 1027343)     18.333          0     0     1     1
(3239, 225, 1027343)     20.333          0     0     1     2
(3239, 225, 1027343)     22.167          0     0     1     1
(3361, 225, 1027343)     16.167          0     0     1     1
(3715, 99, 1027343)      16.167          0     0     1     1
(3715, 99, 1027343)       22.25          0     0     1     1
(3365, 225, 1027343)     16.167          0     0     1     1
(3365, 225, 1027343)      22.25          0     0     1     1
(3621, 249, 1027343)      16.25          0     0     1     1
(3621, 249, 1027343)     26.167          0     0     1     1
(3349, 243, 1027343)      16.25          0     0     1     1
(3349, 243, 1027343)     18.167          0     0     1     2
(3349, 243, 1027343)      20.25          0     0     1     1
(3349, 243, 1027343)     20.333          0     0     1     1
(2725, 245, 1027343)      16.25          0     0     1     1
(2725, 245, 1027343)     18.333          0     0     1     1
(2725, 245, 1027343)     20.167          0     0     1     1
(3285, 241, 1027343)      16.25          0     0     1     1
(3285, 241, 1027343)     16.333          0     0     1     1
(3285, 241, 1027343)     18.167          0     0     1     1
(3285, 241, 1027343)     24.083          0     0     1     1
(3285, 241, 1027343)     28.167          0     0     1     1
(2741, 249, 1027343)      16.25          0     0     1     1
(2741, 249, 1027343)      18.25          0     0     1     2
(2741, 249, 1027343)      20.25          0     0     0     1
(2741, 249, 1027343)      20.25          0     0     1     1
(2741, 249, 1027343)      22.25          0     0     1     1
(2741, 249, 1027343)     22.333          0     0     1     1
(3943, 113, 1027343)      16.25          0     0     1     1
(3715, 97, 1027343)       16.25          0     0     1     1
(3715, 97, 1027343)       20.25          0     0     1     1
(2709, 243, 1027343)     16.333          0     0     1     1
(3301, 243, 1027343)     16.333          0     0     1     1
(3301, 243, 1027343)     20.333          0     0     1     1
(3301, 243, 1027343)      22.25          0     0     1     1
(3301, 243, 1027343)     26.083          0     0     1     1
(3621, 227, 1027343)     16.333          0     0     1     1
(3621, 227, 1027343)     18.417          0     0     1     1
(3749, 255, 1027343)     16.417          0     0     1     1
(3205, 241, 1027343)       18.0          0     0     1     3
(3205, 241, 1027343)     18.083          0     0     1     5
(3205, 241, 1027343)     18.167          0     0     1     2
(3205, 241, 1027343)       20.0          0     0     1     2
(3205, 241, 1027343)     20.083          0     0     1     2
(3205, 241, 1027343)     20.167          0     0     1     3
(3205, 241, 1027343)       22.0          0     0     1     1
(3205, 241, 1027343)     22.083          0     0     1     2
(3205, 241, 1027343)     22.167          0     0     1     2
(3205, 241, 1027343)      22.25          0     0     1     2
(3205, 241, 1027343)     22.333          0     0     1     2
(3205, 241, 1027343)       24.0          0     0     1     1
(3205, 241, 1027343)     24.083          0     0     1     5
(3205, 241, 1027343)     24.167          0     0     1     2
(3205, 241, 1027343)      24.25          0     0     1     1
(3205, 241, 1027343)     26.167          0     0     1     1
(3205, 241, 1027343)     28.167          0     0     1     1
(3205, 241, 1027343)     28.333          0     0     1     1
(3205, 241, 1027343)     30.167          0     0     1     1
(3431, 113, 1027343)       18.0          0     0     1     1
(3175, 245, 1027343)     18.083          0     0     0     1
(3725, 241, 1027343)     18.083          0     0     0     1
(3877, 249, 1027343)     18.083          0     0     1     1
(3877, 249, 1027343)      18.25          0     0     1     1
(3877, 249, 1027343)     22.083          0     0     1     1
(3877, 249, 1027343)     22.417          0     0     1     2
(2727, 253, 1027343)     18.083          0     0     1     1
(2727, 253, 1027343)      18.25          0     0     1     1
(2727, 253, 1027343)     20.167          0     0     0     1
(2727, 253, 1027343)      20.25          0     0     1     1
(2727, 253, 1027343)      24.25          0     0     1     1
(2357, 249, 1027343)     18.083          0     0     1     1
(2357, 249, 1027343)     22.083          0     0     1     1
(2357, 249, 1027343)     22.167          0     0     1     1
(2357, 249, 1027343)     24.083          0     0     1     1
(2357, 249, 1027343)     26.167          0     0     1     1
(3253, 233, 1027343)     18.083          0     0     1     1
(2727, 245, 1027343)     18.083          0     0     1     2
(2727, 245, 1027343)     20.083          0     0     1     1
(2727, 245, 1027343)     24.167          0     0     1     1
(2727, 245, 1027343)      30.25          0     0     1     1
(3861, 113, 1027343)     18.083          0     0     1     1
(3861, 113, 1027343)     22.417          0     0     1     1
(3717, 225, 1027343)     18.083          0     0     1     1
(3717, 225, 1027343)     18.167          0     0     1     1
(3717, 225, 1027343)     20.167          0     0     1     1
(3717, 225, 1027343)     20.333          0     0     1     1
(3717, 225, 1027343)       22.0          0     0     1     1
(3717, 225, 1027343)     22.083          0     0     1     1
(3717, 225, 1027343)     26.167          0     0     1     1
(3173, 243, 1027343)     18.167          0     0     1     2
(3173, 241, 1027343)     18.167          0     0     1     2
(3173, 241, 1027343)      18.25          0     0     1     2
(3173, 241, 1027343)     20.083          0     0     1     2
(3173, 241, 1027343)     20.167          0     0     1     2
(3173, 241, 1027343)      20.25          0     0     1     1
(3173, 241, 1027343)     20.333          0     0     1     1
(3173, 241, 1027343)      22.25          0     0     1     1
(3173, 241, 1027343)     24.083          0     0     1     2
(3173, 241, 1027343)     24.167          0     0     1     2
(3173, 241, 1027343)     26.167          0     0     1     1
(3173, 241, 1027343)      26.25          0     0     1     1
(3173, 241, 1027343)      28.25          0     0     1     1
(3173, 241, 1027343)     28.333          0     0     1     1
(3125, 249, 1027343)     18.167          0     0     1     1
(3125, 249, 1027343)     18.333          0     0     1     1
(3125, 249, 1027343)      20.25          0     0     1     1
(3125, 249, 1027343)     22.167          0     0     1     1
(3125, 249, 1027343)      22.25          0     0     1     1
(3125, 249, 1027343)      24.25          0     0     1     1
(3797, 249, 1027343)     18.167          0     0     1     1
(3797, 249, 1027343)      22.25          0     0     1     1
(3797, 249, 1027343)      24.25          0     0     1     1
(4005, 243, 1027343)     18.167          0     0     1     1
(3157, 241, 1027343)     18.167          0     0     1     2
(3157, 241, 1027343)     20.167          0     0     1     2
(3157, 241, 1027343)     22.083          0     0     1     1
(3829, 241, 1027343)     18.167          0     0     1     1
(3299, 225, 1027343)     18.167          0     0     0     1
(3107, 97, 1027343)      18.167          0     0     1     1
(3107, 97, 1027343)       20.25          0     0     1     1
(3941, 241, 1027343)     18.167          0     0     1     1
(3941, 241, 1027343)      20.25          0     0     1     1
(3877, 121, 1027343)     18.167          0     0     1     2
(3863, 241, 1027343)     18.167          0     0     1     1
(3863, 241, 1027343)     24.167          0     0     1     1
(3655, 225, 1027343)     18.167          0     0     1     1
(3655, 225, 1027343)      18.25          0     0     1     1
(3655, 225, 1027343)     20.083          0     0     1     1
(3655, 225, 1027343)     20.333          0     0     1     1
(3239, 241, 1027343)     18.167          0     0     1     1
(3239, 241, 1027343)      20.25          0     0     1     1
(3239, 241, 1027343)     20.333          0     0     1     1
(3239, 241, 1027343)     22.333          0     0     1     1
(3239, 241, 1027343)     24.333          0     0     1     1
(3239, 241, 1027343)     28.333          0     0     1     1
(3239, 241, 1027343)     28.417          0     0     1     1
(3239, 241, 1027343)       30.5          0     0     1     1
(3239, 241, 1027343)       32.5          0     0     1     1
(3621, 99, 1027343)      18.167          0     0     1     1
(2709, 251, 1027343)      18.25          0     0     1     1
(2709, 251, 1027343)     20.333          0     0     1     1
(3109, 241, 1027343)      18.25          0     0     1     1
(3109, 241, 1027343)       22.0          0     0     1     1
(3109, 241, 1027343)     22.083          0     0     1     3
(3109, 241, 1027343)     22.167          0     0     1     3
(3109, 241, 1027343)     22.333          0     0     1     1
(3109, 241, 1027343)     24.167          0     0     1     4
(3109, 241, 1027343)      24.25          0     0     1     2
(3109, 241, 1027343)     24.333          0     0     1     1
(3109, 241, 1027343)     26.083          0     0     1     2
(3109, 241, 1027343)     26.167          0     0     1     3
(3109, 241, 1027343)      26.25          0     0     1     4
(3109, 241, 1027343)     28.167          0     0     1     1
(3109, 241, 1027343)      30.25          0     0     1     1
(3109, 241, 1027343)     30.333          0     0     1     1
(3109, 241, 1027343)     32.167          0     0     1     1
(3109, 241, 1027343)     34.167          0     0     1     1
(3253, 121, 1027343)      18.25          0     0     1     1
(3797, 253, 1027343)      18.25          0     0     1     1
(3797, 253, 1027343)      26.25          0     0     1     1
(2725, 249, 1027343)      18.25          0     0     1     1
(3093, 243, 1027343)      18.25          0     0     1     1
(3093, 243, 1027343)     20.333          0     0     1     1
(3237, 233, 1027343)      18.25          0     0     1     1
(3237, 233, 1027343)       20.0          0     0     1     1
(3237, 233, 1027343)     20.167          0     0     1     1
(3237, 233, 1027343)      20.25          0     0     1     1
(3237, 233, 1027343)     24.167          0     0     1     1
(3237, 233, 1027343)     26.167          0     0     1     1
(3911, 225, 1027343)      18.25          0     0     1     2
(3911, 225, 1027343)     26.167          0     0     1     1
(3753, 99, 1027343)       18.25          0     0     1     1
(3893, 241, 1027343)     18.333          0     0     1     1
(3893, 241, 1027343)      20.25          0     0     1     2
(3893, 241, 1027343)     20.333          0     0     1     2
(3893, 241, 1027343)       22.5          0     0     1     1
(3893, 241, 1027343)     26.333          0     0     1     1
(3893, 241, 1027343)     26.417          0     0     1     1
(3239, 253, 1027343)     18.333          0     0     1     1
(3143, 241, 1027343)     18.333          0     0     1     1
(3143, 241, 1027343)     20.083          0     0     1     1
(3143, 241, 1027343)      22.25          0     0     1     1
(3175, 113, 1027343)     18.333          0     0     1     1
(3175, 113, 1027343)     28.417          0     0     1     1
(3175, 249, 1027343)     18.417          0     0     1     1
(2725, 241, 1027343)     18.417          0     0     1     1
(2725, 241, 1027343)     22.083          0     0     1     1
(2725, 241, 1027343)     22.167          0     0     1     1
(2725, 241, 1027343)      22.25          0     0     1     2
(2725, 241, 1027343)     22.333          0     0     1     3
(2725, 241, 1027343)      24.25          0     0     1     1
(2725, 241, 1027343)      26.25          0     0     1     1
(2725, 241, 1027343)     28.417          0     0     1     1
(2725, 241, 1027343)     30.417          0     0     1     2
(3589, 241, 1027343)       20.0          0     0     1     1
(3589, 241, 1027343)     30.083          0     0     0     1
(3589, 241, 1027343)     30.167          0     0     1     1
(3269, 227, 1027343)       20.0          0     0     1     1
(3141, 241, 1027343)       20.0          0     0     1     1
(3141, 241, 1027343)     20.083          0     0     1     1
(3141, 241, 1027343)     22.167          0     0     1     1
(3301, 225, 1027343)     20.083          0     0     1     1
(3589, 245, 1027343)     20.083          0     0     1     1
(3335, 225, 1027343)     20.083          0     0     1     1
(3175, 241, 1027343)     20.083          0     0     0     1
(3175, 241, 1027343)      20.25          0     0     1     2
(3175, 241, 1027343)      22.25          0     0     1     2
(3175, 241, 1027343)     22.417          0     0     1     1
(3175, 241, 1027343)     24.083          0     0     1     1
(3175, 241, 1027343)       24.5          0     0     1     1
(3175, 241, 1027343)      28.25          0     0     1     1
(3813, 241, 1027343)     20.083          0     0     1     1
(3107, 225, 1027343)     20.083          0     0     1     1
(3107, 225, 1027343)      22.25          0     0     1     1
(3107, 225, 1027343)     22.333          0     0     1     1
(4053, 253, 1027343)     20.167          0     0     1     1
(3893, 249, 1027343)     20.167          0     0     1     1
(3893, 249, 1027343)       20.5          0     0     1     2
(3893, 249, 1027343)     22.333          0     0     1     1
(3893, 249, 1027343)     24.333          0     0     1     1
(3077, 241, 1027343)     20.167          0     0     1     1
(3077, 241, 1027343)       22.0          0     0     1     1
(3077, 241, 1027343)     22.083          0     0     1     2
(3077, 241, 1027343)     24.083          0     0     1     2
(3077, 241, 1027343)     24.167          0     0     1     2
(3077, 241, 1027343)      24.25          0     0     1     1
(3077, 241, 1027343)     26.083          0     0     1     1
(3077, 241, 1027343)     26.167          0     0     1     4
(3077, 241, 1027343)      26.25          0     0     1     1
(3077, 241, 1027343)     26.333          0     0     1     1
(3077, 241, 1027343)     28.167          0     0     1     1
(3077, 241, 1027343)      28.25          0     0     1     1
(3077, 241, 1027343)     28.333          0     0     1     1
(3077, 241, 1027343)      30.25          0     0     1     1
(3077, 241, 1027343)     30.417          0     0     1     1
(3077, 241, 1027343)     32.167          0     0     1     1
(3077, 241, 1027343)      32.25          0     0     1     1
(3681, 241, 1027343)     20.167          0     0     1     1
(3207, 225, 1027343)     20.167          0     0     1     2
(3207, 225, 1027343)       22.0          0     0     1     1
(3207, 225, 1027343)     24.333          0     0     1     1
(3621, 241, 1027343)     20.167          0     0     1     2
(3621, 241, 1027343)      20.25          0     0     1     1
(3621, 241, 1027343)     20.333          0     0     1     1
(3621, 241, 1027343)     22.083          0     0     1     3
(3621, 241, 1027343)     22.167          0     0     1     1
(3621, 241, 1027343)     24.083          0     0     1     1
(3621, 241, 1027343)      24.25          0     0     1     1
(3621, 241, 1027343)       26.0          0     0     1     1
(3621, 241, 1027343)     28.417          0     0     1     2
(3621, 225, 1027343)     20.167          0     0     1     1
(3829, 249, 1027343)      20.25          0     0     0     1
(3141, 249, 1027343)      20.25          0     0     1     1
(3141, 249, 1027343)     30.167          0     0     1     1
(3333, 243, 1027343)      20.25          0     0     1     1
(3333, 243, 1027343)      22.25          0     0     1     1
(3333, 243, 1027343)      24.25          0     0     1     1
(2997, 249, 1027343)      20.25          0     0     1     1
(3221, 241, 1027343)      20.25          0     0     1     1
(3221, 241, 1027343)       22.0          0     0     1     1
(3221, 241, 1027343)      22.25          0     0     1     1
(3221, 241, 1027343)     24.083          0     0     1     3
(3221, 241, 1027343)     24.167          0     0     1     1
(3221, 241, 1027343)      24.25          0     0     1     1
(3221, 241, 1027343)     24.333          0     0     1     1
(3221, 241, 1027343)     26.083          0     0     1     1
(3221, 241, 1027343)      28.25          0     0     1     1
(2245, 243, 1027343)      20.25          0     0     1     1
(2245, 243, 1027343)      24.25          0     0     0     1
(2741, 241, 1027343)      20.25          0     0     1     1
(2741, 241, 1027343)     20.333          0     0     1     1
(3365, 161, 1027343)      20.25          0     0     1     1
(3365, 161, 1027343)      24.25          0     0     1     1
(3753, 97, 1027343)       20.25          0     0     1     1
(3793, 245, 1027343)     20.333          0     0     1     1
(3943, 241, 1027343)     20.333          0     0     1     1
(2727, 241, 1027343)     20.333          0     0     1     1
(3685, 247, 1027343)       20.5          0     0     1     1
(3461, 241, 1027343)     22.083          0     0     1     1
(3461, 241, 1027343)     26.083          0     0     1     1
(3229, 241, 1027343)     22.083          0     0     1     1
(3229, 241, 1027343)     26.083          0     0     1     1
(3229, 241, 1027343)     26.167          0     0     1     1
(3205, 177, 1027343)     22.083          0     0     1     1
(3205, 177, 1027343)      32.25          0     0     1     1
(3207, 241, 1027343)     22.083          0     0     0     1
(3207, 241, 1027343)      22.25          0     0     1     1
(3207, 241, 1027343)     24.167          0     0     1     1
(3105, 225, 1027343)     22.083          0     0     1     1
(3105, 225, 1027343)     22.167          0     0     1     2
(3637, 249, 1027343)     22.167          0     0     1     1
(3637, 249, 1027343)      22.25          0     0     1     1
(2709, 241, 1027343)     22.167          0     0     1     1
(3399, 113, 1027343)     22.167          0     0     1     1
(3399, 113, 1027343)     22.333          0     0     1     1
(3399, 113, 1027343)     24.167          0     0     1     1
(3111, 225, 1027343)     22.167          0     0     1     1
(3111, 225, 1027343)      24.25          0     0     1     1
(3233, 225, 1027343)     22.167          0     0     1     1
(3233, 225, 1027343)      22.25          0     0     1     1
(3233, 225, 1027343)       24.0          0     0     1     1
(3233, 225, 1027343)     24.083          0     0     1     1
(3233, 225, 1027343)     24.167          0     0     1     1
(3233, 225, 1027343)     26.083          0     0     1     1
(3233, 225, 1027343)     26.167          0     0     1     1
(3233, 225, 1027343)     32.083          0     0     1     1
(3233, 225, 1027343)     32.333          0     0     1     1
(3369, 99, 1027343)      22.167          0     0     1     1
(3359, 113, 1027343)     22.167          0     0     1     1
(2357, 241, 1027343)      22.25          0     0     1     1
(2357, 241, 1027343)     26.333          0     0     1     1
(3893, 113, 1027343)      22.25          0     0     1     1
(3893, 113, 1027343)     24.167          0     0     1     1
(3893, 113, 1027343)      28.25          0     0     1     1
(3893, 113, 1027343)      30.25          0     0     1     1
(3493, 241, 1027343)      22.25          0     0     1     1
(3189, 241, 1027343)      22.25          0     0     1     1
(3239, 229, 1027343)      22.25          0     0     1     1
(2983, 245, 1027343)      22.25          0     0     1     1
(2983, 245, 1027343)       30.5          0     0     1     1
(3173, 249, 1027343)     22.333          0     0     1     1
(3861, 243, 1027343)     22.333          0     0     1     1
(3623, 225, 1027343)     22.333          0     0     1     1
(3171, 113, 1027343)     22.333          0     0     1     1
(3171, 113, 1027343)      24.25          0     0     1     1
(3461, 249, 1027343)     22.417          0     0     1     1
(3621, 243, 1027343)     22.417          0     0     1     1
(3303, 241, 1027343)     22.417          0     0     1     1
(3303, 241, 1027343)     24.167          0     0     0     1
(3303, 241, 1027343)     26.333          0     0     1     1
(2983, 241, 1027343)     22.417          0     0     1     1
(3869, 113, 1027343)     22.417          0     0     1     1
(3235, 97, 1027343)        22.5          0     0     1     1
(3397, 225, 1027343)       24.0          0     0     1     1
(3655, 97, 1027343)      24.083          0     0     1     1
(3685, 249, 1027343)     24.083          0     0     1     1
(3685, 249, 1027343)     24.167          0     0     1     1
(3685, 249, 1027343)      26.25          0     0     1     1
(3205, 249, 1027343)     24.167          0     0     1     1
(3079, 225, 1027343)     24.167          0     0     1     1
(3079, 225, 1027343)     24.333          0     0     1     1
(3079, 225, 1027343)     26.333          0     0     1     1
(3079, 225, 1027343)     28.167          0     0     1     1
(3079, 225, 1027343)      28.25          0     0     1     1
(3079, 225, 1027343)     34.083          0     0     1     1
(3205, 225, 1027343)     24.167          0     0     1     1
(3109, 243, 1027343)     24.167          0     0     1     1
(3591, 225, 1027343)     24.167          0     0     1     1
(3591, 225, 1027343)     26.167          0     0     1     1
(3591, 225, 1027343)      26.25          0     0     1     1
(3175, 209, 1027343)     24.167          0     0     1     1
(3237, 177, 1027343)     24.167          0     0     1     1
(3237, 177, 1027343)     28.167          0     0     1     1
(3237, 177, 1027343)     30.417          0     0     1     1
(3237, 177, 1027343)     34.333          0     0     1     1
(3723, 97, 1027343)      24.167          0     0     1     1
(3077, 113, 1027343)      24.25          0     0     1     1
(3077, 113, 1027343)     28.333          0     0     1     1
(3077, 113, 1027343)     30.167          0     0     1     1
(3077, 113, 1027343)      30.25          0     0     1     1
(3589, 97, 1027343)       24.25          0     0     1     1
(3621, 113, 1027343)      24.25          0     0     1     1
(3621, 113, 1027343)      28.25          0     0     1     1
(2845, 241, 1027343)      24.25          0     0     1     1
(2845, 241, 1027343)     26.417          0     0     1     1
(2845, 241, 1027343)     28.667          0     0     1     1
(3717, 243, 1027343)     24.333          0     0     1     1
(2741, 225, 1027343)     24.333          0     0     1     1
(2597, 225, 1027343)     24.333          0     0     1     1
(2693, 225, 1027343)     24.333          0     0     1     1
(2841, 113, 1027343)     24.333          0     0     1     1
(2841, 113, 1027343)     26.167          0     0     1     1
(2841, 113, 1027343)      26.25          0     0     1     1
(3365, 177, 1027343)     24.333          0     0     1     1
(3365, 177, 1027343)     28.583          0     0     1     1
(3297, 241, 1027343)     24.417          0     0     1     1
(3413, 241, 1027343)       24.5          0     0     1     1
(3109, 225, 1027343)     26.083          0     0     1     1
(3109, 225, 1027343)     32.167          0     0     1     1
(3361, 227, 1027343)     26.083          0     0     1     1
(2181, 241, 1027343)     26.167          0     0     0     1
(2181, 241, 1027343)     30.167          0     0     0     2
(2181, 241, 1027343)      30.25          0     0     0     1
(3077, 177, 1027343)     26.167          0     0     1     1
(3077, 177, 1027343)      32.25          0     0     1     1
(3747, 97, 1027343)      26.167          0     0     1     1
(2437, 241, 1027343)      26.25          0     0     1     1
(3173, 113, 1027343)      26.25          0     0     1     1
(3397, 241, 1027343)      26.25          0     0     1     1
(3397, 241, 1027343)      28.25          0     0     1     1
(3589, 113, 1027343)      26.25          0     0     1     1
(3621, 177, 1027343)      26.25          0     0     1     1
(3621, 177, 1027343)     28.333          0     0     1     1
(3237, 113, 1027343)      26.25          0     0     1     1
(3237, 113, 1027343)     34.417          0     0     1     1
(3621, 161, 1027343)      26.25          0     0     1     1
(3621, 161, 1027343)     30.167          0     0     1     1
(4053, 249, 1027343)     26.333          0     0     1     1
(4053, 249, 1027343)     26.667          0     0     1     1
(3749, 227, 1027343)     26.333          0     0     1     1
(3911, 241, 1027343)     26.333          0     0     1     1
(3143, 113, 1027343)     26.333          0     0     1     1
(3749, 177, 1027343)     26.333          0     0     1     1
(3717, 97, 1027343)      26.333          0     0     1     1
(4021, 253, 1027343)     26.417          0     0     1     1
(3349, 241, 1027343)     26.417          0     0     1     1
(2845, 245, 1027343)       26.5          0     0     1     1
(2845, 245, 1027343)     32.417          0     0     1     1
(2661, 243, 1027343)       26.5          0     0     1     1
(3625, 99, 1027343)        26.5          0     0     1     1
(3597, 241, 1027343)     26.667          0     0     1     1
(3087, 225, 1027343)       28.0          0     0     1     1
(2245, 241, 1027343)       28.0          0     0     0     1
(3077, 243, 1027343)     28.083          0     0     1     1
(2693, 241, 1027343)     28.167          0     0     1     1
(1637, 241, 1027343)     28.167          0     0     0     1
(3749, 233, 1027343)     28.167          0     0     1     1
(3239, 233, 1027343)     28.167          0     0     1     1
(3141, 225, 1027343)     28.167          0     0     1     1
(2829, 113, 1027343)      28.25          0     0     1     1
(2829, 113, 1027343)     30.333          0     0     1     1
(2829, 113, 1027343)     34.417          0     0     1     1
(2585, 113, 1027343)      28.25          0     0     1     1
(3429, 241, 1027343)     28.333          0     0     1     1
(3381, 241, 1027343)     28.333          0     0     0     1
(3252, 249, 1027343)     28.333          0     0     0     1
(3597, 113, 1027343)     28.333          0     0     1     1
(3631, 97, 1027343)      28.333          0     0     1     1
(4021, 245, 1027343)       28.5          0     0     1     1
(3109, 161, 1027343)       28.5          0     0     1     1
(2839, 113, 1027343)       30.0          0     0     1     1
(3075, 97, 1027343)      30.083          0     0     1     1
(3075, 97, 1027343)      30.333          0     0     1     1
(2051, 97, 1027343)      30.083          0     0     0     1
(2051, 97, 1027343)      34.333          0     0     0     1
(3587, 225, 1027343)     30.167          0     0     1     1
(3205, 161, 1027343)     30.167          0     0     1     1
(3137, 225, 1027343)     30.333          0     0     1     1
(3877, 113, 1027343)     30.333          0     0     1     1
(3877, 113, 1027343)     32.167          0     0     1     1
(3589, 161, 1027343)     30.333          0     0     1     1
(3333, 241, 1027343)     30.417          0     0     1     1
(3073, 225, 1027343)     32.083          0     0     1     1
(3073, 225, 1027343)      32.25          0     0     1     1
(2593, 241, 1027343)     32.167          0     0     1     1
(3713, 161, 1027343)     32.167          0     0     1     1
(2597, 241, 1027343)      32.25          0     0     1     1
(3265, 225, 1027343)     32.333          0     0     0     1
(3893, 115, 1027343)     32.417          0     0     1     1
(3589, 225, 1027343)     32.583          0     0     1     1
(3109, 249, 1027343)      36.25          0     0     1     1
(2845, 113, 1027343)     40.417          0     0     1     1
