inputs: [1027343]/1000 samples
product                 energy   A*B=out      cfhs    chains  num 
(3237, 249, 1027343)     10.167          0     0     1     1
(3237, 249, 1027343)     16.167          0     0     1     1
(3237, 249, 1027343)     16.333          0     0     1     1
(3237, 249, 1027343)     18.083          0     0     1     1
(3237, 249, 1027343)     18.167          0     0     1     2
(3237, 249, 1027343)      18.25          0     0     1     2
(3237, 249, 1027343)     22.167          0     0     1     2
(3237, 249, 1027343)     24.083          0     0     1     1
(3237, 249, 1027343)     24.417          0     0     1     1
(3749, 227, 1027343)     10.167          0     0     1     1
(3227, 237, 1027343)      10.25          0     0     1     1
(3733, 243, 1027343)      10.25          0     0     1     1
(3733, 243, 1027343)     16.167          0     0     1     1
(3733, 243, 1027343)     18.167          0     0     1     1
(3733, 243, 1027343)     20.333          0     0     1     1
(4053, 243, 1027343)     10.333          0     0     1     1
(4053, 243, 1027343)     16.417          0     0     1     1
(3717, 243, 1027343)       12.0          0     0     1     1
(3717, 243, 1027343)     14.083          0     0     1     2
(3717, 243, 1027343)     16.167          0     0     1     1
(3717, 243, 1027343)     18.167          0     0     1     1
(3717, 243, 1027343)     20.167          0     0     1     1
(3717, 243, 1027343)      24.25          0     0     0     1
(3797, 243, 1027343)       12.0          0     0     1     1
(3797, 243, 1027343)     16.083          0     0     1     1
(3797, 243, 1027343)     16.333          0     0     1     1
(3797, 243, 1027343)     18.333          0     0     1     1
(3797, 243, 1027343)     24.333          0     0     1     1
(2733, 253, 1027343)     12.083          0     0     1     1
(2731, 253, 1027343)     12.083          0     0     1     1
(3815, 253, 1027343)     12.083          0     0     1     1
(4013, 245, 1027343)     12.083          0     0     1     1
(3749, 253, 1027343)     12.167          0     0     1     2
(3749, 253, 1027343)     14.083          0     0     1     1
(3749, 253, 1027343)     14.167          0     0     1     1
(3749, 253, 1027343)      14.25          0     0     1     2
(3749, 253, 1027343)     16.167          0     0     1     1
(3749, 253, 1027343)      16.25          0     0     1     1
(3749, 253, 1027343)     22.333          0     0     1     1
(3749, 253, 1027343)      26.25          0     0     1     1
(3749, 249, 1027343)     12.167          0     0     1     2
(3749, 249, 1027343)     14.083          0     0     1     1
(3749, 249, 1027343)     14.167          0     0     1     1
(3749, 249, 1027343)     14.417          0     0     1     1
(3749, 249, 1027343)     16.167          0     0     1     3
(3749, 249, 1027343)     16.417          0     0     1     1
(3749, 249, 1027343)     18.083          0     0     1     1
(3749, 249, 1027343)     18.167          0     0     1     2
(3749, 249, 1027343)      18.25          0     0     1     1
(3749, 249, 1027343)     18.417          0     0     1     2
(3749, 249, 1027343)     20.333          0     0     1     1
(3749, 249, 1027343)     22.083          0     0     1     1
(3749, 249, 1027343)     22.167          0     0     1     2
(3749, 249, 1027343)     22.333          0     0     1     2
(3749, 249, 1027343)     24.333          0     0     1     1
(3749, 249, 1027343)       24.5          0     0     1     1
(3749, 249, 1027343)       26.5          0     0     1     1
(3123, 241, 1027343)     12.167          0     0     1     1
(4073, 181, 1027343)     12.167          0     0     1     1
(3557, 245, 1027343)     12.167          0     0     1     1
(4069, 247, 1027343)      12.25          0     0     1     1
(3525, 243, 1027343)      12.25          0     0     1     1
(3829, 249, 1027343)      12.25          0     0     1     1
(3829, 249, 1027343)     18.333          0     0     1     1
(3829, 249, 1027343)     20.333          0     0     1     1
(3829, 249, 1027343)     24.333          0     0     1     1
(3733, 211, 1027343)      12.25          0     0     1     1
(3141, 115, 1027343)      12.25          0     0     1     1
(4079, 249, 1027343)     12.333          0     0     1     1
(3243, 253, 1027343)       14.0          0     0     0     1
(4005, 253, 1027343)     14.083          0     0     1     2
(3717, 241, 1027343)     14.083          0     0     1     1
(3717, 241, 1027343)     16.083          0     0     1     1
(3717, 241, 1027343)       18.0          0     0     1     2
(3717, 241, 1027343)     18.083          0     0     1     6
(3717, 241, 1027343)     18.167          0     0     1     5
(3717, 241, 1027343)      18.25          0     0     1     1
(3717, 241, 1027343)       20.0          0     0     1     1
(3717, 241, 1027343)     20.083          0     0     1     4
(3717, 241, 1027343)     20.167          0     0     1     2
(3717, 241, 1027343)       22.0          0     0     1     1
(3717, 241, 1027343)     22.083          0     0     1     4
(3717, 241, 1027343)     22.167          0     0     1     2
(3717, 241, 1027343)      22.25          0     0     1     2
(3717, 241, 1027343)     22.333          0     0     1     2
(3717, 241, 1027343)     22.417          0     0     1     1
(3717, 241, 1027343)       22.5          0     0     1     1
(3717, 241, 1027343)     24.083          0     0     1     1
(3717, 241, 1027343)     24.167          0     0     1     1
(3717, 241, 1027343)      24.25          0     0     1     2
(3717, 241, 1027343)      26.25          0     0     1     2
(3717, 241, 1027343)     26.333          0     0     1     2
(3717, 241, 1027343)     26.417          0     0     1     1
(3717, 241, 1027343)     28.333          0     0     1     1
(3717, 241, 1027343)     34.417          0     0     0     1
(3821, 255, 1027343)     14.083          0     0     1     1
(3813, 253, 1027343)     14.083          0     0     1     1
(3813, 253, 1027343)     14.167          0     0     1     1
(3813, 253, 1027343)     20.333          0     0     1     1
(3253, 249, 1027343)     14.083          0     0     1     1
(3253, 249, 1027343)      14.25          0     0     1     2
(3253, 249, 1027343)      16.25          0     0     1     2
(3253, 249, 1027343)      18.25          0     0     1     1
(3253, 249, 1027343)     18.333          0     0     1     1
(3253, 249, 1027343)      20.25          0     0     1     1
(3253, 249, 1027343)       22.0          0     0     0     1
(3253, 249, 1027343)      22.25          0     0     0     1
(3253, 249, 1027343)     24.333          0     0     1     1
(3237, 247, 1027343)     14.083          0     0     1     1
(3141, 241, 1027343)     14.083          0     0     1     1
(3141, 241, 1027343)     24.167          0     0     1     1
(3757, 245, 1027343)     14.083          0     0     1     1
(3733, 251, 1027343)     14.083          0     0     1     1
(3733, 251, 1027343)     16.167          0     0     1     1
(3821, 245, 1027343)     14.083          0     0     1     1
(3821, 245, 1027343)       16.5          0     0     1     1
(3821, 245, 1027343)     36.333          0     0     0     1
(3749, 243, 1027343)     14.083          0     0     1     1
(3749, 243, 1027343)      14.25          0     0     1     1
(3749, 243, 1027343)     18.083          0     0     1     1
(3749, 243, 1027343)     18.167          0     0     1     1
(3749, 243, 1027343)      20.25          0     0     1     1
(3749, 243, 1027343)     20.333          0     0     1     1
(3749, 243, 1027343)       20.5          0     0     1     1
(3749, 243, 1027343)     22.417          0     0     1     1
(3749, 243, 1027343)       22.5          0     0     0     1
(3749, 243, 1027343)      24.25          0     0     1     1
(3749, 243, 1027343)     24.417          0     0     1     3
(3749, 243, 1027343)     32.583          0     0     0     1
(3669, 241, 1027343)     14.083          0     0     1     1
(3669, 241, 1027343)     20.417          0     0     1     1
(3669, 209, 1027343)     14.083          0     0     1     1
(3797, 247, 1027343)     14.167          0     0     1     1
(4069, 241, 1027343)     14.167          0     0     1     2
(4069, 241, 1027343)      22.25          0     0     1     1
(3045, 253, 1027343)     14.167          0     0     1     1
(3861, 241, 1027343)     14.167          0     0     1     1
(3861, 241, 1027343)      16.25          0     0     1     1
(3989, 209, 1027343)     14.167          0     0     1     1
(3989, 209, 1027343)      16.25          0     0     1     1
(3239, 217, 1027343)     14.167          0     0     1     1
(3767, 241, 1027343)     14.167          0     0     1     1
(3767, 241, 1027343)     24.167          0     0     1     1
(3813, 243, 1027343)      14.25          0     0     1     1
(3813, 243, 1027343)     16.083          0     0     1     1
(3813, 243, 1027343)       16.5          0     0     1     1
(3813, 243, 1027343)      32.25          0     0     1     1
(3285, 241, 1027343)      14.25          0     0     1     1
(3285, 241, 1027343)      18.25          0     0     1     1
(3285, 241, 1027343)      20.25          0     0     1     1
(3285, 241, 1027343)     20.333          0     0     1     2
(3285, 241, 1027343)     22.167          0     0     1     1
(3285, 241, 1027343)      22.25          0     0     1     1
(3285, 241, 1027343)     22.417          0     0     1     1
(3285, 241, 1027343)      26.25          0     0     1     1
(3285, 241, 1027343)     26.417          0     0     1     1
(3781, 243, 1027343)      14.25          0     0     1     1
(3781, 243, 1027343)     14.333          0     0     1     1
(3781, 243, 1027343)     18.333          0     0     1     1
(3781, 243, 1027343)     18.417          0     0     1     1
(3781, 243, 1027343)     20.167          0     0     1     1
(3781, 243, 1027343)       22.5          0     0     1     1
(3747, 245, 1027343)      14.25          0     0     1     1
(3765, 241, 1027343)      14.25          0     0     1     1
(3765, 241, 1027343)     16.083          0     0     1     1
(3765, 241, 1027343)     16.167          0     0     1     2
(3765, 241, 1027343)      16.25          0     0     1     1
(3765, 241, 1027343)     16.417          0     0     1     1
(3765, 241, 1027343)     18.417          0     0     1     1
(3765, 241, 1027343)     20.333          0     0     1     1
(3765, 241, 1027343)      22.25          0     0     1     2
(3765, 241, 1027343)     22.333          0     0     1     1
(3765, 241, 1027343)     22.417          0     0     1     1
(3765, 241, 1027343)      24.25          0     0     1     1
(3765, 241, 1027343)     24.333          0     0     1     2
(3765, 241, 1027343)     24.417          0     0     1     2
(3765, 241, 1027343)       24.5          0     0     1     1
(3765, 241, 1027343)       26.5          0     0     1     1
(3225, 241, 1027343)      14.25          0     0     1     1
(3813, 251, 1027343)     14.333          0     0     1     1
(3749, 251, 1027343)     14.333          0     0     1     1
(3749, 251, 1027343)     20.167          0     0     1     1
(3725, 243, 1027343)     14.333          0     0     1     1
(3725, 243, 1027343)       16.5          0     0     1     1
(4085, 243, 1027343)     14.417          0     0     1     1
(4085, 243, 1027343)     18.417          0     0     1     1
(3829, 253, 1027343)       16.0          0     0     1     1
(3719, 241, 1027343)       16.0          0     0     1     1
(3719, 241, 1027343)       20.0          0     0     1     1
(3719, 241, 1027343)     20.083          0     0     1     2
(3719, 241, 1027343)     20.167          0     0     1     2
(3719, 241, 1027343)     24.333          0     0     1     3
(3719, 241, 1027343)      26.25          0     0     1     1
(3173, 241, 1027343)       16.0          0     0     1     1
(3173, 241, 1027343)     22.167          0     0     1     1
(3173, 241, 1027343)     24.167          0     0     1     1
(3157, 241, 1027343)       16.0          0     0     1     1
(3157, 241, 1027343)     20.167          0     0     0     1
(3157, 241, 1027343)     20.167          0     0     1     1
(3157, 241, 1027343)      20.25          0     0     1     1
(3477, 249, 1027343)     16.083          0     0     1     1
(3269, 241, 1027343)     16.083          0     0     1     1
(3269, 241, 1027343)     18.083          0     0     1     1
(3269, 241, 1027343)      18.25          0     0     1     1
(3269, 241, 1027343)     18.333          0     0     1     1
(3269, 241, 1027343)     20.333          0     0     1     2
(3269, 241, 1027343)     22.083          0     0     1     1
(3269, 241, 1027343)      22.25          0     0     1     3
(3269, 241, 1027343)     22.333          0     0     1     2
(3269, 241, 1027343)      26.25          0     0     1     1
(3269, 241, 1027343)     26.333          0     0     1     1
(3269, 241, 1027343)     32.333          0     0     1     1
(3269, 241, 1027343)     32.583          0     0     1     1
(4037, 241, 1027343)     16.083          0     0     1     1
(4037, 241, 1027343)      20.25          0     0     1     1
(4037, 241, 1027343)     24.417          0     0     1     1
(3701, 249, 1027343)     16.083          0     0     1     1
(3725, 241, 1027343)     16.083          0     0     1     1
(3725, 241, 1027343)     16.167          0     0     1     1
(3725, 241, 1027343)     20.167          0     0     1     1
(3725, 241, 1027343)     24.083          0     0     1     1
(3725, 241, 1027343)      24.25          0     0     1     1
(3725, 241, 1027343)     24.333          0     0     0     1
(3725, 241, 1027343)     24.333          0     0     1     2
(3725, 241, 1027343)      26.25          0     0     1     1
(3315, 241, 1027343)     16.083          0     0     1     1
(3797, 241, 1027343)     16.083          0     0     1     1
(3797, 241, 1027343)     16.167          0     0     1     1
(3797, 241, 1027343)      18.25          0     0     1     2
(3797, 241, 1027343)     18.417          0     0     1     1
(3797, 241, 1027343)      20.25          0     0     1     1
(3797, 241, 1027343)      22.25          0     0     1     1
(3797, 241, 1027343)     22.333          0     0     1     1
(3797, 241, 1027343)     24.583          0     0     1     1
(4053, 251, 1027343)     16.167          0     0     1     1
(3797, 249, 1027343)     16.167          0     0     1     1
(3797, 249, 1027343)      20.25          0     0     1     1
(3797, 249, 1027343)     22.167          0     0     1     1
(2741, 249, 1027343)     16.167          0     0     1     1
(2741, 249, 1027343)     26.333          0     0     1     2
(3967, 253, 1027343)     16.167          0     0     1     1
(3301, 249, 1027343)     16.167          0     0     1     1
(3301, 249, 1027343)     18.333          0     0     1     1
(4005, 245, 1027343)     16.167          0     0     1     1
(3989, 241, 1027343)     16.167          0     0     1     1
(3733, 241, 1027343)     16.167          0     0     1     3
(3733, 241, 1027343)     18.083          0     0     1     1
(3733, 241, 1027343)     18.167          0     0     1     1
(3733, 241, 1027343)     20.167          0     0     1     1
(3733, 241, 1027343)     22.333          0     0     1     1
(3733, 241, 1027343)     22.417          0     0     1     1
(3733, 241, 1027343)     24.167          0     0     1     1
(3733, 241, 1027343)      24.25          0     0     1     1
(3733, 241, 1027343)     24.417          0     0     1     1
(3733, 241, 1027343)      26.25          0     0     1     1
(3781, 241, 1027343)     16.167          0     0     1     1
(3781, 241, 1027343)     18.167          0     0     1     1
(3781, 241, 1027343)     22.167          0     0     1     2
(3781, 241, 1027343)     22.333          0     0     1     2
(3781, 241, 1027343)     22.417          0     0     1     2
(3781, 241, 1027343)      26.25          0     0     1     1
(3781, 241, 1027343)     26.417          0     0     1     1
(3781, 241, 1027343)       26.5          0     0     1     1
(3781, 241, 1027343)       28.5          0     0     1     2
(3781, 241, 1027343)     30.417          0     0     1     1
(3237, 243, 1027343)     16.167          0     0     1     1
(3237, 243, 1027343)      16.25          0     0     1     1
(3237, 243, 1027343)      18.25          0     0     1     1
(3237, 243, 1027343)     20.333          0     0     1     1
(3237, 243, 1027343)     22.333          0     0     1     1
(3237, 243, 1027343)     24.333          0     0     0     1
(3509, 249, 1027343)     16.167          0     0     1     1
(3149, 241, 1027343)     16.167          0     0     1     1
(4071, 241, 1027343)     16.167          0     0     1     1
(3813, 241, 1027343)     16.167          0     0     1     1
(3813, 241, 1027343)      16.25          0     0     1     1
(3813, 241, 1027343)     20.167          0     0     1     3
(3813, 241, 1027343)      20.25          0     0     1     1
(3813, 241, 1027343)     20.333          0     0     1     1
(3813, 241, 1027343)     22.333          0     0     1     1
(3813, 241, 1027343)     22.417          0     0     1     1
(3813, 241, 1027343)     24.167          0     0     1     1
(3813, 241, 1027343)     26.333          0     0     1     1
(3285, 243, 1027343)     16.167          0     0     1     1
(3285, 243, 1027343)     20.167          0     0     1     1
(3755, 253, 1027343)     16.167          0     0     1     1
(3815, 241, 1027343)     16.167          0     0     1     1
(3815, 241, 1027343)      18.25          0     0     1     1
(4003, 177, 1027343)     16.167          0     0     1     1
(3749, 179, 1027343)     16.167          0     0     1     1
(3749, 211, 1027343)     16.167          0     0     1     1
(2725, 247, 1027343)      16.25          0     0     1     1
(3253, 121, 1027343)      16.25          0     0     1     1
(3781, 249, 1027343)      16.25          0     0     1     1
(3781, 249, 1027343)      22.25          0     0     1     1
(3765, 249, 1027343)      16.25          0     0     1     1
(3765, 249, 1027343)      18.25          0     0     1     1
(3765, 249, 1027343)     18.333          0     0     1     1
(3765, 249, 1027343)     20.167          0     0     1     1
(3765, 249, 1027343)     20.333          0     0     1     1
(3765, 249, 1027343)     20.417          0     0     1     1
(3765, 249, 1027343)     24.333          0     0     1     1
(3765, 249, 1027343)     24.583          0     0     1     1
(4053, 241, 1027343)      16.25          0     0     1     1
(4053, 241, 1027343)     16.333          0     0     1     1
(3781, 247, 1027343)      16.25          0     0     1     1
(3685, 249, 1027343)      16.25          0     0     1     1
(3271, 245, 1027343)      16.25          0     0     1     1
(3559, 249, 1027343)      16.25          0     0     1     1
(3213, 241, 1027343)      16.25          0     0     1     1
(3213, 241, 1027343)     18.167          0     0     1     1
(3213, 241, 1027343)     20.167          0     0     1     1
(3213, 241, 1027343)       22.5          0     0     1     1
(3829, 245, 1027343)      16.25          0     0     1     1
(3829, 245, 1027343)     26.167          0     0     1     1
(3829, 245, 1027343)      26.25          0     0     1     1
(3255, 249, 1027343)      16.25          0     0     1     1
(3785, 243, 1027343)      16.25          0     0     1     1
(2731, 241, 1027343)      16.25          0     0     1     1
(3119, 249, 1027343)     16.333          0     0     1     1
(4021, 249, 1027343)     16.333          0     0     1     1
(4021, 249, 1027343)     18.333          0     0     1     1
(4021, 249, 1027343)     22.417          0     0     1     1
(4021, 249, 1027343)     26.417          0     0     1     1
(2197, 243, 1027343)     16.333          0     0     1     1
(3245, 241, 1027343)     16.333          0     0     1     1
(3245, 241, 1027343)     18.333          0     0     1     2
(3245, 241, 1027343)     20.083          0     0     1     1
(3245, 241, 1027343)      20.25          0     0     1     2
(3245, 241, 1027343)     20.417          0     0     1     1
(3245, 241, 1027343)     22.167          0     0     0     1
(3245, 241, 1027343)      24.25          0     0     1     1
(3245, 241, 1027343)     24.417          0     0     1     1
(3245, 241, 1027343)      26.25          0     0     1     1
(3245, 241, 1027343)     28.333          0     0     1     1
(3253, 243, 1027343)     16.333          0     0     1     1
(3783, 249, 1027343)     16.333          0     0     1     1
(3253, 241, 1027343)     16.333          0     0     1     1
(3253, 241, 1027343)     18.083          0     0     1     2
(3253, 241, 1027343)     20.167          0     0     1     1
(3253, 241, 1027343)      20.25          0     0     1     1
(3253, 241, 1027343)     20.333          0     0     1     2
(3253, 241, 1027343)     22.167          0     0     1     1
(3253, 241, 1027343)     24.083          0     0     1     2
(3253, 241, 1027343)     24.167          0     0     1     1
(3253, 241, 1027343)     26.083          0     0     1     1
(3253, 241, 1027343)     28.417          0     0     1     1
(3253, 241, 1027343)       32.5          0     0     1     1
(4037, 117, 1027343)     16.333          0     0     1     1
(3565, 241, 1027343)     16.333          0     0     1     1
(3653, 241, 1027343)     16.333          0     0     1     1
(3653, 241, 1027343)     22.083          0     0     1     1
(3653, 241, 1027343)     24.083          0     0     1     1
(3653, 241, 1027343)     26.333          0     0     1     1
(3653, 241, 1027343)     32.333          0     0     1     1
(2727, 225, 1027343)     16.333          0     0     1     1
(3997, 241, 1027343)     16.417          0     0     1     1
(3109, 249, 1027343)       18.0          0     0     1     1
(3109, 249, 1027343)     18.083          0     0     1     1
(3757, 241, 1027343)       18.0          0     0     1     1
(3757, 241, 1027343)     18.083          0     0     1     1
(3757, 241, 1027343)     20.167          0     0     1     1
(3757, 241, 1027343)      22.25          0     0     1     1
(3757, 241, 1027343)     22.417          0     0     1     1
(3757, 241, 1027343)      24.25          0     0     1     1
(3757, 241, 1027343)     24.417          0     0     1     1
(3757, 241, 1027343)       24.5          0     0     0     1
(3729, 243, 1027343)       18.0          0     0     1     1
(3237, 233, 1027343)     18.083          0     0     1     1
(3121, 245, 1027343)     18.083          0     0     1     1
(3685, 241, 1027343)     18.083          0     0     1     1
(3685, 241, 1027343)     20.167          0     0     1     1
(3685, 241, 1027343)      20.25          0     0     1     1
(3685, 241, 1027343)     22.167          0     0     1     1
(3685, 241, 1027343)      24.25          0     0     1     1
(3229, 241, 1027343)     18.083          0     0     1     1
(3229, 241, 1027343)     20.333          0     0     1     1
(4021, 241, 1027343)     18.083          0     0     1     1
(4021, 241, 1027343)     18.333          0     0     1     1
(3309, 241, 1027343)     18.083          0     0     1     1
(3309, 241, 1027343)      28.25          0     0     1     1
(3973, 241, 1027343)     18.083          0     0     1     1
(3813, 185, 1027343)     18.083          0     0     1     1
(3749, 189, 1027343)     18.083          0     0     1     1
(3237, 253, 1027343)     18.167          0     0     1     1
(3237, 253, 1027343)      20.25          0     0     1     1
(3237, 253, 1027343)     24.333          0     0     1     1
(2213, 247, 1027343)     18.167          0     0     1     1
(2981, 247, 1027343)     18.167          0     0     1     1
(3317, 249, 1027343)     18.167          0     0     1     1
(3317, 249, 1027343)      20.25          0     0     1     1
(3301, 241, 1027343)     18.167          0     0     1     1
(3301, 241, 1027343)     20.167          0     0     1     1
(3301, 241, 1027343)     22.083          0     0     1     1
(3301, 241, 1027343)     22.167          0     0     1     1
(3301, 241, 1027343)     22.333          0     0     1     2
(3301, 241, 1027343)     22.583          0     0     1     1
(3301, 241, 1027343)     24.083          0     0     1     1
(3301, 241, 1027343)     26.417          0     0     1     1
(3301, 241, 1027343)     30.417          0     0     1     1
(3301, 241, 1027343)     32.583          0     0     1     1
(2693, 243, 1027343)     18.167          0     0     1     1
(3239, 241, 1027343)     18.167          0     0     1     2
(3239, 241, 1027343)     20.333          0     0     1     1
(3239, 241, 1027343)      22.25          0     0     1     1
(3239, 241, 1027343)      24.25          0     0     1     1
(3239, 241, 1027343)      28.25          0     0     1     1
(3733, 249, 1027343)     18.167          0     0     1     1
(3733, 249, 1027343)     22.167          0     0     1     1
(3733, 249, 1027343)     24.333          0     0     1     1
(3733, 249, 1027343)       24.5          0     0     1     1
(3493, 249, 1027343)     18.167          0     0     1     1
(3493, 249, 1027343)      20.25          0     0     1     2
(3753, 243, 1027343)     18.167          0     0     1     1
(3815, 117, 1027343)     18.167          0     0     1     1
(3731, 241, 1027343)     18.167          0     0     1     1
(4009, 117, 1027343)     18.167          0     0     1     1
(3237, 209, 1027343)     18.167          0     0     1     1
(3237, 209, 1027343)     20.167          0     0     1     1
(3237, 209, 1027343)      20.25          0     0     1     1
(3469, 113, 1027343)     18.167          0     0     1     1
(3757, 209, 1027343)     18.167          0     0     1     1
(3733, 209, 1027343)     18.167          0     0     1     1
(3733, 209, 1027343)      20.25          0     0     1     1
(3733, 209, 1027343)     24.417          0     0     1     1
(3733, 209, 1027343)     26.333          0     0     1     1
(3265, 225, 1027343)     18.167          0     0     1     1
(3639, 249, 1027343)      18.25          0     0     0     1
(2981, 245, 1027343)      18.25          0     0     1     1
(2981, 245, 1027343)      22.25          0     0     1     1
(2981, 245, 1027343)       22.5          0     0     1     1
(2725, 249, 1027343)      18.25          0     0     1     1
(2725, 249, 1027343)     18.333          0     0     1     1
(4005, 243, 1027343)      18.25          0     0     1     1
(4005, 243, 1027343)     22.417          0     0     1     1
(3717, 245, 1027343)      18.25          0     0     1     1
(2229, 249, 1027343)      18.25          0     0     1     1
(3237, 241, 1027343)      18.25          0     0     1     3
(3237, 241, 1027343)      20.25          0     0     1     3
(3237, 241, 1027343)     22.167          0     0     1     2
(3237, 241, 1027343)      22.25          0     0     1     2
(3237, 241, 1027343)     22.417          0     0     1     1
(3237, 241, 1027343)     24.333          0     0     1     1
(3237, 241, 1027343)     26.083          0     0     1     2
(3237, 241, 1027343)     26.167          0     0     1     2
(3237, 241, 1027343)     26.333          0     0     1     1
(3237, 241, 1027343)     26.417          0     0     1     1
(4013, 241, 1027343)      18.25          0     0     1     1
(3221, 249, 1027343)      18.25          0     0     1     1
(3221, 249, 1027343)     26.417          0     0     1     1
(3621, 249, 1027343)      18.25          0     0     1     1
(2773, 241, 1027343)      18.25          0     0     1     1
(2773, 241, 1027343)     20.417          0     0     1     1
(2773, 241, 1027343)     22.417          0     0     1     1
(3925, 241, 1027343)      18.25          0     0     1     1
(3525, 245, 1027343)      18.25          0     0     1     1
(3525, 245, 1027343)     24.167          0     0     1     1
(4005, 247, 1027343)      18.25          0     0     1     1
(3445, 249, 1027343)      18.25          0     0     1     1
(3125, 241, 1027343)      18.25          0     0     1     1
(3125, 241, 1027343)     24.167          0     0     1     1
(3125, 241, 1027343)      24.25          0     0     1     1
(3125, 241, 1027343)     26.333          0     0     1     1
(3757, 247, 1027343)      18.25          0     0     1     1
(3225, 245, 1027343)      18.25          0     0     1     1
(3749, 241, 1027343)      18.25          0     0     1     1
(3749, 241, 1027343)     18.333          0     0     1     2
(3749, 241, 1027343)     20.167          0     0     1     2
(3749, 241, 1027343)     22.167          0     0     1     2
(3749, 241, 1027343)     22.333          0     0     1     1
(3749, 241, 1027343)      24.25          0     0     1     3
(3749, 241, 1027343)     24.333          0     0     1     3
(3749, 241, 1027343)       24.5          0     0     1     1
(3749, 241, 1027343)     26.167          0     0     1     1
(3749, 241, 1027343)      26.25          0     0     1     1
(3749, 241, 1027343)     26.417          0     0     1     1
(3749, 241, 1027343)       26.5          0     0     1     2
(3749, 241, 1027343)      26.75          0     0     1     1
(3749, 241, 1027343)     28.417          0     0     1     1
(3749, 241, 1027343)     30.333          0     0     1     1
(3749, 241, 1027343)     30.417          0     0     1     1
(3557, 241, 1027343)      18.25          0     0     1     1
(3557, 241, 1027343)      24.25          0     0     1     1
(3207, 241, 1027343)      18.25          0     0     1     1
(3207, 241, 1027343)     20.083          0     0     1     1
(3207, 241, 1027343)      22.25          0     0     1     2
(3207, 241, 1027343)      26.25          0     0     0     1
(3507, 245, 1027343)      18.25          0     0     1     1
(3323, 113, 1027343)      18.25          0     0     1     1
(3763, 241, 1027343)      18.25          0     0     1     1
(3109, 225, 1027343)      18.25          0     0     1     1
(3415, 241, 1027343)      18.25          0     0     1     1
(3525, 241, 1027343)      18.25          0     0     1     1
(3735, 113, 1027343)      18.25          0     0     1     1
(4069, 245, 1027343)     18.333          0     0     1     1
(3269, 243, 1027343)     18.333          0     0     1     1
(3813, 249, 1027343)     18.333          0     0     1     1
(3813, 249, 1027343)     18.583          0     0     1     1
(3813, 249, 1027343)      20.25          0     0     1     1
(3813, 249, 1027343)      22.25          0     0     1     1
(3813, 249, 1027343)     26.417          0     0     1     1
(3975, 241, 1027343)     18.333          0     0     1     1
(3701, 243, 1027343)     18.333          0     0     0     1
(3701, 243, 1027343)     20.417          0     0     1     1
(3093, 241, 1027343)     18.333          0     0     1     1
(3093, 241, 1027343)     28.333          0     0     1     1
(3213, 225, 1027343)     18.333          0     0     1     1
(3879, 121, 1027343)     18.333          0     0     1     1
(3299, 249, 1027343)     18.417          0     0     0     1
(2741, 243, 1027343)     18.417          0     0     1     1
(2741, 243, 1027343)     28.667          0     0     1     1
(3831, 249, 1027343)     18.417          0     0     1     1
(3285, 113, 1027343)     18.417          0     0     1     1
(3205, 241, 1027343)       20.0          0     0     1     1
(3205, 241, 1027343)     20.083          0     0     1     3
(3205, 241, 1027343)     20.167          0     0     1     3
(3205, 241, 1027343)      20.25          0     0     1     1
(3205, 241, 1027343)       22.0          0     0     1     1
(3205, 241, 1027343)     22.083          0     0     1     3
(3205, 241, 1027343)     22.167          0     0     1     5
(3205, 241, 1027343)     24.083          0     0     1     5
(3205, 241, 1027343)     24.167          0     0     1     1
(3205, 241, 1027343)      24.25          0     0     1     2
(3205, 241, 1027343)     24.333          0     0     1     1
(3205, 241, 1027343)      26.25          0     0     1     1
(3205, 241, 1027343)     26.333          0     0     1     1
(3205, 241, 1027343)     28.333          0     0     1     1
(3205, 241, 1027343)     30.167          0     0     1     1
(3205, 241, 1027343)     32.333          0     0     1     2
(3205, 241, 1027343)       34.5          0     0     1     1
(3309, 249, 1027343)       20.0          0     0     1     1
(3205, 243, 1027343)       20.0          0     0     1     1
(3205, 243, 1027343)     20.417          0     0     1     1
(3205, 243, 1027343)     22.167          0     0     1     1
(3205, 243, 1027343)     22.333          0     0     1     1
(3205, 243, 1027343)     24.083          0     0     1     1
(3301, 243, 1027343)       20.0          0     0     1     1
(3301, 243, 1027343)     20.083          0     0     1     1
(3301, 243, 1027343)      20.25          0     0     1     1
(3285, 249, 1027343)     20.083          0     0     1     1
(3285, 249, 1027343)     20.333          0     0     1     1
(3285, 249, 1027343)     22.167          0     0     1     1
(3249, 245, 1027343)     20.083          0     0     1     1
(3973, 249, 1027343)     20.083          0     0     1     1
(3745, 241, 1027343)     20.083          0     0     1     1
(3745, 241, 1027343)       24.0          0     0     1     1
(3745, 241, 1027343)     26.083          0     0     1     1
(2535, 253, 1027343)     20.083          0     0     0     1
(3237, 225, 1027343)     20.083          0     0     1     1
(3589, 241, 1027343)     20.083          0     0     1     1
(3589, 241, 1027343)       24.0          0     0     1     1
(3589, 241, 1027343)      32.25          0     0     1     1
(3621, 241, 1027343)     20.083          0     0     1     1
(3621, 241, 1027343)      32.25          0     0     1     1
(3273, 241, 1027343)     20.083          0     0     1     1
(3233, 241, 1027343)     20.083          0     0     1     1
(3233, 241, 1027343)      22.25          0     0     1     1
(3763, 245, 1027343)     20.083          0     0     0     1
(3763, 245, 1027343)     22.167          0     0     1     1
(2727, 241, 1027343)     20.083          0     0     1     1
(4017, 241, 1027343)     20.083          0     0     1     1
(3477, 209, 1027343)     20.083          0     0     1     1
(3477, 209, 1027343)     20.167          0     0     1     1
(3109, 209, 1027343)     20.083          0     0     1     1
(3717, 249, 1027343)     20.167          0     0     1     1
(4005, 241, 1027343)     20.167          0     0     1     1
(4005, 241, 1027343)      20.25          0     0     1     1
(4005, 241, 1027343)      22.25          0     0     1     1
(4005, 241, 1027343)      26.25          0     0     1     1
(4005, 241, 1027343)     26.333          0     0     1     1
(2981, 241, 1027343)     20.167          0     0     1     1
(2981, 241, 1027343)      20.25          0     0     1     1
(2981, 241, 1027343)     24.333          0     0     1     1
(3237, 227, 1027343)     20.167          0     0     1     1
(3109, 241, 1027343)     20.167          0     0     1     2
(3109, 241, 1027343)     26.333          0     0     1     1
(3717, 247, 1027343)     20.167          0     0     1     1
(3789, 241, 1027343)     20.167          0     0     0     1
(3789, 241, 1027343)     22.083          0     0     1     1
(3789, 241, 1027343)     26.333          0     0     1     1
(3221, 241, 1027343)     20.167          0     0     1     1
(3221, 241, 1027343)     22.167          0     0     1     1
(3221, 209, 1027343)     20.167          0     0     1     1
(3251, 245, 1027343)     20.167          0     0     1     1
(3629, 209, 1027343)     20.167          0     0     1     1
(3121, 241, 1027343)     20.167          0     0     1     1
(4035, 125, 1027343)     20.167          0     0     1     1
(3269, 211, 1027343)     20.167          0     0     1     1
(3613, 121, 1027343)     20.167          0     0     1     1
(3725, 113, 1027343)     20.167          0     0     1     1
(2733, 241, 1027343)     20.167          0     0     1     1
(2733, 241, 1027343)      22.25          0     0     1     1
(3573, 241, 1027343)      20.25          0     0     1     1
(3045, 249, 1027343)      20.25          0     0     1     1
(3719, 225, 1027343)      20.25          0     0     1     1
(3719, 225, 1027343)     20.333          0     0     1     2
(3719, 225, 1027343)     22.583          0     0     1     1
(3113, 241, 1027343)      20.25          0     0     1     1
(3845, 241, 1027343)      20.25          0     0     1     1
(3813, 247, 1027343)      20.25          0     0     1     1
(3301, 247, 1027343)      20.25          0     0     1     1
(3655, 241, 1027343)      20.25          0     0     1     1
(3189, 121, 1027343)      20.25          0     0     1     1
(4053, 209, 1027343)      20.25          0     0     1     1
(3735, 241, 1027343)      20.25          0     0     1     1
(3493, 241, 1027343)      20.25          0     0     1     1
(3493, 241, 1027343)     22.167          0     0     1     1
(3493, 241, 1027343)     26.333          0     0     1     1
(3749, 209, 1027343)      20.25          0     0     1     1
(3749, 209, 1027343)     24.333          0     0     1     1
(3349, 185, 1027343)      20.25          0     0     1     1
(3751, 249, 1027343)     20.333          0     0     0     1
(3751, 249, 1027343)      26.25          0     0     0     1
(2743, 241, 1027343)     20.333          0     0     1     1
(2727, 245, 1027343)     20.333          0     0     1     1
(3989, 243, 1027343)     20.333          0     0     1     1
(3973, 243, 1027343)     20.333          0     0     1     1
(3829, 241, 1027343)     20.333          0     0     1     1
(3829, 241, 1027343)       22.5          0     0     1     1
(3829, 241, 1027343)       24.5          0     0     1     1
(3987, 253, 1027343)     20.333          0     0     1     1
(2709, 243, 1027343)     20.333          0     0     1     1
(3509, 241, 1027343)     20.333          0     0     1     1
(3239, 245, 1027343)     20.333          0     0     1     1
(3655, 225, 1027343)     20.333          0     0     1     1
(3205, 115, 1027343)     20.333          0     0     1     1
(3653, 243, 1027343)     20.333          0     0     0     1
(3719, 233, 1027343)     20.333          0     0     1     1
(3621, 179, 1027343)     20.333          0     0     1     1
(3677, 113, 1027343)     20.333          0     0     1     1
(3547, 125, 1027343)     20.333          0     0     1     1
(4039, 113, 1027343)     20.333          0     0     1     1
(3685, 185, 1027343)     20.333          0     0     1     1
(3757, 181, 1027343)     20.333          0     0     1     1
(3221, 227, 1027343)     20.417          0     0     0     1
(2965, 243, 1027343)     20.417          0     0     1     1
(2293, 243, 1027343)     20.417          0     0     1     1
(3781, 113, 1027343)     20.417          0     0     1     1
(3573, 243, 1027343)       20.5          0     0     0     1
(3239, 249, 1027343)       20.5          0     0     1     1
(3239, 249, 1027343)     22.333          0     0     1     1
(3239, 249, 1027343)     24.167          0     0     1     1
(2917, 241, 1027343)       22.0          0     0     1     1
(3397, 241, 1027343)       22.0          0     0     1     1
(3397, 241, 1027343)      26.25          0     0     1     1
(3397, 241, 1027343)      30.25          0     0     1     1
(2693, 241, 1027343)     22.083          0     0     1     1
(2693, 241, 1027343)     28.167          0     0     1     1
(2693, 241, 1027343)      28.25          0     0     0     1
(3485, 241, 1027343)     22.083          0     0     1     1
(3713, 241, 1027343)     22.083          0     0     1     1
(3713, 241, 1027343)     30.333          0     0     1     1
(3237, 251, 1027343)     22.083          0     0     1     1
(3237, 251, 1027343)       22.5          0     0     1     1
(3189, 241, 1027343)     22.083          0     0     1     1
(4045, 241, 1027343)     22.083          0     0     0     1
(3619, 241, 1027343)     22.083          0     0     1     1
(3445, 241, 1027343)     22.083          0     0     1     1
(2791, 241, 1027343)     22.083          0     0     1     1
(3977, 177, 1027343)     22.083          0     0     1     1
(3815, 177, 1027343)     22.083          0     0     1     1
(3223, 249, 1027343)     22.167          0     0     1     1
(3797, 253, 1027343)     22.167          0     0     1     1
(3797, 253, 1027343)     24.333          0     0     1     1
(3285, 253, 1027343)     22.167          0     0     1     1
(3747, 249, 1027343)     22.167          0     0     1     1
(3751, 237, 1027343)     22.167          0     0     1     1
(3821, 241, 1027343)     22.167          0     0     1     1
(3143, 241, 1027343)     22.167          0     0     1     1
(2807, 241, 1027343)     22.167          0     0     1     1
(3781, 177, 1027343)     22.167          0     0     1     1
(3589, 179, 1027343)     22.167          0     0     1     1
(3265, 241, 1027343)     22.167          0     0     1     1
(3265, 241, 1027343)     22.417          0     0     1     1
(3265, 241, 1027343)      24.25          0     0     1     1
(2661, 245, 1027343)     22.167          0     0     1     1
(3535, 121, 1027343)     22.167          0     0     1     1
(3781, 49, 1027343)      22.167          0     0     1     1
(4069, 249, 1027343)      22.25          0     0     1     1
(3753, 245, 1027343)      22.25          0     0     1     1
(3605, 245, 1027343)      22.25          0     0     1     1
(3749, 245, 1027343)      22.25          0     0     1     1
(3749, 245, 1027343)     28.167          0     0     1     1
(3477, 241, 1027343)      22.25          0     0     0     1
(2213, 243, 1027343)      22.25          0     0     1     1
(3237, 177, 1027343)      22.25          0     0     1     1
(3765, 185, 1027343)      22.25          0     0     1     1
(2725, 243, 1027343)      22.25          0     0     1     1
(2725, 243, 1027343)     26.417          0     0     1     1
(3833, 241, 1027343)      22.25          0     0     1     1
(3301, 209, 1027343)      22.25          0     0     1     1
(2789, 241, 1027343)      22.25          0     0     1     1
(2789, 241, 1027343)      26.25          0     0     1     1
(2789, 241, 1027343)       28.5          0     0     1     1
(3733, 177, 1027343)      22.25          0     0     1     1
(3269, 117, 1027343)      22.25          0     0     0     1
(3781, 117, 1027343)      22.25          0     0     1     1
(3749, 177, 1027343)      22.25          0     0     1     1
(3653, 81, 1027343)       22.25          0     0     1     1
(3205, 249, 1027343)     22.333          0     0     1     1
(2981, 253, 1027343)     22.333          0     0     1     1
(3237, 245, 1027343)     22.333          0     0     1     1
(2789, 253, 1027343)     22.333          0     0     1     1
(3757, 249, 1027343)     22.333          0     0     1     1
(3757, 249, 1027343)     26.333          0     0     1     1
(3719, 249, 1027343)     22.333          0     0     1     1
(3719, 249, 1027343)     22.417          0     0     1     1
(3909, 249, 1027343)     22.333          0     0     1     1
(3219, 253, 1027343)     22.333          0     0     1     1
(3213, 113, 1027343)     22.333          0     0     1     2
(3721, 119, 1027343)     22.333          0     0     1     1
(2695, 225, 1027343)     22.333          0     0     1     1
(3187, 113, 1027343)     22.333          0     0     1     1
(2741, 241, 1027343)     22.417          0     0     1     1
(2741, 241, 1027343)      26.25          0     0     0     1
(3157, 243, 1027343)     22.417          0     0     1     1
(3725, 249, 1027343)     22.417          0     0     1     1
(3725, 249, 1027343)       26.5          0     0     1     1
(3261, 249, 1027343)     22.417          0     0     1     1
(3267, 249, 1027343)     22.417          0     0     1     1
(2725, 241, 1027343)     22.417          0     0     1     1
(2725, 241, 1027343)      26.25          0     0     1     1
(2725, 241, 1027343)     28.083          0     0     1     1
(2725, 241, 1027343)     30.167          0     0     1     1
(2773, 209, 1027343)     22.417          0     0     1     1
(2757, 241, 1027343)     22.417          0     0     1     1
(2757, 241, 1027343)      26.25          0     0     1     1
(2743, 249, 1027343)     22.417          0     0     1     1
(3271, 241, 1027343)     22.417          0     0     1     1
(3271, 241, 1027343)       24.5          0     0     1     1
(3271, 241, 1027343)     28.333          0     0     1     1
(3741, 241, 1027343)     22.417          0     0     1     1
(3299, 225, 1027343)     22.417          0     0     1     1
(3557, 185, 1027343)     22.417          0     0     1     1
(3805, 113, 1027343)     22.417          0     0     1     1
(3739, 253, 1027343)       22.5          0     0     1     1
(3269, 113, 1027343)       22.5          0     0     1     1
(3269, 113, 1027343)       24.5          0     0     1     1
(3211, 225, 1027343)     24.083          0     0     1     1
(3877, 245, 1027343)     24.083          0     0     1     1
(3285, 209, 1027343)     24.083          0     0     1     1
(2629, 177, 1027343)     24.083          0     0     1     1
(3653, 227, 1027343)     24.083          0     0     1     1
(3205, 177, 1027343)     24.083          0     0     1     1
(3205, 177, 1027343)     24.167          0     0     1     1
(3205, 177, 1027343)     28.333          0     0     1     1
(3265, 161, 1027343)     24.083          0     0     1     1
(3201, 241, 1027343)     24.167          0     0     1     1
(3201, 241, 1027343)     30.167          0     0     1     1
(3205, 225, 1027343)     24.167          0     0     1     1
(3673, 113, 1027343)     24.167          0     0     1     1
(3971, 241, 1027343)     24.167          0     0     1     1
(3235, 241, 1027343)     24.167          0     0     1     1
(3715, 241, 1027343)     24.167          0     0     0     1
(3715, 241, 1027343)       26.0          0     0     1     1
(3749, 185, 1027343)     24.167          0     0     1     1
(3265, 209, 1027343)     24.167          0     0     1     1
(3605, 241, 1027343)      24.25          0     0     1     1
(3245, 249, 1027343)      24.25          0     0     1     1
(2717, 241, 1027343)      24.25          0     0     1     1
(2717, 241, 1027343)     24.333          0     0     1     1
(2717, 241, 1027343)     24.417          0     0     1     1
(3223, 241, 1027343)      24.25          0     0     0     1
(3223, 241, 1027343)     24.333          0     0     1     1
(3623, 97, 1027343)       24.25          0     0     1     1
(4007, 189, 1027343)      24.25          0     0     1     1
(2229, 241, 1027343)      24.25          0     0     1     1
(3317, 241, 1027343)      24.25          0     0     1     1
(3317, 241, 1027343)       26.5          0     0     1     1
(3093, 209, 1027343)      24.25          0     0     1     1
(3171, 97, 1027343)       24.25          0     0     1     1
(3269, 209, 1027343)      24.25          0     0     1     1
(2691, 241, 1027343)      24.25          0     0     0     1
(3177, 241, 1027343)      24.25          0     0     1     1
(2501, 117, 1027343)      24.25          0     0     1     1
(3271, 113, 1027343)      24.25          0     0     0     1
(2789, 113, 1027343)      24.25          0     0     1     1
(3817, 241, 1027343)     24.333          0     0     1     1
(3817, 241, 1027343)       34.5          0     0     1     1
(4065, 225, 1027343)     24.333          0     0     1     1
(3477, 113, 1027343)     24.333          0     0     1     1
(3297, 241, 1027343)     24.333          0     0     1     1
(3297, 241, 1027343)      26.25          0     0     1     1
(4057, 117, 1027343)     24.333          0     0     1     1
(3525, 117, 1027343)     24.417          0     0     1     1
(3349, 241, 1027343)     24.417          0     0     1     1
(3209, 241, 1027343)     24.417          0     0     1     1
(3209, 241, 1027343)     26.167          0     0     1     1
(4021, 177, 1027343)     24.417          0     0     1     1
(3493, 117, 1027343)     24.417          0     0     1     1
(3237, 113, 1027343)     24.417          0     0     1     1
(3237, 119, 1027343)       24.5          0     0     1     1
(3483, 125, 1027343)       24.5          0     0     1     1
(2517, 249, 1027343)     24.583          0     0     1     1
(3825, 241, 1027343)     24.583          0     0     1     1
(3253, 245, 1027343)     24.583          0     0     1     1
(3789, 243, 1027343)      24.75          0     0     1     1
(3267, 241, 1027343)       26.0          0     0     1     1
(3201, 225, 1027343)     26.083          0     0     1     1
(3201, 225, 1027343)     28.083          0     0     1     1
(3201, 225, 1027343)     30.417          0     0     1     1
(3789, 113, 1027343)     26.083          0     0     1     1
(1221, 241, 1027343)     26.167          0     0     0     1
(3431, 249, 1027343)     26.167          0     0     1     1
(3207, 225, 1027343)     26.167          0     0     1     1
(3165, 113, 1027343)     26.167          0     0     1     1
(3137, 241, 1027343)     26.167          0     0     1     1
(3137, 241, 1027343)       30.5          0     0     1     1
(4057, 121, 1027343)     26.167          0     0     1     1
(3661, 209, 1027343)     26.167          0     0     1     1
(3287, 241, 1027343)     26.167          0     0     1     1
(3205, 113, 1027343)     26.167          0     0     1     1
(3205, 113, 1027343)      26.25          0     0     1     1
(3981, 253, 1027343)      26.25          0     0     1     1
(3413, 241, 1027343)      26.25          0     0     1     1
(3221, 245, 1027343)      26.25          0     0     1     1
(4013, 249, 1027343)      26.25          0     0     1     1
(3351, 237, 1027343)      26.25          0     0     1     1
(3461, 241, 1027343)      26.25          0     0     1     1
(3251, 241, 1027343)      26.25          0     0     1     1
(3045, 241, 1027343)      26.25          0     0     1     1
(3905, 241, 1027343)      26.25          0     0     1     1
(3853, 113, 1027343)      26.25          0     0     1     1
(3913, 113, 1027343)      26.25          0     0     1     1
(3747, 177, 1027343)      26.25          0     0     1     1
(3873, 241, 1027343)     26.333          0     0     1     1
(2733, 249, 1027343)     26.333          0     0     0     1
(3207, 249, 1027343)     26.333          0     0     1     1
(3761, 241, 1027343)     26.333          0     0     1     1
(3761, 241, 1027343)     26.417          0     0     1     1
(3981, 241, 1027343)     26.333          0     0     1     1
(3989, 113, 1027343)     26.333          0     0     1     1
(3715, 117, 1027343)     26.333          0     0     1     1
(2981, 249, 1027343)     26.417          0     0     1     1
(2807, 245, 1027343)     26.417          0     0     1     1
(3077, 241, 1027343)     26.417          0     0     1     1
(4033, 241, 1027343)     26.417          0     0     1     1
(4033, 241, 1027343)     28.333          0     0     1     1
(3221, 113, 1027343)     26.417          0     0     1     1
(3817, 253, 1027343)       26.5          0     0     1     1
(2197, 241, 1027343)       26.5          0     0     1     1
(3463, 117, 1027343)       26.5          0     0     1     1
(3893, 241, 1027343)     26.583          0     0     1     1
(3533, 113, 1027343)     26.583          0     0     1     1
(3621, 233, 1027343)     26.667          0     0     1     1
(3079, 241, 1027343)     28.083          0     0     1     1
(3217, 241, 1027343)     28.167          0     0     1     1
(2759, 241, 1027343)      28.25          0     0     0     1
(2709, 241, 1027343)      28.25          0     0     1     1
(2709, 241, 1027343)     32.333          0     0     1     1
(2765, 113, 1027343)      28.25          0     0     0     1
(3233, 177, 1027343)      28.25          0     0     1     1
(3209, 177, 1027343)      28.25          0     0     1     1
(3811, 249, 1027343)     28.333          0     0     1     1
(3397, 225, 1027343)     28.333          0     0     1     1
(3045, 245, 1027343)     28.333          0     0     1     1
(3837, 245, 1027343)     28.333          0     0     1     1
(3141, 209, 1027343)     28.333          0     0     1     1
(4037, 113, 1027343)     28.333          0     0     1     1
(3301, 177, 1027343)     28.333          0     0     1     1
(2213, 253, 1027343)     28.417          0     0     1     1
(3241, 241, 1027343)     28.417          0     0     1     1
(3327, 125, 1027343)     28.417          0     0     1     1
(2901, 241, 1027343)     28.417          0     0     1     1
(2745, 241, 1027343)     28.417          0     0     1     1
(3303, 241, 1027343)     28.417          0     0     1     1
(2701, 241, 1027343)       28.5          0     0     1     1
(3751, 241, 1027343)     28.583          0     0     0     1
(4051, 113, 1027343)     28.583          0     0     1     1
(3073, 241, 1027343)       30.0          0     0     1     1
(2277, 249, 1027343)      30.25          0     0     1     1
(3317, 121, 1027343)      30.25          0     0     1     1
(3719, 113, 1027343)     30.333          0     0     0     1
(3813, 245, 1027343)     30.417          0     0     1     1
(3299, 245, 1027343)     30.417          0     0     0     1
(3205, 209, 1027343)       30.5          0     0     1     1
(3969, 225, 1027343)       30.5          0     0     1     1
(2697, 177, 1027343)       30.5          0     0     1     1
(3957, 249, 1027343)     30.583          0     0     1     1
(3781, 245, 1027343)     30.667          0     0     1     1
(4005, 113, 1027343)     32.083          0     0     1     1
(3863, 241, 1027343)      32.25          0     0     1     1
(2229, 251, 1027343)     32.333          0     0     0     1
(3203, 227, 1027343)     32.333          0     0     1     1
(3777, 241, 1027343)       32.5          0     0     1     1
(3245, 121, 1027343)      34.25          0     0     1     1
(3111, 241, 1027343)     34.417          0     0     1     1
(3671, 241, 1027343)      36.25          0     0     1     1
(3205, 217, 1027343)     38.417          0     0     1     1
(2243, 113, 1027343)       40.5          0     0     1     1
